,0,1,2,3,4
0,243.55389682943166,17.40919689123196,2066.870310251022,37.44587860814907,3.000458344275606
1,-20.334225590514606,-1.3687957314806534,-169.72768066326938,-3.143111979075054,0.18237516717931612
2,60.48382348503945,4.14086232663644,510.3025950270508,8.708537246312535,0.841223930887923
3,166.72817667849202,10.32342608378269,1412.3416475427582,27.340356792253747,0.527303255560807
4,137.59671162002525,10.346179234750796,1177.05635942257,20.592301183370648,2.8139225315304315
5,245.1408752792395,15.870096688017865,2074.7821735994125,38.275562733590185,3.213548000002738
6,213.38143879015504,14.467174232480822,1811.692804974037,33.41180010564736,2.9028061434272656
7,266.7618658879475,16.518686341027145,2257.152477204649,40.821275842924926,2.5431666334417202
8,215.02338473340205,15.4157310116248,1836.1626286773903,33.39035524284598,3.735234272693533
9,33.004576316500575,3.1019387559526033,284.4665695236225,4.3836352372223235,0.8961781326750113
10,203.52016586333784,14.079517416197668,1727.4974492452543,32.57384481472982,1.7419809742368524
11,37.86837027113063,2.1503682059867293,312.9986272907356,6.519446629600622,0.5431423433803997
12,94.25847355325544,6.220688443282163,801.3305042744665,14.591489366465346,1.215922763402617
13,213.19451967673,13.525349808388818,1805.3661650725833,33.426687303129754,3.5526218613383835
14,132.33314680411388,9.944771167896928,1134.7503606971607,20.742689620108536,1.7086259367135481
15,38.629858300874105,4.276020697328507,337.8212245948388,4.694820472798624,1.1653859059497682
16,55.83544462414834,2.2580205085385003,463.274238022311,7.905009597704704,0.6230094077630555
17,202.3045133387186,12.253684715259014,1712.011846017517,31.836539906783116,2.828556291992746
18,122.17867075727153,7.334760534956243,1035.7955866545358,19.936971662609427,0.4500741620738524
19,206.11271488975544,12.943351504056114,1743.7703607771439,32.3053691694,2.3775695926411986
20,168.7248185595618,11.702289238056084,1433.0812748339201,26.95737663777336,1.5709436151007994
21,334.97788829448973,21.822132436479716,2843.677299135268,51.856452743086635,3.6111355641200187
22,143.86233045343494,8.82477476607853,1215.7426402932715,23.77135731045398,0.9868850611225013
23,40.184781190323555,1.178366440938249,331.9107187919878,5.871557365123859,1.2065844067979414
24,123.20940815770821,8.645635243961332,1051.0776940015505,19.001181186395023,2.1120435032668645
25,65.96834023357343,4.905363414099087,564.6292896873802,10.425193289884131,1.301490892960822
26,160.34127545195477,7.876799298607811,1349.8962814519757,25.926978884995606,1.2559194482381941
27,157.792852178066,10.386613296420968,1336.461157297192,24.002309827374848,3.448302879531567
28,29.517895866963272,3.0553042840735776,254.8948948809058,4.810013731670242,0.8772061485942491
29,327.2718875168627,22.825262677219985,2786.792960493237,51.70293743631221,3.7894184480592252
30,140.1164161623565,7.810659756454793,1178.9968652526659,21.829694916586924,0.48550077412099135
31,118.98552877466642,11.293705161561192,1022.776906642161,18.660268918953882,2.2576490703762824
32,183.98372752674973,10.947498250948284,1560.7004409049919,29.49071428860957,1.7468473489457672
33,324.4081561503121,20.56087932953222,2746.1048767162238,50.80857500818103,3.1482574324715022
34,184.81567538589198,13.23224638068216,1570.3184179182037,28.710433864194854,2.3558734210602004
35,369.52107844750424,25.580888569400802,3138.7329749801597,59.132648879642225,3.8149743693028784
36,166.95310340897922,11.66983055248619,1422.037761749352,25.887170740212166,2.299157941982066
37,203.90580724156945,12.478105127215187,1729.2145902806212,31.591953084126786,3.095245251252243
38,102.19408984233627,8.159408887971852,876.8916062024824,14.46025923833147,2.1718930676893304
39,42.22256180551716,3.461350746262713,360.5282197668611,7.20725198273989,0.055537445516812056
40,336.88747926002924,21.996835273630534,2856.8632350516605,53.33159074078164,3.9499190119170966
41,240.25101623221974,15.994600939074312,2034.2366211860437,38.15974256306954,2.701308203423644
42,244.16902976037932,16.49661490065076,2073.080265512286,37.90335196952865,3.7070362462458992
43,8.371739026367553,1.2471059157427224,71.67980373381667,1.8907725348328885,0.27759285750528884
44,85.43326797777893,6.113389994968725,729.5946237786014,13.995966891270786,1.4295099907019142
45,226.9813781983257,15.778685851474458,1933.6747012476596,35.19956016533877,2.6456489661965414
46,62.03706131645504,5.840702005188108,534.5903193748643,9.495397050031865,0.8047968314035154
47,3.4157925286935384,-0.07797322620044297,33.386335217035125,0.8891969945458433,0.01941654733667475
48,185.34878807926464,11.63132520029969,1573.5813107450415,29.279128876496394,3.323167851421501
49,219.09987442621622,13.826021885055697,1852.5797597167677,34.02501488616475,2.1666248586984236
50,311.5896760279489,21.489015682145048,2650.918093307462,48.35491774486389,3.8757954467419378
51,211.06751298364944,13.432993862055408,1790.2021753039749,33.33098001980241,1.7575752013252521
52,-17.19875125558003,-2.7653989272034476,-151.7601321978613,-2.8146032130043768,0.10224118222769984
53,204.71474629167503,14.69732636866183,1740.1217242697523,31.94919766618467,3.049857418348981
54,317.34966838748545,19.995525159742137,2695.027257726218,49.25721276310156,3.6322287289646793
55,294.9805508052189,22.06597375809918,2512.026475017598,45.389181398586466,3.331004671671585
56,101.2460713453214,6.256426663448817,858.0481367247817,15.673985838573007,1.1487099694324985
57,258.8217322296846,17.102860150867514,2195.833690984266,40.512247219013986,2.2445376934456784
58,140.78566194234466,6.8714108938786715,1185.1755363141565,22.013103845378666,0.482501095789702
59,8.74872907782383,1.6992390848547985,78.68931175198844,0.9896121145504653,0.37016815868389896
60,190.90851653722183,13.671205946436627,1627.621566616318,29.491480617618528,2.758165879243287
61,187.27733264423256,14.730912580206965,1600.1233974485563,28.871986432556923,1.7827696883006623
62,241.10323086710613,14.73190570509432,2040.7603785494518,37.61730463741929,2.795893008333231
63,90.71221548023668,5.208073288035552,759.6837373975168,14.01256210350356,0.17487854095855182
64,27.217225268386354,1.83541704083342,231.77381246070485,4.329155849681761,0.5709633545380375
65,125.00122250462007,7.654661018497546,1064.121001055534,20.54172858928151,1.1829720600840288
66,174.21451406802072,9.489052175792464,1467.5628625417646,28.030136275976577,2.1102082511427147
67,186.14660157733243,12.32005593501174,1574.763094782292,29.26410547893668,2.274415012895924
68,224.62767191086635,12.746162192436751,1894.7415887743787,34.97290745609337,2.836700539881199
69,119.50449336595638,8.965129821006311,1021.4806026736072,18.607532247098483,1.4465604683458868
70,88.38842621661276,5.135999642003426,743.0242875804521,15.170434536499597,0.8593842159405316
71,133.13016894852015,8.9316210379051,1124.9544470367605,20.175208470083724,2.941320985754631
72,192.538669677399,9.93605581437659,1620.1207542041557,28.89796275589659,3.3554545866010845
73,216.4395766452094,13.819632214744278,1841.29496971103,34.58407052652527,1.9608523635744035
74,370.8878027085462,23.156085585280895,3143.302406369643,58.43657720496791,3.9891708001038566
75,352.7112186275557,23.241028703598175,2990.0934180800114,54.88339849995973,3.876701822232978
76,237.32636858111036,17.74352118340349,2020.7615430906235,37.73940458468662,2.636325864541356
77,185.48779299702775,12.984022546343402,1572.7117102348716,28.62711498629649,2.504055039527834
78,65.74954078308889,3.5691616433131834,555.655368853493,10.658760530359428,0.7136150406633672
79,179.44654732197262,12.40052735919103,1522.9336542936328,28.260837173561544,2.439578036648666
80,279.1432015313108,17.694526655193997,2360.289085211969,44.28119899975223,2.931050937354192
81,124.38388626166666,9.278537171339195,1064.5578143919674,19.252299598971614,1.9453456834347818
82,299.3664185866162,20.646892075914533,2545.995504909869,45.70983468175961,3.842677219342954
83,90.45684643922257,7.585790256624292,774.9019549376104,12.199258570481817,2.728489742506163
84,167.28182692917818,12.144847056688473,1429.6625513351564,25.491203357579607,2.274371459207522
85,253.34366840908064,17.108509038945357,2149.2448194984213,39.511740743313936,3.6335979969744376
86,242.11096801188918,13.721862520962055,2043.7209769488468,37.93460472858753,2.9591342001168566
87,382.12441183558207,25.708425322388994,3245.7318701765385,60.06633318549245,3.860830009635798
88,271.6556394403647,16.294168181684796,2298.3302670230687,42.65641988151438,2.7948279980173893
89,406.68425989674745,26.315406323056674,3444.5001617713788,63.83627485013126,3.9291422532403466
90,305.87988783363994,20.86192694125112,2599.202804266977,47.885985912522,3.7713967235388988
91,282.8097461926529,19.342484618236863,2406.323334220521,44.887193720698455,3.4522480710735937
92,47.59231588676213,4.18270682675151,411.384795963156,8.764290977911456,0.6150127013617062
93,242.36780927348536,16.669445566111143,2065.226404518137,37.89351485833185,2.3454966013786733
94,390.2571937358693,24.463449309089256,3305.230555193832,61.92397584787557,3.975273714776765
95,272.4563602028811,17.26400373776815,2311.0098903287458,42.10625682412061,3.6744905235190166
96,268.50484092001443,18.271204161793307,2279.7928450393074,40.31241025367247,3.832991134418947
97,282.89867655415037,19.37424870469276,2402.3574020341853,44.00204346146214,3.97921207330979
98,-36.4569079241522,-2.7319446373880303,-309.8806975921747,-6.4865455893343045,0.44863242840526674
99,285.35506747137174,18.70499800167866,2422.464020398711,45.4969395812947,3.122156129554492
100,287.4610745745411,20.884104936391527,2445.559297426082,44.88938616290205,3.6589024435341106
101,87.51917320730493,3.815183523102448,729.5094447319613,14.00373992342608,0.18681224696230414
102,173.3764048501227,10.726937831886378,1468.746752074093,27.52144604788121,1.4450020975370923
103,127.54953834136545,9.378311740084078,1085.0812444519042,19.885430194718552,1.9131511964884655
104,116.82894728951099,9.004617747161507,1002.9224835767743,17.601629882466316,2.529130362778542
105,114.16049038914473,9.169464458219181,976.3202724035854,17.252442661975337,1.3920962053193588
106,124.4489887521031,9.555489765914666,1063.994648995351,20.471190484962012,0.5368624441176695
107,295.9188127036087,21.626950483637657,2517.803203400054,46.99110418894401,3.4832524837248378
108,277.377860631248,19.566678294101308,2363.8852684893955,43.1501840856486,3.7167716409495326
109,230.14457042824907,18.373256189748755,1967.847512391403,36.21675404563847,2.8114027543347575
110,132.29902697590592,8.19299067532131,1121.173390946138,21.21205752347741,0.8549153924860011
111,301.31201477343654,18.893404785011736,2547.9304618689985,47.94377750633986,3.0805833289720943
112,110.6374701141099,8.528335099913717,940.5436438873994,15.543498576984774,3.1778659576850177
113,72.15889351410618,4.818204901518283,609.5202627583337,11.979254569961952,1.0258813479128075
114,88.0335067974394,5.6153491292271855,747.7969930384525,14.615693400598724,1.266177420824948
115,94.35927792854626,8.900776225944238,811.2427312280154,15.596811934123993,1.8002521919662628
116,228.34935061413876,15.469467882624267,1940.915068693248,35.80968760083076,2.836097096200715
117,99.8563471445838,6.828033082351613,846.0683670558687,15.056262915997698,1.8064071671945152
118,115.54680335910386,7.427233880897141,983.5268225476609,18.242324242500732,1.4830136146142356
119,194.85502508196342,13.034483990807141,1652.9487110763903,30.50304822036426,2.2900182733701415
120,375.18648568034655,24.142280675545198,3177.777454863248,58.522810537464046,3.926206513185884
121,71.73340685752798,6.593230440338643,614.5869707560036,11.420842184956298,0.548658693428465
122,180.09828224473176,13.160046481014305,1535.1904481910594,28.197576030494318,3.002986059703293
123,269.61936111927497,17.17057480788083,2284.2368919002724,41.949508917900786,3.360411870684504
124,49.99186732497826,3.7695751503465953,425.5614866183066,8.28905334110412,0.909160173810144
125,112.80886372222946,7.206176352119018,951.6957227148112,16.321445231464274,1.8434638474273606
126,309.36574907249855,19.11157948485202,2619.4935879682644,49.15075291495106,3.528080389785094
127,64.22899596275049,4.837144550564634,545.0759202245139,9.320199372745652,1.110048565570906
128,134.98274983999374,6.993261825370126,1132.7220267788457,21.824351419010966,0.5533567694749126
129,50.93717407873632,4.166807967185934,433.3286988566195,7.683335951761715,0.5459603471426311
130,78.91565464695927,5.772553276535065,675.1802330033433,11.670284090057207,1.487782734141962
131,218.78555332413518,14.648948393011185,1854.3856642553646,33.653391135347576,2.531119251495995
132,296.69090048235984,18.698176686595012,2512.3725880769393,46.95045477306086,3.4647095092851887
133,262.95259634250084,14.662987813020653,2216.792843538855,41.52929253957239,2.7120168348113975
134,115.455711792785,7.752047334145463,978.1730780631584,17.653854447782848,1.9723072231361178
135,301.8937949938269,22.388794549290903,2571.6279514067546,47.78896566967686,2.667888866392638
136,232.85508774509674,16.904898471525065,1984.1135956609035,37.04687776535313,3.246025530002823
137,8.069294289513236,1.049982973837999,68.77844558474426,1.092374800600514,0.6313385450677096
138,195.63435904304617,12.80140164780536,1664.0991302627694,31.374877263250657,2.035349390988489
139,5.552783536444698,0.8966457961041199,51.02615661029954,0.06444084411110484,0.36567474636532094
140,70.93962357021411,5.613814191897557,603.069139527386,10.683962232924682,1.6977773615675757
141,334.2547210378221,23.365213495082212,2843.176313713156,53.703019098684265,3.9204268817975763
142,164.2599319066763,12.417414284584073,1401.409068587268,25.916239814308675,1.9240609570421099
143,260.7597794327918,15.907063994374123,2207.0198918616284,40.36681123941733,2.1149072859798057
144,297.9751517248381,18.805297854110524,2519.6293253106483,46.19733834482112,3.5358528936530744
145,264.99852031616433,16.71574320576251,2245.698875631188,42.2348247544955,2.984419800887071
146,69.65704967189421,5.319400094004213,588.4576526801931,10.668320198308507,0.5593524593364161
147,7.237019873536392,3.5432403485019495,77.19152282012996,0.9081549819115171,0.0481311765255894
148,296.90858443510047,20.10799950076538,2521.579788181522,45.668519993873204,3.7355546363746233
149,210.89296191330166,13.564179140798137,1789.614148187535,33.188954722685956,2.3128811476489672
150,269.51384646947497,18.53802579600752,2293.8028272496827,42.26739385931532,3.4636303532416135
151,156.27212957449663,9.539558413845242,1320.7757668151157,23.81000325966895,1.668628797510197
152,261.0556926618513,17.33110207492877,2212.001627845564,40.32999811547447,3.8892830407229293
153,147.76957884033627,8.572642443739905,1250.5420333871543,23.179122248501972,1.814405674062784
154,30.77445126919728,4.036105641899796,270.3233972061215,4.727791616949293,0.9188774045533621
155,46.51703199959143,1.8789556104444003,385.50596603236113,7.150992571657957,1.4227079253857098
156,197.96514104555905,14.511359498074974,1690.2216524844714,30.779374005316427,2.8175137239281205
157,232.30441014292245,17.69267276360424,1983.9007746968527,35.807585427848196,3.4337138900421884
158,221.15766379331515,13.942745028728982,1868.395101510864,34.52855161241515,2.424503036806193
159,159.98608190127837,11.079556200768586,1356.0486728096769,24.960548619245017,1.353733323490903
160,-111.61795994082246,-7.0548030797070655,-941.7882573699897,-17.76560338672828,0.15021274524554729
161,107.08482902490536,6.404544637548183,901.5436612746615,16.041227703898628,1.5454028731121734
162,222.52246975320753,14.855082121279084,1884.6640236617952,34.62851990435092,2.627469900695737
163,38.37595349564419,3.869788980649691,338.15738591822964,5.233493242087219,0.7517528474768356
164,41.26244160541138,3.5142372469720797,355.4655523916486,7.144634239459215,0.26847576328495837
165,184.40596366595824,11.07914696914375,1563.2396549875202,28.90705994915266,2.0656200197645744
166,137.98763567724663,9.619788815828166,1169.8699211146782,21.28567016905475,2.342978558755923
167,153.14737894920012,8.09971636412365,1290.2326679327455,24.22260519254149,1.5166880358612431
168,62.354348706382595,2.266369901617062,520.2983153665043,9.221572426296348,0.9240170418032609
169,233.97721579232802,16.448907639397788,1992.1024365591306,35.71384500185328,3.981025581901954
170,393.3888256093253,26.132483019122077,3330.1360147178016,62.11161644220717,3.9593781692575685
171,159.57518896149256,10.98921726730794,1354.5017892384956,24.798383823848773,2.4960971667177247
172,-38.043891362588695,-3.3517775500588742,-325.31839969946134,-5.617696925520169,0.5589666682956369
173,245.09943722003368,16.007879435544265,2074.9554931402126,37.754209898464076,2.63383691525218
174,127.73519421460412,8.508058989353007,1086.5254974447862,19.897922076118704,1.073931569137978
175,100.80740875849214,7.500055815977568,862.6951522256552,15.498554686810248,1.7307645792776176
176,96.57979744936375,6.741485100219502,819.7731541386813,15.081102481392893,1.5028516924367126
177,141.90789598030506,10.273690059956241,1210.4155847550292,21.387482652505636,1.895243439509784
178,368.0838529881431,24.375452525215398,3126.6800330339115,57.79662245999547,3.4694413983194106
179,157.59132617808103,8.53180866435898,1326.5256415191657,23.617877021974724,1.8235997755387494
180,380.5637866586721,25.324644999242576,3235.3934326600697,60.332475867472105,3.6588886965708554
181,76.43523036755099,7.459171169449213,656.3793837535378,12.278179676305891,0.5208497482099279
182,78.81388675292956,5.1007424847322,669.5104971485879,12.216636828641974,0.8877242927974542
183,200.278240747765,12.951800467919178,1695.5059095755587,31.848640593138544,2.049816951238104
184,94.6772932248194,5.832091775385073,801.1422409196884,15.352928154712465,1.2503074165694823
185,20.58710138584794,-0.3508272935302488,166.1774905052316,2.261104141896527,0.5533758267758873
186,172.79865641486336,10.779576149046177,1465.7386647137716,27.01758796828568,2.0434983618963707
187,149.8447165792427,8.02432100292151,1267.2571343695824,24.203178768093643,0.623432117581086
188,234.73134826057478,16.32389052576009,1997.0600381335435,36.584133973035634,3.8535329966016807
189,90.4119997846901,3.9580099741014645,756.2132020248813,14.423382621327363,1.076402996804417
190,42.65901425170368,3.1896850708477142,365.950955718197,6.513680335710421,1.9386467486821708
191,238.75110827167202,15.748232929221253,2026.430605231816,37.821211335503556,2.297464987851294
192,267.00161809344763,17.937526116113887,2263.9552523895295,43.13902523017298,2.8499863383876196
193,137.2422235103055,10.725376342423663,1169.4894504263175,21.155977909206413,2.0725842312960188
194,44.36724625411006,2.1837247489453153,370.1952171455517,6.229638209928929,0.3846224285697488
195,383.3430379506075,25.738497300239477,3252.7821431207867,60.38096475245761,3.723249357483084
196,68.89545762937745,4.136696263617468,585.4766942490714,10.618814418120047,0.9512655702061195
197,199.7571910293186,15.459206887156768,1701.2954600118762,31.01842844246231,3.246985135454772
198,167.46690503471316,13.030501961280203,1429.5284686236735,26.06080454005346,1.9508060822470794
199,245.07878414309425,14.935737522522357,2076.496954196787,39.83914025624071,2.401496036709354
200,-8.787412305805947,-0.0939145011941856,-72.0775330001092,-1.6634920921516438,0.035475459539219045
201,104.68298893636212,6.39659317840009,882.0079574469457,16.208745958625684,1.3377193300326313
202,260.55788382632676,16.07135568962315,2201.669202594721,41.02031163813438,3.2799692393958764
203,-1.1931838892590951,-1.644549456809108,-16.24847422908824,-1.2338955755856187,0.6058856792268883
204,318.62128616868677,21.118073145424262,2703.414272119682,49.771391514456454,2.884816260457267
205,191.93802666578372,14.511914539581035,1633.5735644617853,29.484728712277498,3.187363885530268
206,162.0204155721971,9.835678250873013,1367.3845248932466,25.74085915435579,1.8646799652978898
207,153.62360672076488,10.057983702052463,1294.0002178822947,23.81025164009142,1.608669489893741
208,133.45631955518314,9.561546299437392,1135.595299676123,21.15442109738319,1.1579242919812693
209,2.268005627410547,0.8726309625620376,16.87893315230871,0.08305550693869956,0.1030219862692463
210,341.9336496781641,22.715948127041685,2902.0062473028142,54.49682228431275,3.3838974505587074
211,105.55122596276695,9.768523706789953,916.566207250482,15.786624237621902,2.31087434296553
212,42.960730540987655,1.6119630114062797,357.99208850892364,6.512655266512137,0.6202556817539793
213,300.97223712066307,19.75054735838789,2554.824889290994,47.131453809285944,3.7428317820060273
214,107.56929295031073,8.510902271584948,920.3388658278956,16.97820288277555,0.6670877380110691
215,231.46731284130766,17.07417234368718,1970.0455373754864,35.4778819807443,2.0205675032110424
216,57.991394381082976,1.562181702769829,482.98650967884,9.019104426187546,0.236464503696717
217,296.7654374565962,20.83205950251795,2524.2423878570376,46.61033242211034,3.6502862749259557
218,237.85720324334363,14.596535865461147,2014.6607523501343,38.029091484464054,2.811245433183701
219,375.46958840853983,24.91953606306577,3185.790093872851,59.52469079468469,3.857543713898615
220,79.16115200952206,4.021683325836705,661.9015054510471,12.590319323675125,0.549613772696977
221,-21.58306650466561,0.42935785955025163,-174.38405005384544,-3.1932612963631586,0.08879284910733798
222,225.87786116735893,15.497961761483154,1916.81270916168,34.79836393271379,3.040171497338074
223,76.94769085009058,6.943894317981763,662.0794641660121,11.432477115995844,1.4271719136264944
224,-49.84349754134145,-2.546604895241503,-417.20256754395774,-8.07640838147266,0.1879354679595906
225,107.03795669268139,7.4181358992783935,907.4684787012044,16.43927898283075,2.0810953075351395
226,21.173918427549225,3.8955524670896784,191.05391458565828,3.171891083341878,0.5813881320127443
227,99.30436535338566,7.555429122572075,846.8517302130879,15.766058404959356,0.8172984369819649
228,188.762916739733,12.543320872576366,1596.025785589504,29.204005240251192,2.121073280438569
229,297.6669197639194,19.644208856425667,2523.1844292110723,45.8711715768267,3.8328530385920168
230,223.72435816318702,13.955136094565598,1889.8874746766076,34.58736907045758,2.216554607320531
231,18.895885883601885,0.7452522483753361,157.44130733730358,2.9342086680770563,0.8432258312814391
232,65.56798517875788,2.6259227779404988,546.0020620048726,10.409668689973804,0.8992719411823717
233,276.911694476194,23.22159766175352,2369.9303416379526,42.7312598180178,2.8827716342324834
234,243.29473699064042,15.131031828130382,2055.039697517601,38.92007549738416,3.266589316285515
235,150.5159300857904,9.268342690049336,1274.3419071068363,24.17360544076624,0.5990525477671684
236,481.77215292049556,31.354362710110472,4080.1251397058845,76.74052138046925,3.970842829264107
237,182.20164748668017,13.786571415782014,1559.71642562223,28.813828223516087,2.4257312415865377
238,210.32047782855403,12.690837376273342,1776.5937072288225,33.21464182004916,3.4892623074459257
239,76.24548762978802,5.11810485319634,648.0528448301765,11.347475100748042,1.3990179679468873
240,322.37781219596366,20.408060784548763,2730.0979209866628,50.78825022009987,3.3056842622804936
241,296.7690755388136,20.02448344932159,2522.686845787934,46.4390667278088,3.9691715505250835
242,142.3588509498921,8.649225411103322,1206.0400611791617,22.714307141096196,1.2213767606186856
243,112.42106900539811,8.828439817872294,962.0691409791264,17.296614790308873,1.3117019802689782
244,172.6251987645816,9.946031280175445,1460.0699106288791,27.636047210444787,1.6004306578616387
245,54.54231508948759,2.5609631806607287,455.5343797159639,8.190177590154518,0.5124455575241904
246,-8.321288656681979,0.3142984731006298,-66.98795279703715,-1.7888188606862254,0.08450314748161247
247,322.5101425613179,21.460077689919355,2735.9947751344976,50.587187199228694,2.8318481195714615
248,30.71152298625441,3.4304519673716833,263.4745392448634,4.715548169871006,0.07559344995894302
249,219.40861035086985,13.688130380915954,1856.5218767123124,34.876021961613255,2.9454474570141764
250,124.63872656401324,8.773683909698022,1061.6373579233918,19.13003480668831,2.0545231070317147
251,237.33688624463034,14.562479476894003,2015.2782024510448,38.097808950487384,1.9267562560710796
252,184.7123522231639,11.018549267905303,1563.1732858328753,29.610909858581635,1.2136516683678096
253,254.29849443547002,17.032349787647966,2162.3127824533603,40.85010823670691,3.1184087464637766
254,89.8165761500725,4.931872106428624,762.4786174693874,14.87704062245103,0.1212539995327484
255,144.4961176535955,8.462298456628691,1225.4920093452379,23.16654838581812,0.5848065754532303
256,68.00676900275248,3.2621231699855313,573.5982857630403,10.38591826690989,1.191191160148299
257,231.3707303703882,13.84619794238148,1958.0635075631922,35.65643240777898,2.462656810787865
258,136.66295554066042,8.213416868801582,1159.9988880171761,20.853215330433883,1.594043965623924
259,236.897478061254,17.146551559002976,2017.564896181013,37.493774032442886,2.6233919851213288
260,73.57748505693745,6.563023721942954,630.74767729033,12.319965670124644,0.2517989890826815
261,240.18230137072686,14.968612882118725,2026.9969352718283,37.568310717561594,2.569959021994738
262,95.60365347727375,7.137366476092415,821.487010277895,15.124933044808296,1.0522853630855264
263,183.64534186049144,11.145393308577463,1553.2157273416203,28.86222835441635,2.597421370403246
264,195.87110727791404,12.629642162132019,1661.1494515652932,30.36207567683276,2.7005210159165185
265,6.527538229229628,1.942622676247646,61.6857850784539,0.14912502880438971,0.5924853239711552
266,224.40820624506637,15.610709138992,1900.6062920831287,35.379910852640656,2.5595481870943146
267,152.53574447338093,9.380679835502596,1292.3310786610539,21.81028681246224,2.878793695133055
268,181.08946897600583,11.887383472147164,1539.6870373352172,28.44093564052827,1.866283875422365
269,149.69284776703861,8.691857744051095,1264.3689190780055,23.88784274839538,1.8174572012533794
270,251.52760144542162,16.681710915578215,2143.292124490251,39.44379574674972,2.989765725695817
271,197.40638848717728,12.469931188451875,1674.8343959764707,32.21695578751701,1.0950125351211701
272,134.5427515018165,10.578365089760155,1147.8703318649189,21.12258170585669,0.27215715198380064
273,355.0009622251464,25.671439900417425,3023.1088677182192,55.08320685767424,3.5634019184525885
274,124.52087135319947,9.558379864737875,1061.0604962967047,19.592825675262823,1.9746862355061352
275,236.42462007719786,17.739091860147795,2023.3194275587584,36.87263749493768,3.157914459619455
276,-4.4572820978828975,-0.6906177147639924,-39.55604549141894,-0.7199233635735379,0.10872407666296624
277,387.3030311872802,24.095704322530416,3279.2636253517408,59.89022433891747,3.8035355137929203
278,344.1743957671527,21.935599745774383,2916.0429280751077,54.404554032721215,3.793583785293031
279,132.4613013802767,7.841231981339723,1119.2283296075966,21.282992142787933,1.8401640899592149
280,154.67294436307705,8.599730380953432,1308.2159512982203,24.67540185569404,1.3371400469714354
281,356.02773734122604,22.22389635653323,3010.9132124703256,56.38196193764752,3.6771670137930763
282,46.90896005046169,4.50409947079929,410.9154617860054,7.509779188833241,1.7740090061562976
283,321.6295606146711,21.01398961881994,2729.800235516188,50.48907825033654,2.9122350797514986
284,200.75335503817345,13.832219465668018,1705.4071166352876,32.56145844782104,1.8020197079548503
285,-53.40347362117477,-3.0316320184262704,-450.9345541097184,-9.371367140430497,0.040240984400814916
286,205.43860941268156,12.44911173673368,1741.381003860817,31.759647974915,2.0168950925977485
287,70.63479894609335,5.193385759011477,596.223413153876,10.849885889592617,0.41877562464783
288,377.480971363874,26.313542719508064,3204.0759219508004,59.678254695523606,3.8286454744511107
289,94.44337504338742,7.333865096317652,810.0123642155614,14.648759118695084,1.1174164079789883
290,62.73074428954639,5.841194466203867,539.273700361651,9.1903821883579,1.1855062933622507
291,3.5359010262808233,-1.6869860075184708,18.940306097556395,1.243284578126838,0.268195220296767
292,268.32926523361135,18.59088321703396,2275.355702414851,42.726144535783284,3.6480561617996954
293,-59.84967775693631,-2.925227160948756,-500.84705656117865,-10.409484877478235,0.07109003080387888
294,105.35149383687687,8.336233445379499,902.5291332647112,16.16094300428658,1.8942825260920477
295,167.2145305001631,10.898989246011169,1420.1611616158982,26.431809889501494,1.323192137551728
296,196.28628527903493,14.831166849027062,1675.5032102347986,29.842293460792185,2.5377178543684864
297,30.38422172157313,0.26109010069512717,249.13528001066794,4.22000230315725,0.760274531078299
298,114.76746871151619,8.902906450503938,975.8235374496331,18.67131794050824,1.288511111247015
299,114.96706546968572,7.931264132994597,973.027100775518,17.740107149897888,0.9298479822467911
300,359.6360415191416,23.934033125994112,3057.4962483733516,56.92128853267192,3.195238060981321
301,231.67595551258123,13.221712705655662,1954.2834643168344,35.946286491212305,2.1643512823847875
302,161.9452951525465,10.195708034380385,1373.9053579630931,25.931142402460846,1.8556262137902477
303,66.01628338865656,5.137588681421066,570.1499037809939,10.590803267781117,1.2766911659626845
304,280.0724567928231,18.515248833217537,2377.090653008481,44.23546567255632,2.874237902674727
305,271.6163363865244,17.711306200995555,2304.9480085489986,43.5782348371565,3.0434797266848865
306,207.33622115993293,13.149920426404284,1758.9870248545203,30.72235615486608,3.606211512499697
307,213.7472981445705,15.005621534925627,1815.8444687244553,33.39091748226573,2.010415062174231
308,156.5089029861614,10.812401988299907,1328.1095063936036,25.133696576351316,1.1668282620889667
309,12.178842962712197,1.7732970411936755,110.0608585495876,0.9564596189349084,1.2082145443182721
310,52.33284529857308,4.0057936309408255,447.6172555895517,8.239378522222836,0.5256185779019398
311,51.845381642897216,4.6251249356497235,444.5880504660001,7.682231515341655,0.6461772220168349
312,175.17093310231,12.54869462811714,1487.3621628341584,27.543424062978694,1.6633051438812125
313,253.8503697294716,17.43407340163676,2157.1658949455605,40.70418940319896,2.512209250764061
314,115.08522072146823,7.891696848625299,978.0637928777276,17.682794575138768,1.979415003591511
315,-17.10339617758184,-0.9249281611682243,-147.51285988769803,-3.585466363755641,0.3180019961228724
316,142.7000210803903,9.469729723769508,1207.7707848145858,23.729713422850345,2.2142776152051797
317,266.64070336003186,18.2575499195498,2266.8430374149916,42.432146193338156,3.304377157984954
318,-53.42262235545195,-2.798143118490238,-449.44466594308403,-9.4597694070636,0.4123855861266743
319,263.19987950859985,18.33171212496972,2237.374257246086,40.85358546417621,3.9175216941659765
320,26.756403586106195,1.7540439133767727,226.58356003125752,4.418856778229414,0.48387554117592435
321,107.77593055963077,7.936478900789853,911.8125209568476,16.26928062954059,2.0104426870334535
322,33.493554210410636,3.3759069760562443,287.6349363366779,4.426262667551428,1.1923461408821607
323,141.61177307499443,9.360283481859835,1201.8924018425728,22.327485826225033,1.6041049891778054
324,48.68140600188728,3.796030221819609,417.7836864928552,8.040722839706795,0.5455038497732416
325,152.93513250082344,11.455973685273515,1308.1325635070366,23.73100505346845,2.0823914688904717
326,242.14232747170598,14.346349617548569,2045.7891592390472,38.152342744517014,2.251807504885797
327,331.5130662076911,21.720199976086338,2812.4221067649955,52.06665459134255,3.8331983928279993
328,41.38337738196108,4.810286770873537,363.08447922273126,4.670474459025295,0.7619882931061532
329,47.148838959084735,4.395284130432689,411.1469924760595,7.502508539021177,0.6564374059621914
330,221.41832730001107,13.11775580273114,1865.5922391107902,34.45569680247577,3.2486446693036903
331,100.50818199138146,6.348059695283277,853.3883719976932,16.510244379132597,0.8725620088118609
332,77.96516710331043,4.681362792107018,660.8978384740795,12.36622371253663,0.9316410397290324
333,240.1572679781235,15.477872549257743,2038.2951818545698,37.87303632127567,2.6255818015777717
334,-66.04070475753666,-4.011377001215448,-557.5220467379677,-11.114745233856251,0.20718942660205553
335,195.85403129226287,13.641555349121713,1671.857598226971,31.703760155591898,1.8446610592338124
336,336.87694376695356,22.026001888193512,2854.8002251848134,53.17090613504532,3.036375970105314
337,281.8785389127674,19.521985883022747,2398.226080793558,45.10200704337699,2.3459021026652342
338,140.58610468087284,9.147712518304754,1192.5722651976737,22.26985885778736,1.0187100087807126
339,66.12229434371197,6.411682574384187,570.8897584458707,10.267192436854906,1.2102426550337255
340,252.81658084425285,18.56984147442362,2155.409481102207,39.90891469179866,1.9137234790756579
341,147.69689718806399,9.086247236614259,1251.6572680375114,22.780706640136575,1.1583907034540553
342,294.73656344815413,19.040991165549194,2498.9581996932743,46.65668713485393,3.554810877840315
343,214.4232140019155,16.17552416941705,1831.5187691822287,32.92896735806856,3.225449939251897
344,348.7505728657089,22.984898902019314,2955.6078141686494,55.37989734784234,2.7733913827904706
345,205.05028337776406,11.86708167627926,1730.114210769786,32.69379953696244,1.2016817399070674
346,324.0034858469801,20.621976580455115,2750.0330797752213,51.497232751050845,3.855122794285466
347,243.6248281196108,16.1372106235397,2069.9732702616266,38.17348719785049,3.523393891737305
348,7.693837850394045,0.7437013312146268,69.24887127286298,0.39984576209069145,0.21137317538971478
349,287.4246754932338,19.224086029852298,2440.698060234159,44.80292452515621,3.68140418090307
350,258.4348536072398,19.268547847092762,2202.3086199452755,40.73323670829159,3.59859447947562
351,300.414107311113,21.130751496028516,2556.8913864452093,46.93225459200698,3.8166322900167553
352,177.62842567763315,11.126498921564881,1505.5470695664433,27.29389761729099,2.760583966829662
353,212.0047859590659,13.344772310284576,1799.835113634888,33.78357374403386,2.5225965668041463
354,217.82294475267992,14.642382120239906,1846.7674720874693,33.96879054649955,2.9548355875732373
355,-23.3685089188039,0.08786188276912643,-189.65045839128942,-3.702907700560502,0.2486511016496089
356,22.32927915999937,1.2127883815677363,188.88551723908662,2.7407652422913467,0.7023627764723792
357,271.85057150442174,16.463509689226623,2297.8595984441895,42.818915354434694,2.5619787461010985
358,182.27018820827698,12.338482550082261,1547.3350896584802,28.466994825276533,3.0469372629808253
359,264.180766835376,17.78961074904488,2242.4252699155904,41.36247825690704,2.28808109693467
360,417.6518093127534,26.929230907781463,3538.3140280580437,66.505180078846,3.7321952029181977
361,136.11496058656869,8.244752794849306,1151.3959008288516,21.147787820159287,1.7183114362201222
362,70.51868353612744,3.3743925892271474,596.5325952615577,10.84751963115146,1.0544715815935808
363,249.93461357394017,16.42652385829034,2117.0984370183082,39.43780676889884,3.389048349448134
364,76.95195310080639,5.754106773074742,656.4570273280783,12.051425300177247,0.4717371991237824
365,216.9911475446682,13.630697994667205,1838.8211311668467,34.497797756564445,1.7997773190222226
366,25.295487632979516,2.511687942253041,213.78918722360606,3.917165300430036,0.10710559795047159
367,132.75747557408158,8.695695318457144,1126.7780612719075,21.167146126417876,0.9382738120613605
368,116.45665664684758,9.128708785051767,993.9058796706578,17.109260682969143,1.8477664138455263
369,70.77579802529293,4.408397281637853,599.9885831159187,11.523169672829352,0.5418408070364702
370,319.57512549539956,19.52486037049855,2699.8875149792034,51.498343007543504,2.7086927443699618
371,326.9897810817916,22.96299850496646,2778.1860677531636,52.21425117568729,3.219864141074987
372,45.42796789012073,3.8279737883450635,388.73381671066176,7.142072032960956,0.8243580064008853
373,35.22595487145045,5.561928584386269,314.25603908193096,4.802964468389794,1.3065253794361715
374,297.36415152501297,20.28386815712482,2528.941291026899,47.643551706917115,3.7200483919473024
375,135.89104646516478,7.973304929461762,1148.0152871443113,21.49657028903506,1.6746483453157244
376,242.72714041674564,13.851465445360695,2044.138373213649,37.39910227405075,3.2914367019498636
377,260.6768238557339,16.10456709008475,2206.4244835519335,42.083462179584956,3.158448123629463
378,55.14410953389636,4.660745214952499,476.66906232171897,8.791979430422447,0.37395129577182473
379,325.02022543040323,20.022251408741063,2754.96537090825,50.97713373444768,3.645819073507153
380,155.75438203270326,10.09610848481032,1323.3730924042115,25.22560762320807,1.0524531938038146
381,64.78133024366988,3.519273813860133,543.4997397875087,10.824798597612986,0.3114709093209389
382,276.67866505640666,17.939444312458637,2347.5652111589807,42.374970069758376,3.3420598115944706
383,32.070797378523174,0.5439842362180782,264.445428485309,6.054508141873676,0.09294209902698691
384,266.9466254309108,21.096961109928838,2286.084199996559,41.6892209510129,3.446371812573626
385,367.9560020516412,25.59823392973875,3128.9230904074398,58.20639505517208,3.663309330180942
386,156.0932542416701,9.832002113315202,1316.3315463484155,24.32289503403623,1.2900706290422006
387,231.47145794327938,15.550861453852901,1966.6512590693621,36.126851742267064,3.6648014744043533
388,269.92794047914356,18.003711602964096,2288.3185190950358,42.498746061638705,2.7588266991531647
389,352.6246042442561,21.978400506545114,2980.632018811201,55.525849694671976,3.4599137409068565
390,150.86245007359372,11.26468671738895,1282.6941253670332,23.60748908717497,2.0959084164129114
391,237.80747998616735,17.236915604603325,2024.7599133983663,37.692824591938496,2.275019227966867
392,166.07960235181451,11.012948257392043,1404.820728461643,26.823628994589335,1.7324967743073016
393,167.49094386688245,11.667010299053793,1424.2256370462576,25.95787231655469,1.9217984317423813
394,256.45681985247137,17.070955165698685,2177.9207352727335,40.320900033568215,3.3286699034230645
395,264.71650816736576,16.734454799408244,2240.439281986192,41.345961837530886,1.8944568705116525
396,55.17095697257792,5.403984074697447,476.7033499081098,8.906811494311745,0.36041995812573235
397,75.17014150415181,3.311641326825623,627.7195640686705,12.133802687992993,0.4613451944851441
398,311.90455963989524,20.54331643976247,2650.0286355640633,48.76607516250716,3.5607959035218624
399,289.0868966272037,18.57271056525869,2447.125609363346,45.46012960991656,3.085145802182911
400,56.71932744873023,3.725823932928577,484.20083339928453,7.782364988062903,0.8953249372253307
401,30.385098685411048,1.8521124111467446,251.6997922167849,4.030384430676687,0.7921570593635301
402,136.26405449230467,8.58668699434255,1153.3468131482,21.766617398710807,0.8529949979724791
403,180.17266276591545,12.122254440507305,1531.9345234071366,27.855547558247437,2.465714794387646
404,334.9637425077708,24.542011873099373,2852.9378367217187,52.10690067078683,3.5071993956592715
405,106.44936256446951,7.219517470469821,899.968022556178,16.60700330119839,1.817649578509537
406,302.0092480709704,20.10079631318387,2559.1712086503326,47.49726138901769,2.846895970989481
407,312.00724540023685,20.7143863230955,2648.775299819283,49.69251137888984,3.218022116304675
408,169.43409655666315,12.498977376756653,1443.5517931755335,25.810262967043855,3.1312161732073833
409,169.44865069408692,11.696158672086852,1436.0971426760736,26.63529632132046,2.0865685705831623
410,37.18489871418463,3.8046212218579902,325.72257155626596,6.026842214200741,0.454594192303877
411,119.12759145793412,8.097509603649264,1016.668319063165,18.217584142392294,2.501595161740602
412,169.3344746040857,11.64817961213414,1436.714293753668,26.31594173908335,2.717296006328855
413,230.72775754237185,14.807939628803021,1954.2998201731245,35.66600401088842,2.576967471827625
414,180.16008716409834,13.054941156882329,1534.29998305602,27.92022039250552,1.668816455403101
415,137.63385256166924,7.5807416797381695,1162.4506462003505,22.166201015734792,1.137278979624904
416,238.56353389355468,16.825325488281507,2033.1292591564868,37.17463169748541,2.7087582539894735
417,212.1651942574658,14.831653862091837,1808.6060395858128,33.72786072843448,2.8987783948848986
418,133.83081295561985,8.793874572622073,1138.0573040725155,20.100681120659644,2.781132594574253
419,103.48658966481509,7.051530307358398,872.9567418922633,17.240690670635157,0.8493628545568725
420,10.724155205745134,1.1534941752476804,93.8987047317714,0.34684810381705633,0.0734263094273837
421,266.92070126594854,19.05886255593827,2273.283540865042,40.39026394921095,3.7412417560563993
422,274.0597305743076,18.793546061964342,2331.1777270986677,42.774799042145624,3.0247900860841
423,185.39332541607962,12.990184306046817,1577.167400506928,28.6313535400888,2.217214023754358
424,377.50592858184956,24.942312427459793,3211.9656124121725,58.826918440691095,3.337860584184019
425,-0.8049751670315786,0.10414510389106502,-8.378638669244488,-1.232922031587627,0.5249277675045505
426,125.50930264261633,6.717444502109087,1062.5045122353356,20.2557941017583,1.436884386822499
427,226.20530103809284,15.924436933669345,1922.2053206872915,35.36798489405807,1.99864385477854
428,-13.602558991775048,-2.525702829409719,-125.0863844786453,-2.769132169156591,0.26537521644245343
429,305.02777519267636,22.597621112005257,2596.3567567731097,49.00718098000508,3.6409879164945758
430,246.33055796948634,16.765665821119008,2090.929813568223,38.70392722898728,3.3824484819533613
431,247.2393200411969,13.14244988409579,2088.035677133418,38.78172882528468,1.731399169740314
432,258.17912620762934,17.036644460954673,2188.5980229967868,40.41839649835387,2.802143265910475
433,-1.1283148417241837,0.9098209111362308,-1.0411151349528112,-0.34310890678181716,0.5646685553664059
434,215.26255318122705,15.897887017493437,1837.2225864019433,33.45946303641817,2.845624450392833
435,210.07162245987388,13.907580347907222,1781.3552877722213,32.82583816938666,3.394314603369612
436,62.53435823481316,6.250611220323378,535.3086515955915,9.745871435010033,0.7102916079110595
437,247.50915354548727,15.87513166388389,2100.400512496502,38.46016685904635,2.8709300219060423
438,175.12367190462902,10.232232626637801,1477.932978349501,26.345682754833682,2.5397531008867946
439,123.88329118690908,8.81057727839447,1048.4464837407356,19.911091033591077,1.4170299593430955
440,200.0916544885498,11.89942440259805,1685.0928481266928,31.84105545636066,1.7943524549077807
441,175.38809766727414,12.651723611154612,1497.1060773286895,27.87044484234881,2.1141028054437974
442,298.64959666507724,21.083650360557183,2543.741005462941,46.7630182848657,3.9418015048089416
443,250.7276084363472,18.378116543873684,2135.413241847848,40.02736770748872,3.287094450083991
444,64.34460561131849,2.6391846579248326,536.9363175982216,10.651516922087286,0.38320954658636897
445,224.77136315168386,16.044319329500254,1910.4719598251127,35.54064701289625,2.571810182417423
446,156.17484782432814,11.927921840381476,1332.7759419495928,24.92804251078911,1.4510419903245286
447,277.37763545447916,19.561406980023413,2357.931053334586,42.55597843180624,3.900950290048965
448,409.285954809644,27.90951420874994,3473.8165568767186,63.51148605005586,3.9381415730682834
449,159.84496957577457,12.178949125833848,1366.6562270470597,24.904840577047832,2.5906343382187442
450,141.01838443478502,12.080814010568243,1211.76395705635,21.583083654407993,2.1402864635897036
451,254.2382914535471,18.153830091490256,2162.442773163311,40.01555474098904,2.8798363206311093
452,183.1974363852008,13.377710813510161,1561.4178028086828,29.250391734508057,1.8828548068378965
453,34.955584479701265,3.490880413390282,301.6945148062372,5.007769262825117,0.7848500042767776
454,150.3213679573939,10.338363358251483,1279.8621947924878,23.186454228923417,1.6184521883360699
455,342.5634610459339,23.795360564048536,2909.8662740794184,53.18174136579851,3.800579263995563
456,151.30925924237974,9.799909527277347,1278.991506535173,24.232593649305368,1.915369344759871
457,109.69448292993144,9.727385341950031,941.1655205763167,16.970332415497182,2.4020879190580438
458,3.6546466283999894,1.0807564155789686,36.62233497627883,0.12980150871359752,0.23472252639749813
459,348.9420637930244,24.200185385529686,2969.508628822984,54.15862160817138,3.7349787910869927
460,186.7506976938244,11.4513242907584,1575.311284130365,29.533531115002134,2.4675477863079283
461,40.152422029628184,0.4631624871811314,333.6671549869562,6.522808854475823,0.07996230314921515
462,262.70538288364367,17.554957746178975,2232.5385938708164,41.294919342829346,3.345938362577034
463,-24.03368499494558,-3.9581069905929684,-215.5221886689138,-3.7852499848362884,0.46681731464328946
464,89.86063218498744,6.588506074608295,765.1804966677338,14.227866154134203,0.7003606715182165
465,38.8545947742538,2.111077963269152,331.477901212407,5.094025255234599,0.5209454872964381
466,238.292238894174,14.955947525717002,2016.307040551578,36.72351143078894,3.116443860120528
467,172.83261838007476,11.523346902208882,1475.1440994645732,27.596265786086807,1.5123380036084209
468,-31.367403743096734,-0.39693350783799497,-255.60565939439985,-4.398685743622607,0.48092002438190296
469,223.28686442339355,13.522483924080104,1890.3523438032637,34.9967769000644,2.218733469633146
470,361.9837566222239,23.88839053609949,3070.405175911101,56.33422276841101,3.500110003330785
471,48.95040279585249,4.158987687519919,419.2383798855468,7.694376998523801,0.3749620703079528
472,54.3285959439658,3.8493526261880544,466.31296231518127,8.10178118923558,1.112941479107401
473,-21.621273708259547,-0.7945332024192785,-183.835027026977,-2.5316785177505925,0.17768407289111376
474,182.63356465567915,10.942976166654484,1543.5480730800525,28.835080741867394,1.712419598965036
475,42.25913264798969,4.495046857420836,365.41867746606164,6.684988376246498,0.7955744313807376
476,366.86228052376106,20.486999394382526,3096.6607264800587,58.748732801619745,3.97123078922092
477,301.892349017289,18.502360571058457,2552.1860266754998,47.70903276817543,3.3360081604129093
478,257.85736555489086,14.991101326953292,2182.627793616809,40.7604520422422,3.2888458442256683
479,110.16590884922655,6.936895122855816,930.597376642038,17.06961172509474,0.947132685877607
480,118.98137532538178,9.129613972846233,1018.576594167693,18.40133968508622,2.3157565994756797
481,11.623785823982498,1.5608112152152287,106.19778064367863,1.3092152850428893,0.3120147836170193
482,12.045252029812442,1.895278137227875,106.7885675708734,2.2032478642864533,0.5331860714576924
483,172.5504968947933,13.867894886207738,1474.059780975686,26.889290416006435,1.6750983607266203
484,192.8009217901358,11.893473160971046,1633.0283975193495,28.535207108535733,2.1785635298593737
485,183.61277000707295,14.844587621512284,1573.672001537043,28.466374846552498,2.4213898766115873
486,39.812293034180236,5.551073727992497,353.80811118088224,6.085556084932081,0.8981358465188842
487,34.83679999104581,3.065583814166133,301.2723978540487,4.782061090020643,0.4710661383878163
488,18.827225429366873,0.9606167466208628,155.20744810396255,2.445640725509476,1.9391072125573507
489,140.55324600419863,9.706406756098302,1193.057214436192,22.608667436798488,0.714827018672012
490,188.7243467027556,10.66001702692235,1587.3025601891038,29.93730936654959,1.758722550749896
491,-35.34826839000155,-0.8670983654271665,-294.4108530025688,-5.489694059570349,0.24275664692045051
492,174.2893334044758,10.09498711889471,1465.5526403328195,27.61317757659029,1.8303428622057845
493,284.0126342988001,18.337135033883456,2407.1144163884683,43.887486766894455,2.783181902497337
494,109.23293971245305,8.235069695078339,930.2781234450066,17.624060836179627,1.718300555375397
495,186.83352340701296,13.812226764374632,1590.6824099535581,28.60066611625755,3.0563899183413583
496,198.66180722979203,14.159024188191474,1684.6656462562428,32.05810296214574,0.3183696616958702
497,200.5395630931984,14.03536941383863,1706.809108556377,31.088185514067856,2.8226820436208833
498,154.57965364323766,10.953907428125916,1312.7396523364082,23.44140134971297,1.865558423979779
499,235.0540801884228,16.02799917949997,2002.3996687954225,36.43143512065444,2.870242942979158
500,63.20806468631002,4.354608987244164,539.5787230262902,8.957665038170184,0.5500207768395322
501,123.36837950222446,7.196626919372412,1038.4964614083908,19.614744684506658,1.0851267874244495
502,34.16871095153996,5.257910241765808,306.61185874541934,5.475993222610792,1.0269378465700472
503,350.78672428069507,22.858420191485145,2975.7303098004754,55.11863337501542,3.5473325360659556
504,161.36251962379262,10.92561937684761,1370.9191978846027,25.70863208293286,1.3627818524369206
505,189.51956945741387,12.533890774458424,1608.6566745583364,30.05265902234489,1.917975052727936
506,21.28940630485154,0.018169937839155548,175.05302942746383,3.723775892039025,0.1922407702938309
507,180.94660470122173,13.075937499120128,1544.9560490523618,27.654085131051705,3.3472371660080515
508,197.84965599954597,11.206455780811433,1669.490818752488,31.88063443784003,2.422419053909742
509,179.27129852981594,12.425916399906598,1518.2843537370725,27.672539215587555,2.478676254872794
510,372.67838330736123,24.752052106108287,3158.765221890109,58.98347130741743,3.8350071276142326
511,155.4418767226481,12.81948335210707,1328.8755055316292,24.200892377079015,1.8321189422571122
512,84.89182582725444,4.66438429201771,719.7283228862701,13.534124022835144,1.0611606911240168
513,142.19003677171375,10.619111384577865,1215.8847263758269,23.939347580505437,1.2095690735037952
514,145.2449088946941,11.110568618024946,1240.0138660820396,22.213756927776448,1.2105612458429191
515,259.6069526292414,18.942614713692493,2212.7524223176115,40.33235718049508,2.9589331514349455
516,44.02924632718021,2.840041876645492,374.18241129574847,6.3801449173291225,0.7255903424778913
517,74.54010707043095,6.780492650553576,639.2359034466841,11.181227875938067,1.575325795331164
518,47.78833070895354,2.5646013526038254,404.53033067350344,8.23228799029433,0.120098221782861
519,100.60129009270595,6.220425779329895,847.999371236763,15.001387249879237,1.7075721199603402
520,293.0667779128348,19.506707370837965,2487.645921119854,45.34990200426246,3.4199736738942055
521,134.52824975322048,10.07787849774224,1144.5346300378358,21.422201091597678,1.6018342619062729
522,83.28371280401632,5.311443032319108,704.7256319581129,13.361845649497472,0.6110948525800839
523,165.98826914035703,11.453393379654214,1411.9148702035093,25.16856314162062,2.3132577547260733
524,69.93929409427092,4.2761588729626325,589.9872913196141,10.936167281915612,0.7457011065971111
525,199.55299557828846,14.677656604138823,1699.351483320927,31.220430350137324,2.8420345798695057
526,-56.61635436840746,-2.2899399349104095,-471.14032806984585,-9.34285307014839,0.12056724339921265
527,69.89461843866025,5.005161453694381,596.1462481544528,11.353093664427359,1.2502065117175785
528,80.22754185169396,6.312516862079401,689.3179323256815,13.309760786497915,0.1789075984055679
529,290.8934231902677,20.054613605868852,2479.2165311345643,46.033484842441496,3.3861963428427164
530,203.531882454494,15.060271592513473,1736.0737301813606,31.49585412786144,1.9090567134838494
531,199.552874283204,14.44918228310394,1698.2194873189205,30.843574522366094,3.4500472182645487
532,31.232230600322367,2.705354899673155,270.25996310516496,4.766453933736997,0.4286616534718517
533,264.21958748367274,16.856501408889244,2239.179554331524,42.47971239254988,2.8433405643197
534,69.36668922750285,4.7065074752489195,587.7342821956356,11.190837357753107,1.1683794033793515
535,-49.72003295772424,-2.4513864482553362,-418.9091689295405,-8.590641053129698,0.4469878411160306
536,92.15210092135416,6.066263235742126,775.9598413827416,13.651133737854817,0.6377005035819132
537,31.976655595978848,2.258004306728176,266.8444735723779,4.745718638379138,0.2784196175205276
538,93.3726820020762,7.815338861145704,801.0216675601998,14.435919179672894,0.9690441107148158
539,20.263653625759826,1.2047738181463314,171.65062825460967,3.191186236073085,1.0639966315628087
540,-17.43686006776175,-1.8986784379514061,-148.53874291388934,-4.026465639603995,0.7406853348311704
541,54.253324069741325,4.134585079045495,460.36199598763494,8.027357862195931,1.2289357223645174
542,138.5878379464886,9.431488663746284,1178.7127947659155,21.809193241828776,1.2490100119887484
543,225.51157915753174,16.429975833664063,1919.3875251310162,34.98292981062182,2.367730423311832
544,18.985729791835766,0.1975980772417083,152.5654680497,2.6083304550745967,0.3385134215406129
545,145.2837926378033,10.581636715357815,1241.4444649822208,23.910406097417564,1.7167613240125
546,96.43750240143973,7.492332088245085,822.8573798344576,15.139808030475146,1.4547244613762071
547,45.53519248372236,1.9026292903768598,380.3029880395276,7.196902003788151,0.5126469387462569
548,237.89061905543198,16.245439941228863,2019.4328105139023,37.14287372903056,1.9728765104187587
549,185.47579474041598,13.030562257985299,1576.802581404178,29.27963037367656,2.2551992160480143
550,7.073387196540812,0.5738505600855959,56.37613496369874,0.452632782210177,0.6318821079000188
551,158.74016954213982,9.950933338363217,1343.878791481929,24.320465955766426,1.8024034389329788
552,78.80895351491495,5.689412206096981,669.9763472219821,11.919657315256098,0.7251102255175237
553,228.7329085959346,14.674263478911005,1935.7999811878226,35.11518495317135,3.871501700392459
554,123.228762215513,6.741220553429239,1038.213996483843,19.25972386046658,0.9611148494027018
555,-15.682453966498393,-0.6712521688249429,-130.29399908105293,-1.5114729350263971,0.5853728768887057
556,-19.70694470924711,-2.36157332396005,-172.58199104679312,-3.390178530801682,0.008463293409571193
557,126.78402700958807,6.654876805357328,1065.868709153242,20.99971585887952,1.1404668907118394
558,192.94851591076463,15.14265184235275,1651.5573513655524,30.957479604408444,1.6388514870559532
559,195.8764496287106,12.686097434628971,1663.7809491324829,30.395490924841173,2.378408280625737
560,-0.09243318544964474,-1.4649432637136233,-11.386026791274354,0.23850299927352303,0.22286302537420832
561,297.4396416495149,21.969577529000635,2534.3646130376096,45.73860564791841,3.998957906676449
562,12.96447657688956,0.5261011775456159,110.41529701798103,2.058162395379244,0.3431304058087856
563,-3.447944550394211,-0.17006858517420542,-23.783782123317984,-0.2091699255346266,0.22344893580116754
564,177.71511870823568,8.721714489644258,1492.0093864678918,27.54481376993079,2.2899830379325565
565,144.79961447852247,7.809210893526271,1219.734984667236,21.486243172015453,1.5350857791779084
566,162.38055928842942,9.383742278392226,1372.6050049330397,26.01330879409131,1.2907351946797316
567,129.4218156874757,7.002790475450951,1085.8702027779973,20.21893041308875,1.457854137398272
568,224.1178988429456,14.90140308452932,1901.9268434331525,35.252974386948814,2.115644083054324
569,6.632947169058928,-0.1716788099745976,51.00738240752635,1.0939882582479095,0.7476866479499571
570,168.72750542712157,10.793672711477345,1425.4022196898145,26.26298393990482,2.1494977608675803
571,246.10302400690162,17.256712039790134,2092.9760906651168,39.45119276314908,2.889967593123679
572,185.21350066428954,11.780251956283536,1573.2422067593063,29.30719126836642,1.8733161947693842
573,35.92283584662177,3.1190575323765057,308.9717143967786,4.703046174767945,0.7792175759354967
574,251.4386813032239,15.396139252663321,2126.638250626564,38.62974984183831,3.0528933708067574
575,33.7340251054763,5.597745487732996,301.5155885139102,4.27805655093475,1.5999459899113102
576,63.60079236650165,3.4809844283194753,528.4297626884929,10.43092914198894,0.35279290929803064
577,-27.913085934537193,-0.4094662835063849,-228.55828903278035,-5.960718999903866,0.2008743787286864
578,28.039128493520067,2.4242545937666002,241.39064488993918,4.156005097526311,0.7066252682118295
579,15.601675339250713,0.21590470978714116,124.12038728774633,2.914185447578771,0.8961411758557234
580,77.99711234147925,4.568283749248831,656.5576172669721,12.596705019558131,0.8641915581502109
581,149.2560455973631,9.927780839270428,1267.4976940756305,23.215466534776958,2.5193095510857915
582,55.09642011929459,4.1996147704098385,466.99727179333945,8.49106719569838,0.8037158184657751
583,96.47664084237874,4.4860633259717115,807.8762166361422,14.366011185641657,1.3507611141321134
584,177.98879628309027,12.071959059018923,1514.9798872193292,27.193947960099543,2.4586858221994636
585,139.47062391207743,9.396363281762145,1187.851206557601,21.879197296703964,2.0141394210452117
586,187.80116405048005,13.887244965698262,1601.3028047818764,29.176870121369795,3.0090525827416963
587,301.39271698119734,21.982019814529675,2561.4230496670616,46.12426110003888,3.884261321468723
588,257.30955151477355,18.019687342715013,2186.6861651263757,39.38629014311565,3.313658632593728
589,78.19575999335406,4.921028437387555,660.7029431191156,12.277054050546178,0.7775567256945393
590,88.84077164756759,7.823782035277812,766.7936691364547,14.29299159876306,1.5679903378908113
591,131.85120931331068,8.965944845112045,1121.2604100659958,21.61087557812599,1.3542098366240798
592,268.7982798956706,16.620776689108443,2271.551676551274,42.88598890569185,2.6666596149381174
593,82.30440330539814,4.970553714353249,700.1555528725856,13.201905107291555,0.6858811429858562
594,127.81120128814912,6.6795573509749975,1076.607048542045,19.996017218960276,1.9883094248622961
595,11.880554495663562,-1.3341547043869002,91.23683520736901,1.6287226731485398,0.1101359145039642
596,127.57695290557908,8.039921096421553,1083.8845709748348,19.124597752518852,1.5029083504890441
597,79.53828684490081,5.423327647127857,677.7088205661177,12.076154510558498,1.6604348712719519
598,250.15373903698455,14.515343657508344,2114.162706538711,39.84009450304707,2.498697606551288
599,40.799327920256864,4.881616292566281,364.79187877188303,6.542790125335133,0.9448411455717411
600,133.9603743682009,11.242361502289336,1151.3489940623467,21.41835410803026,1.720859867723759
601,-58.68322211897755,-0.9891610859861497,-477.6794282685649,-9.443939504746197,0.3207942101813992
602,144.76277003785694,10.074839739285984,1228.317680440421,23.938017460029002,1.5665575368891376
603,117.18571603584695,6.700231135040918,988.314587834067,18.83958063853939,0.3987927782195051
604,96.36669064507956,7.409700980594964,826.5290056219221,15.69707073595643,0.43586972338193597
605,38.16182218589832,2.5212137050519683,320.1308418604479,5.5902543702884895,0.6687997952252029
606,261.6118510208281,17.57589461608099,2224.5330124796233,41.846832745671094,3.0642157959635727
607,-26.92381697970187,0.19159729650140633,-220.151507266426,-4.9000578920986255,0.693683135242587
608,296.73099858946114,19.724312249685013,2518.7294785575396,46.17699884599801,3.1772033229817245
609,380.230167948486,25.623057890852206,3231.2924914676646,59.90485902114741,3.61446327554124
610,41.34868429151637,1.5750446005648708,338.6003016517485,6.741073216553479,1.1513885588746402
611,332.4763072221537,22.395673237089948,2823.473709255401,51.96686327073759,3.8868701832334556
612,-5.6854070796173355,1.1376887305065915,-39.40150912452994,-1.522819898021568,0.42777402665564335
613,41.540186359006476,1.7518660598040128,346.3304981926922,6.737701698183729,0.5550552969637574
614,33.435722905585074,3.2969839436570973,287.69836417793533,5.973937961776314,0.5882528774391886
615,146.97228502981875,8.164275141787927,1239.2415057155542,22.876478801727814,2.359024463503513
616,272.78088151806264,17.44000763829635,2308.9812431715764,43.34461674574948,2.817942387699183
617,84.36268571801847,6.730429569816426,726.2061385058945,12.891403509433095,1.183885959023335
618,-49.08981031117753,-1.9655559661018953,-409.54434601792343,-7.762200869343564,0.29752972027797275
619,41.55842888353261,4.26046275693222,365.0648100036722,6.031293395135074,1.3776137198343115
620,380.0372931837861,25.1208153025848,3222.140689346694,59.85102247337349,2.9655113829732844
621,56.35194756256943,5.441292039507813,487.303053204829,8.677070944439663,1.5282359587950762
622,381.1982133550876,25.907581949593236,3240.774036015795,60.214901843250374,3.946136391909334
623,188.7344090779133,13.277506100522878,1602.7857521877693,28.30379562812633,3.6296391765983316
624,289.6179614902518,19.212560867704823,2457.0635949045472,46.582562133242625,2.82745797687128
625,78.2420076748727,6.88526798899459,676.8349401173414,11.99181828289198,0.9009562520591343
626,106.26150731286315,6.66154240167212,897.0582334765621,15.773962863545165,1.5045905300787288
627,251.43305742080668,16.5799638833176,2134.9104298439393,39.19410045171663,3.167601614240259
628,-0.5320311737963634,0.6600357652240092,-0.48906871674170976,-0.11096813142514006,0.47503940044975534
629,310.2525137829349,21.525342528370395,2638.6276765614048,49.04755728947279,3.562804074343849
630,176.3391375958163,10.72230347485417,1490.0790184326765,28.479042816752013,1.9391412119624292
631,164.10286115939365,11.082311561142339,1393.6485476965513,25.83032222803999,2.3935807532763267
632,317.1739471271223,22.024702915104427,2698.4474470097643,49.7746682675026,3.61801385555863
633,89.11951375741326,7.483761666989685,766.7730694029775,13.316927413312925,1.310841550793104
634,154.26765133581168,11.780764616961338,1309.7698740811331,23.871423445186743,2.5055232894299975
635,14.409591760925977,3.9887928426655392,131.651939498087,1.1941399552874863,1.3872856924271177
636,116.15619464258704,7.159520358478117,984.4047306667416,17.769685217965964,1.0656388361681164
637,172.40380622609763,12.161275771541572,1466.9799616002415,26.505220043309947,2.3155514384621876
638,83.40436091481527,6.3603481771325905,713.5050702726628,12.196510497460043,1.7746877121192153
639,-41.7162880125924,-4.430692706683046,-361.62186725997145,-6.541785490483489,0.1656111706658714
640,205.06342640445774,14.63301785406274,1745.6991806139445,32.4063320166154,2.2268988023543868
641,42.067038863067346,5.136886810045383,368.81789110189754,7.085904164091968,0.4634092810523609
642,2.2715992973151113,-0.492788554909946,14.561048924291011,0.7523083090346807,0.6415683887757555
643,190.00829968887655,12.493400097614439,1614.4115450874108,28.80346047047784,2.0265236138250886
644,321.6480344782718,22.35581478991365,2733.8527594639263,50.84582825519788,3.8230999915884785
645,190.13214195408293,12.460152821580136,1612.9252207898353,29.39172662248154,2.4293687281003193
646,24.489718568063616,1.9617086503374994,210.68247047531918,4.0861049833635645,0.43187190690248967
647,99.90198023185837,6.970380445116842,846.4566703327869,15.45756110515602,0.9806905156728685
648,303.5022188916208,20.474495305881472,2577.6653294947578,47.08626803674821,3.3153791925118057
649,103.94036484594835,7.445830397206139,885.0935770526814,16.1459717778671,0.8234514420283379
650,138.55432655467965,9.888155809201974,1179.824427279256,21.78988595295594,1.989034160786526
651,255.8828820215721,18.958211475035192,2179.5828054818553,39.96594047453365,3.256034177151388
652,155.9075482890707,10.07636138407395,1318.4701957619639,23.578857117526713,1.9039172064245147
653,138.5068267400893,9.516555523285575,1176.1732810937922,21.91935479298288,2.0144557840625437
654,97.6122059054477,7.408323045610478,831.6739884658607,14.407139795302786,1.0342778308186733
655,173.07372503452453,9.95866501306612,1460.3737813977216,26.935320753538498,0.9588008781012696
656,230.8470653320238,13.57919541253685,1949.4954297423926,36.21311051549356,2.5387709595427332
657,128.87299935247657,8.346135915884336,1085.4657327706584,20.04596282152411,1.1058106303045512
658,314.64738751833636,20.940890058361852,2673.285036414023,49.88948563917816,3.1514544930440267
659,25.774192494773523,3.62754322118442,227.4770554189102,3.7581656010653237,1.2310631547095188
660,103.16381761796161,3.970767460231123,857.0181278569274,16.410365855203196,0.6554420212895709
661,21.010432354076364,1.36651878671044,177.38965032167505,3.7268537354473183,0.42811977587136063
662,157.82869086005735,12.66624330022451,1352.3036956172782,24.74200429149684,2.061327603187811
663,202.53014419251886,12.357289791643785,1712.1288493374072,30.923538179928098,3.2538490946697034
664,10.021822587223584,-0.022090140084912058,79.42617593909004,1.127230917545085,0.6402386243383851
665,76.30219653475194,5.386886002694398,646.8350297208774,12.530099862748942,0.6407245178489926
666,171.83568306113682,13.17100419914092,1463.8237879695625,28.024222555766848,1.22563354813345
667,41.04767630777598,3.6009457659529325,359.03776173369295,5.876445145247013,2.3515193843735474
668,14.47663852888336,1.1422219194276026,124.01659026296996,1.8605302564374837,1.4536460815376886
669,91.28483757180601,4.31992933408419,768.9709023782628,14.150554126989153,0.6872678269188812
670,247.5042966304654,15.728035667961677,2095.458136877482,39.74640989395331,2.8789740462025617
671,8.042298245081321,0.012298181986639456,64.18621077265244,0.7809413953795571,0.8993507489416448
672,237.18498119309064,16.791888937141803,2016.34402832582,36.536636400196315,2.992226550455992
673,187.8398925549838,11.54926524749566,1588.3703653882071,29.725167712649004,1.877673818217509
674,212.74567937931138,13.445758233827098,1799.8254725055715,33.52351774763871,3.0942074030607167
675,251.45803787074726,14.226812468858528,2120.4054479772526,38.809553438885196,3.062492048045585
676,167.16980428082888,12.68166118899568,1428.6942380169353,26.03513099608402,2.497947396171826
677,269.15279380837535,18.66175207728769,2285.91719388558,41.99196890259483,3.2094981359408137
678,152.43804974495427,10.863384578891816,1295.0786805992436,22.60990243360248,2.44546132857219
679,270.71703129416534,16.987634336138377,2288.302721881183,41.772071581852515,3.3643096350666433
680,106.0250323714609,9.106645737924202,906.4979391962426,16.177827958787855,1.1035061857597332
681,201.4864727842386,13.341589190792096,1709.7101072104265,31.74770636647874,3.430056372041506
682,64.48910934436498,5.5946776121673665,544.9242842131846,9.47477651962252,1.3274509831867176
683,250.69946248368126,18.43380538207353,2137.3498365418113,38.836185323383056,2.7962024302668556
684,110.10449027963305,9.670299275421224,948.6950797140464,16.478574988386768,1.4342708778781303
685,396.6319250950662,27.298123108391067,3371.940744804007,62.331642808430644,3.843865481605094
686,286.0144311752625,15.594835925166855,2409.6776281910475,46.10465477085492,1.9183232473064389
687,96.48342319455965,7.731348385750723,824.3762678067586,15.430349561046736,0.3807997432787702
688,341.8120490630963,23.341667943809465,2900.3476347605965,53.198915267995574,3.963107424437609
689,42.04157923666218,3.6263821832732654,360.4104681782751,5.491806816569335,1.7105104831433584
690,208.37394317346104,15.109592859088016,1775.2822268387138,31.871894770715183,3.1939237754301044
691,182.10053978090045,12.376168474378963,1547.6670710627466,28.720019683128267,2.2447652162904372
692,172.90602160477914,13.07226282703448,1478.1238415764155,27.313356155828426,1.8434746405957405
693,51.15007805746295,2.492381546988117,428.2812631810131,7.5285862187474795,1.5061033413269898
694,88.62974067486314,6.49457976641372,755.5030036551101,13.510106381821236,1.3024159402920095
695,174.0566734851972,10.136548499484821,1473.9288725592867,27.57744694814687,1.402408964896253
696,313.56197140032117,19.666681093302078,2660.264495224077,49.12504261345484,3.728534341002981
697,254.08631526590023,16.053654639331697,2145.8902657737312,39.60653312619683,3.237195353006203
698,352.6768077834478,22.131222798593782,2988.0679977809014,55.92018351056113,3.468685567585363
699,287.69031595058783,18.47330858031186,2439.873574389308,45.4085710071956,3.8324664285871366
700,89.60967102360586,5.640961326747987,755.4748243925874,14.115995846037999,1.343742410087411
701,237.56346301423838,15.969712746743781,2016.1567219517638,37.13419068995535,2.695923048730248
702,151.306913304202,10.042347232491952,1283.9299364543863,23.473977317521072,1.6232441026856566
703,95.73380571196228,7.965773239135604,819.2487747999444,14.75873090873156,1.392320044642013
704,101.7620466442193,6.62699664744459,861.6802846578641,16.361678589536375,0.7556440008830481
705,25.660904073598957,1.8580067895201893,215.0287741787014,4.512340412934655,0.12309726857446268
706,127.15120268405913,9.894090668683134,1087.4399537322952,18.917337129890978,2.122728311518238
707,146.90963913512556,10.038391946488204,1245.4697495278097,23.016240505729268,1.6625946260262783
708,32.64160311064912,2.311486990357598,277.99455810073243,5.266053916856264,0.002360338585821964
709,66.0211017436216,4.502579812874203,557.1036966860612,9.554988285239059,0.2741228637880768
710,94.76301760635951,7.457544718840921,813.9423197858052,14.611265119279134,0.6821716483299376
711,186.84293451194108,11.686151590039255,1576.8321091899106,29.338058309720857,1.2699405328758453
712,335.57826333411197,21.799508866504343,2842.031492820422,51.6757202414293,3.809800742553177
713,235.87980336289553,15.320282230862245,2001.4422972369443,37.786707122303724,2.024583680097981
714,141.47906691840126,9.35137609322938,1202.8393576468497,21.853874732147972,1.2368019648616166
715,357.91159334373265,23.362110508395343,3038.039124280157,55.124201671965025,3.9672825076292497
716,266.47124853468443,17.61768786628732,2262.368636167695,41.70658599472597,3.0243001922505925
717,254.39878438702212,17.235888862578747,2159.7819091433153,39.00730762882254,3.170803990530828
718,233.39080816744737,16.009052609059026,1985.3573199936625,35.95542424133432,3.2838944906695025
719,-47.02211958376589,-3.764469639277312,-400.9822952217165,-7.710853174849076,0.024700260745631475
720,164.49572940893572,11.637679958260723,1401.869661258581,26.13572546423927,1.6729775438556151
721,36.11474340988988,1.127818192333792,296.88086512409427,5.90329177537318,0.06287968392910637
722,224.05734341004265,14.864488037233338,1906.5455631026919,34.855138291943845,3.3476393637103525
723,97.13405813802834,4.5655335117522124,813.6167337480016,15.750956844153245,1.3533901324260764
724,178.00108246258344,12.709711962946741,1512.3327012196423,28.114881828877913,2.087963947188524
725,191.03208343432112,12.669084722938898,1618.6774107250733,29.71912762329498,2.328376448913295
726,205.03462502851255,13.320166879833437,1737.7950472116158,33.02521216586609,1.6476553345314384
727,-15.33854207534443,-1.796390568488541,-130.69992354044757,-3.594361575282802,0.3066753638462649
728,152.7411348228042,10.589401087156626,1303.9407922603507,23.14564856094303,2.9477867872834462
729,169.3907799805717,10.497472530222982,1435.0259402201827,27.733924167328805,1.9723021175347353
730,227.62136028209775,13.758950847388723,1925.3608609680325,36.116012833774015,2.619845087056389
731,-20.667343082971563,1.3622210657236404,-160.4045448915328,-3.5516118122589733,0.3717596976291504
732,174.00612605458306,12.265725131527608,1479.0784386488674,28.06604771974139,1.4332892120135146
733,146.35366098586726,10.941924495342507,1244.9259282906694,23.433092369316437,1.2220018418550098
734,58.44749113344497,3.323880573464593,491.02750882444553,10.311096416412393,0.5251673144216227
735,92.53442888927097,5.15900336792915,783.367035480159,15.098727896695973,1.2404358027864233
736,301.0512807866651,20.305320373224042,2556.115176708479,46.8974456860869,3.9947139033156023
737,162.39546592586407,10.901359684666696,1381.621774371429,25.516586375182737,1.6648060513473855
738,143.42620593800098,8.299931819434835,1212.6568722974375,21.732441748629363,1.274778664742659
739,312.8349056511922,20.589130380929532,2654.938831686673,49.40621434436254,3.2686635572527862
740,127.48600568382854,8.970324266468541,1092.1999136371196,20.076151483833325,1.9621734878309405
741,145.4047052887792,12.080875630169167,1240.8602894396743,22.100950846597186,2.191213926454805
742,220.84866876456593,14.372358716612403,1871.6233856329332,34.50342313050162,3.098557361789869
743,-50.49542492546333,-2.206323606820624,-424.50345232802016,-8.201415095963151,0.38514430435871905
744,47.020936045635274,2.9151338337260446,400.1146928888662,6.530901421043959,1.202158335652857
745,120.47736335266498,9.215268880207526,1026.3330581212024,18.42765589682358,2.064553411021554
746,221.94965853616534,13.034324257736108,1879.992963969179,35.23232667811678,2.081910052352992
747,307.8772730388933,18.977269517377533,2609.3485445166434,48.670263428693275,3.1542335880237204
748,319.2952358561251,20.752662958840947,2709.7818764845615,49.92765382405347,3.2883007218706575
749,99.08747664635546,6.894318386792499,848.1120138385577,15.723090204888713,2.0121978362140087
750,-11.999803246816315,-1.8301248815268103,-107.05513838108651,-1.9366904968611385,0.14370970008408257
751,47.78494194885096,3.445925053965687,407.7651516068093,7.012881062535359,1.238822543703285
752,27.58227314082717,0.6626051773652248,223.97417077701405,3.8672118185230326,0.7016179692824296
753,9.808902742445571,1.109974540547674,90.3610631727784,0.7699542130909758,0.25494349256281357
754,355.4841080378794,22.664041455046487,3013.3500238414663,55.97644095715741,3.1663650128829666
755,59.65142108777885,3.2788842629259447,507.03176909566366,9.22365337506876,0.46065049733866603
756,168.78591460241378,11.244951834085793,1428.7487337142643,27.46873821519529,1.2572138142409366
757,392.965369957784,25.710290197642365,3337.556326131282,62.02671532042346,3.9198636522016357
758,317.9501258840768,22.111186210700723,2700.2447254378326,50.66400741935937,3.274058789938031
759,146.02366903547286,9.273133943653189,1234.4725674205524,23.04074418893765,2.340831806062492
760,105.36699717147373,7.4721357120146035,898.4714805741631,15.21580063735792,1.972034365837866
761,99.29374036724121,6.374487459050715,839.4677432905003,14.79633816258989,1.2351918871399334
762,301.5677457127452,19.95117616002882,2557.6435208347084,47.332075861748464,3.9561019273128983
763,111.61634455389753,5.832274941996763,942.6892125959321,16.199276528407722,2.292220805478509
764,224.02818492314117,14.46311372952572,1898.5874324616611,35.09857603656229,1.9895622718390462
765,282.76642894965744,19.62993718904002,2399.166519133611,45.30569097537192,3.3341436177271064
766,171.9507541859926,13.188719196653581,1469.5815327421278,27.242902546970225,1.9011838650352413
767,68.89651564200223,5.246540675541093,589.9619727573199,10.780978438604446,1.1794698351066097
768,73.81664648037632,6.731636521306719,636.0189422222295,11.094155108751892,1.821125820485551
769,220.64066642538023,14.354879292417152,1875.107433826465,34.88652163995997,2.2046191588583426
770,104.02949225942196,6.681676207479828,881.8846866417426,16.77972724616627,0.5750083649795923
771,286.8847612514598,19.364087624441062,2436.402358689196,45.582956173152866,2.8452803323737537
772,174.3774686690965,10.478653906908256,1475.4318692222712,28.208505359061263,1.7280963330526449
773,215.35963071287674,13.354428580042667,1827.5809591480784,34.28329661684235,2.4413001761766226
774,53.20728007851138,5.325347509430061,461.79805829496246,7.753059130777526,1.093614937352997
775,250.50374316997338,15.742467611741416,2122.594825211005,39.046235355381185,2.699186551391725
776,87.27663999434947,6.185451841907561,741.9978975066414,14.9996244832817,0.8697260431536802
777,77.23463677558478,5.084741485660752,658.3903061910861,10.828366587305133,1.2152204547468526
778,373.14740358021106,24.81799665852089,3166.967034993138,59.11180507445743,3.5772097238418366
779,337.3831815536409,24.1230673310294,2869.3699390653223,52.92023973067921,3.866185356498223
780,194.97268087987948,14.65768589177529,1669.2575281187155,30.458189415069405,3.0997784875830385
781,188.02899856929588,13.927150582502689,1603.1799671052556,29.264156735459416,2.4067000788344357
782,61.47978469368546,5.007196951383307,526.8166804679976,9.603365642044857,1.0576518119523217
783,22.689528352078227,2.1791640094659477,193.28434898400027,3.669216564851148,0.6307980085672824
784,163.00962774052107,10.781133560186392,1380.6771449083878,24.3964601717502,2.4359695418707688
785,46.69955610885263,3.9373296080576763,402.32178620882513,7.459044507636453,1.437114984329627
786,329.0916817713391,22.29548128431841,2793.5910463769096,51.46026143117015,3.523309817896962
787,337.51502755271576,22.693239486579067,2870.2348330255304,52.94694339495842,3.292076280253242
788,118.09662484404095,6.282110361991943,997.7175672955495,17.900819502412073,1.2887184486226793
789,104.52756861116634,4.626551106330356,873.6345334264191,16.129296912870373,0.9102205169928217
790,6.878000218817691,-0.20564279059835933,48.005099885430496,1.122320676694888,0.5468989808896016
791,98.77437221576514,5.856684438390084,832.8705353724926,15.513641127372402,0.8194258718690954
792,33.15941642206983,3.9931330938720793,285.61027946309315,4.89744627692345,0.506424872834558
793,117.8177914359579,6.160200259077838,991.647654951708,19.143717319602526,0.646250523582669
794,274.9000275447104,17.684170301265333,2330.1537968144626,43.148936320434366,2.9064507440344403
795,72.7116078204637,5.934234072161237,616.350599026651,11.488888292550854,1.4749984176563453
796,-49.77155400934154,-3.3338373761347864,-424.7077279633992,-8.75660524311015,0.1861821463555704
797,169.99529214458087,10.015332598043814,1437.8081388220512,26.487626100204256,2.2414290317700156
798,65.57088553978697,4.571989108093625,559.4609327971178,9.812402385673659,0.46954160904609044
799,415.7339955314675,26.22976499282091,3519.81236667552,66.03811111264996,3.802641009537707
800,132.179780265087,9.128789822539071,1123.8514987526946,19.901995229307197,2.107553499285572
801,217.9503449818667,12.430053666098981,1838.8673354148723,35.2093990766424,2.7416435323364605
802,190.8809202746714,12.37787909705076,1615.535189391925,30.74698390550307,1.7654850437845107
803,-8.342623872335931,-1.3264589600895351,-70.00035912226977,-1.7532679287896729,0.16371973539553686
804,29.564104845940115,2.674412765025396,246.77037310327958,4.564320929958941,1.0834561475318072
805,243.00275505268863,17.039455758747923,2063.8276978688677,38.92217370578564,3.0108787368275145
806,138.76030876253392,8.345940745018895,1171.8053815388928,21.268113539994935,1.544979273771232
807,197.26351462219947,11.04530169017648,1662.143877982607,31.79916374328527,1.1362295224877204
808,64.24426419751968,3.0002040069612326,539.4524121208785,9.619020469445875,0.5937547631164453
809,104.59055703115706,10.361330467099869,904.7426056043154,17.187088982633096,1.1248269098864005
810,178.75058543731222,11.918625757421394,1517.2533679183196,27.256918002833753,1.3983460152912892
811,180.9240589035148,10.684812030008818,1523.19195425858,28.641893516651713,1.9948391051339138
812,271.3816562556831,19.279013517452153,2309.201981495271,42.07743937335282,3.9525456700561064
813,157.42704407414607,10.255853833394411,1328.2347099118813,24.3194230080738,1.9859386496881397
814,98.49166211331443,4.58697525799061,826.1325054349778,14.401726666772689,1.1422216359923456
815,114.30623525144273,9.4983424360292,981.8785746117005,18.549703229220007,1.547135130575445
816,371.1767482776848,23.730985466789594,3140.951198517932,58.87880077975401,3.726126079478454
817,157.06946159020112,11.681633595879736,1335.842122768415,23.723433556424776,2.168772525104528
818,356.00729961932905,22.00219708512576,3010.8817965077383,55.64960914845235,3.7551782162172866
819,23.367544204046578,1.8198681995667023,198.6284887909616,3.374165398028917,1.2498074091785218
820,140.59612405285293,11.151414456476417,1201.3716985185833,22.699416682620758,1.5930635510396702
821,212.7148485768059,15.584947483014325,1818.65141729841,33.753713135739204,1.6464833593695252
822,43.046353897496566,3.2441542910886856,368.40300723320104,6.7452434718892444,0.30535240608716796
823,185.5872643441625,14.622255668719214,1587.2401827839312,28.699856794663877,2.7973812844842003
824,149.47800381212093,8.950165622506177,1264.5100978293576,23.698646068457855,2.5741388573087343
825,-29.001872772172675,-1.2302276858843875,-242.86594470137888,-4.6879024180971065,0.19604829013732683
826,42.345816374034584,3.221073805068139,359.39339432070943,5.965996818086622,0.8510676472427336
827,-57.65724290436379,-3.658835287527574,-485.5232059421896,-9.050878553944873,0.008115143949204207
828,62.70931873520139,5.56728032184551,541.4942528608617,9.51311447469381,1.7264450594379288
829,259.86563251821445,17.8952035966381,2208.9545403570523,40.798763220115156,3.3024259655033257
830,-6.105650881642515,-0.7432579501120062,-58.12402526071599,-0.5596436265109885,0.3303997216869954
831,57.657011746596105,4.012606756261461,495.60736316398385,9.059239051248609,1.5602593885330118
832,79.80148009985135,4.634133950357004,673.483370292503,11.92903370697423,0.7157381290842935
833,94.99405627149517,8.7179166114531,814.3260942801054,14.237155108682128,2.534848355611659
834,321.1300183833706,22.357542159225464,2734.166442085839,50.356509773805506,2.9188924567149335
835,225.060966382543,15.781930520338992,1915.357327730701,35.06524301078955,2.565879080617168
836,101.6025526346539,5.6251489940805355,856.3437545901161,15.95028899663621,1.4912300259576279
837,77.80945935514936,5.9124438192272315,666.3892596686054,12.793938610139374,0.4851014955431556
838,328.5493706557448,22.020434889001663,2788.9710428605676,51.49430373697548,3.943740863047138
839,104.07940319912919,9.75845562212122,899.498580798039,16.224746727166067,2.066335359534739
840,253.32430048003684,17.49004693233616,2154.077079171563,39.65912264522357,3.313974806635908
841,126.56115148323924,8.139639359058236,1079.2373204373566,19.831491878739058,1.5850033228237628
842,267.50414474621067,15.488647945661318,2253.5248648296288,41.29326551851627,3.1729125098570234
843,192.23791863856013,11.236964711242019,1625.8384087221775,30.916762906173854,1.7681533387128985
844,282.6579935563496,16.989480486322133,2391.057760264751,44.4235491991858,2.5875449560798236
845,221.49698120278995,15.278111646713935,1878.5691721825642,34.71575537764667,1.8600122190389428
846,212.5304800269382,13.642193118238243,1795.3091120755357,33.6866731070574,2.718968424626967
847,186.54106693174967,12.612714741760993,1587.9450497069702,29.27812156558349,1.7767039725280553
848,3.761865677854136,0.35751125432494657,28.03172120296199,0.3708439529951584,0.5372422269845254
849,151.4156989844028,10.741386935900604,1291.974348125323,24.02775080448892,1.2646343176893855
850,126.92508759137685,6.6528817771364555,1066.7428264405196,18.613756888524108,2.2049347158911723
851,278.1859010704307,16.83921943483426,2352.131072786279,44.221982184158215,2.8391715182658745
852,28.937933548087532,2.70408373448493,251.58770984945141,4.32753525079146,0.659684922946334
853,150.73733739530476,9.338765832957845,1275.1289162296648,23.77286412902143,1.253946525310508
854,-23.249657064929444,-1.4696037144127077,-192.42448238841564,-3.7721238044226078,0.048560091367379155
855,167.47392097760607,10.228383236710943,1417.1774647393756,26.895454740786725,1.1267374657411735
856,166.58465721492817,12.717128073050587,1420.6564580728827,25.791764289735745,2.3721903807790428
857,68.92053677745729,4.070087491281969,584.6245007603196,11.565453597478376,0.8309358975204515
858,294.9725635247117,18.069167238654043,2492.89570437612,46.2374901467119,3.348863070342007
859,283.72831327481435,18.51413454827501,2407.3195293448052,44.71203695062284,3.4453496153800103
860,80.2179651671523,4.065017245589806,672.0502296689197,13.158150397500062,0.9843331064902863
861,70.46996610695595,3.102192584522042,587.6075628973708,12.366411965322044,0.8590251970887444
862,13.899378296886765,1.838769586374811,123.48962605005853,1.505095536349788,1.1210596395294958
863,49.26123502008436,0.4089091090677668,400.4917107009186,8.086407472433478,0.620481032737668
864,197.82015112909468,12.856983287629966,1680.0639687618989,31.017281590112802,2.5984508767104293
865,87.24783103980415,7.026534732093364,743.3750447678691,13.060100094332851,1.7532904889581125
866,19.761876014391227,2.0366244733098267,171.26420153645446,3.4561228935142774,0.2201188148750215
867,-34.120404970943106,-2.727025922589763,-287.9771500479091,-6.088637001942627,0.7315794882864348
868,305.1458912771874,21.786450382766635,2600.466354854261,48.08974661790164,3.90617331358234
869,46.37211253645489,3.631222093888966,397.3798423095388,6.725422663469288,0.8667381488140111
870,219.55503485910444,15.310948630797329,1866.4126187653885,33.467863394986985,3.300944074260064
871,49.23675043991508,3.908325313976473,417.24361421322675,8.20260851226836,0.2989300715324412
872,116.09128026969178,6.722309292964033,979.4712070336275,17.629003487290777,1.2191143868465395
873,220.1600984716249,15.060920605592676,1863.091726512483,33.90052488216186,2.0331958897514357
874,141.36450051997537,9.592546000621725,1203.2615211363486,22.132348625755437,1.9328165258177434
875,346.20881609738757,22.72341991655691,2940.528343875608,53.47417887411782,3.9563848436922933
876,75.37969517756451,6.483635481844677,647.1042495910194,11.308390173612185,1.2251124028962903
877,259.62146768472047,15.477993732392246,2195.749958650467,40.81703265197642,3.7482000474423462
878,105.68525657378693,6.8796519200023125,901.7320956624617,16.334701850865198,1.3701453195950117
879,286.15668766762883,18.574360005515338,2420.2416589858135,44.82673727805169,3.930888149513862
880,318.62633816559185,20.148969340934926,2695.314592440252,49.45145908428531,3.749176649363347
881,402.18046855659037,25.858115542228305,3412.773633032119,63.84580412907486,3.510440573038243
882,334.5671846112762,24.62795069801777,2850.1733040725285,52.17407952201362,3.725564365491688
883,249.27061766092294,17.009166002860947,2117.014044397532,39.38821175395565,3.3992239041485677
884,195.72170982835996,11.79046043555555,1658.6117301415243,30.53893849290556,2.9864301928719525
885,267.171487533223,18.397879783746134,2271.423832186829,41.82599719875905,3.401386799935783
886,289.3273521211172,19.58038975425074,2453.5645930101036,44.576032900657886,3.8167446867611443
887,179.1994150808877,12.297301665427774,1519.6607282020568,27.11124555297291,2.7823295487216955
888,282.12004252644823,20.60116769676511,2401.348904623831,43.84539928078061,3.093959194695472
889,219.2170878314178,14.844994476819178,1862.109918564927,34.82358336677613,2.42449752234331
890,217.30177918481414,14.371378630527875,1846.6958146276036,32.59243135484478,3.0281117853404886
891,329.55134873191287,22.096171330436533,2791.853357021903,52.05035323774626,3.013659746952827
892,232.15607768324523,13.651334547830574,1960.6847406115157,37.05644664742378,2.6592752951471494
893,208.60711784434216,13.994773557340373,1771.7047678833221,33.324443421613545,2.6508437663411404
894,330.61104325344417,21.70966136363251,2808.1693210781664,51.20890280539808,3.4650534791350083
895,83.4331703631503,4.648267457631174,700.1893013228494,12.935451380111617,0.37409014286597264
896,222.4483586405254,16.337889244409723,1897.5490728697544,34.56180734925458,3.4791663332437195
897,180.41295574476868,12.411493369728927,1527.3504526605093,27.649154247338714,1.6561858596617558
898,130.5699920425874,9.536708431796542,1111.1309359339984,19.54726371572468,1.2747613786770078
899,302.77093174670136,19.47039429336139,2565.3019334124137,47.881773587425656,3.5168388721061437
900,165.701586508428,9.333958100872133,1401.716619349986,26.379461420378313,1.9978862895648746
901,213.54053739431893,16.217196964198905,1821.9404358418471,34.313544415118784,2.209543703550591
902,238.2904364462847,16.10240358837299,2025.4426192739857,37.292123037471164,2.679630092385817
903,111.9718353995631,7.051125669452968,948.1644128302448,16.29958535607623,1.4893226934202421
904,194.35796240923753,14.833804189976739,1655.327101690556,30.62290658460943,2.5673698844234285
905,309.24182261736473,23.10101940824755,2632.272200670865,48.901538811994385,3.4155570171983745
906,325.85498115640587,20.24082535786263,2756.2224662033805,50.9592100936089,3.2994092413286955
907,219.8408396101928,14.983075871802749,1861.6047694805486,34.90009969236746,2.1139173379100247
908,153.3584700299707,11.372688128918073,1308.8410113903763,23.770383503685196,2.690009758444305
909,-8.10627017857631,0.11663542207509336,-69.67235255101129,-0.5613540435987528,0.15298797913237427
910,275.4954172257259,18.187802008139112,2336.094328103082,43.414521666313085,3.472679654339189
911,141.13551183077433,8.840684163688561,1196.752994408683,23.41546813442288,0.8033424030333913
912,240.90700438593433,14.9881850167997,2042.9633065826233,37.431889642126855,3.4233559431045704
913,135.5526430760025,10.973658577420327,1161.046612100156,21.098115075212153,1.6229864715922422
914,100.283621074529,4.764467367481389,844.835002357356,15.767813951717653,1.5332529172365073
915,339.63484240691344,20.954504058286552,2877.524439268479,54.22922650583478,3.7799627961316022
916,201.713331697523,13.899092460198151,1714.5319537996277,31.94638060502836,2.873815509449853
917,285.58593167560707,19.180634480032385,2429.261512383238,44.427849026121606,3.844702008434177
918,-14.796614978189295,0.9500749032316849,-112.23092345844464,-2.6278314442343023,0.47876188023808774
919,183.2244572868564,11.47771517459406,1551.209618303871,29.240420463207855,1.8736889813578217
920,290.3986626028077,18.660194764115985,2461.508378689088,45.56928403661388,3.723044918391983
921,204.37772875302392,15.077763463815387,1742.875238686137,31.913005266431895,2.4150117387736234
922,290.0578468818932,17.487284356780723,2449.4039678288364,45.318003845118966,3.740163770020303
923,36.88581699882244,1.5222320996451382,309.18313615351514,5.8663137624888115,0.6782693449453085
924,143.4090586293025,10.798004425984296,1217.9616144587021,22.576460605002104,1.2346037662872216
925,109.70410434146719,9.09969842381344,941.2123815993752,17.42989332252006,1.3311433058532205
926,308.8058422339342,19.81927515619003,2617.9550435643964,47.889891077913305,3.9312871395289553
927,285.82636500771025,18.935196947226466,2426.485886367536,44.98688765748549,3.1536794163015363
928,303.41209473739394,20.169330950466303,2575.0921643726947,47.339924120317384,3.403230021169086
929,268.036770674552,16.438543583144515,2266.7831579520293,42.19276021007821,2.770545116093957
930,-14.587184629015752,-0.458792001079686,-121.4375689644321,-2.7688125270414634,0.4352342229437518
931,100.7580280856052,5.111103247048286,845.107936992834,15.41124400244365,0.9184214111028237
932,115.29607806017268,7.303199063790285,977.9498970890012,17.667679471657777,0.9842741222152158
933,262.51386201835345,16.31612225020129,2221.9816694483734,41.67918433083742,3.1847061768072797
934,187.05867167998977,10.681743524265219,1579.011499461875,29.779159211154965,1.9469826143141007
935,74.51268232436168,3.143473815160432,623.9268200546285,11.68292726192052,1.0973082633249605
936,322.5580468167731,21.535413056724472,2739.927846054989,51.080541177873734,3.6588446052174723
937,84.3756131821186,5.336645815938979,713.3054385164932,12.626393677140033,1.1476595934205847
938,325.42819277267495,20.05748276067452,2756.7657618923126,51.08377533684584,2.917319936051563
939,263.31510542752756,18.946499624811146,2238.787096898316,40.98462312343387,3.364651473590844
940,446.48943375667653,28.772396303609483,3784.158463170037,71.01943520176246,3.937986808536764
941,39.429514432280456,2.169501589740583,327.0563873832942,5.88469146433543,0.7712030528599372
942,172.28432789781766,12.113376443042007,1466.9363107273073,27.92913970895677,1.0142149724139928
943,106.94498517404105,5.125591538461596,899.6750321697955,15.95714240589902,1.4347167285776106
944,217.47350226551612,15.496136067825685,1850.792786810921,33.36366302198405,2.8965865177795895
945,232.73301468904558,14.452993049808544,1969.616221439326,35.92875321296561,2.950916244198955
946,272.4239472081112,18.204171424618508,2313.969153118736,42.96552912376253,3.458704693872382
947,29.535687041886035,3.975867437683002,262.27785028803606,4.78465557639003,0.2552170306241526
948,-16.585089730174293,2.0976693612877604,-122.49786023668052,-2.9214363416248874,1.4726143990333984
949,62.75484432878955,3.938507982369455,531.2447232559535,9.509446169670014,0.7607993988844526
950,-40.256855906069234,-1.3523905523321553,-332.1780489794742,-7.246726851271546,0.46978133375836917
951,240.0520439043367,16.42673803178031,2037.4667669783241,37.82915549703495,2.60343663950481
952,134.38443380774908,10.751335781896563,1149.8734465909783,21.352807864026126,1.3722958513394001
953,181.89313666355503,11.92473518733692,1542.2252778829259,28.796302792254863,2.5840733265446736
954,46.15150138224965,3.544581887980284,391.64102314768854,6.504535213611186,1.4456392196051722
955,-1.999069322311914,-0.27097735510178733,-17.51171279984314,-0.9122432882696458,0.8542579531231653
956,175.33351550130092,11.399647709300481,1489.0927652611074,26.640340295305407,2.4715994952967435
957,30.09081664748792,3.9203987832479736,267.3928647275398,5.139943283832984,1.0612184587255111
958,58.92393506778864,2.0712768852866255,492.22223368438165,10.274893216717679,0.6415740856814391
959,169.27780356233293,11.975425470591876,1439.4136934859903,25.715991418993895,1.089961814962202
960,253.98018454454768,17.804072375561685,2161.2645921007493,40.14374933648512,2.99987092324412
961,291.3693307117179,20.42272185330094,2478.992799849422,45.87860844572435,3.3512152016147323
962,343.8056853528325,23.232704579536104,2920.1376189314938,53.63853326824486,3.670335581372554
963,146.64472812008322,9.9610255830741,1246.1905517580929,22.860656055975852,2.3840124173635
964,183.16055943065297,11.071136454123865,1546.1132382750552,27.741924283728675,2.0623177654379745
965,15.263890038234303,2.0727730325130884,138.22201404978946,2.5139689443625333,0.07258456751463704
966,131.40939564991183,7.6683257369103135,1102.887424159235,20.779642120593863,1.563906911093146
967,32.479156120422836,0.5696291016965929,269.12026436897327,5.247988002935881,0.2848425740765923
968,54.569725281432,3.128286183285026,461.561537026046,8.039523980084098,0.4719194413166692
969,249.12758006143264,17.449366433638254,2120.9615394291686,39.55796386563869,2.902925034784122
970,310.26295149913454,18.8296323426063,2623.7736651851155,48.99124800502764,2.9843143635108387
971,95.36009025376808,6.771431134984976,809.1448506030858,13.683978466037399,2.4347871791792604
972,185.13058111562228,11.19685259588004,1566.6642123197971,29.303132875766924,1.507721863378011
973,25.043950138437513,0.9903978297613172,208.5075761421998,3.355974510792636,0.9445144087939759
974,301.65268945025036,19.884696626780446,2561.8064013734947,48.19101294719151,2.5543367671061104
975,248.0972973854957,17.509125883134452,2108.4612151677793,39.15820486582163,2.338124151363456
976,57.13101555427617,3.4872986951544083,482.445698684088,8.956643955848731,0.27474576616701984
977,311.9348387569777,20.899331505992155,2646.4603212493894,48.370791089536,3.965438477209186
978,92.96843042696595,6.611532724843948,789.4485987034195,14.685376505546254,0.09712987721947508
979,50.2903886549944,2.8698153590753326,418.69828482399686,7.922714312151619,0.7008187245560848
980,79.82858854591026,2.7993041553175297,665.9784124262688,12.047146245518487,1.3110492757700465
981,90.62385100208937,5.818391478784717,766.9503181747324,13.741129550431738,1.5424878904895505
982,-9.698605459001843,-2.088120465193069,-88.19513501514905,-2.2891575402707134,0.23562429659838058
983,219.79815227789274,15.373989586839208,1872.3433740069313,35.154220219828915,1.613934697082164
984,88.71644246609658,4.183174014582063,744.0914574969157,13.285353622414235,0.6373509949983154
985,280.70175997806933,18.989796052440497,2389.0400862233964,42.871276765163124,2.879987835001427
986,104.25321631678335,7.243987441421918,884.102686409833,15.89237597370446,1.7745576241696566
987,118.69112733813131,10.45616093246717,1028.147547479233,18.127840130744083,2.0395409717180493
988,-16.22635188760745,-2.035360486645355,-141.11834862347325,-3.3076445389026174,0.5086850394136126
989,293.41117810629777,17.804210169016162,2478.8132584407717,45.80134526604271,3.5061020537652756
990,65.20193054700788,4.235810034577681,554.0231860023966,9.288865627522345,0.9972345053225369
991,21.486995556161958,2.4315851944547013,183.35353613294265,3.335561130789024,0.1245455706640417
992,79.77220409924338,3.1804386523099373,661.5625016796274,13.843880679136127,0.030675050766048706
993,250.98679026576784,17.600125294293584,2138.786716848289,38.83864688407005,3.5863054383682993
994,256.10428617747783,19.568522266221326,2189.7113536197908,40.109438053036754,3.692495056497205
995,301.63195169419015,20.553850732239837,2560.041348875941,47.732939338392335,2.8314463062420754
996,146.73872932101253,10.044633114294289,1250.141263017216,22.868224958325904,2.2278222753131125
997,218.01345451270217,14.067938742980127,1849.862197172248,33.87658899082231,2.953266119890798
998,204.51740612618718,12.142338293055193,1729.380986804155,32.73742486111589,1.5825438727480767
999,123.89949099080236,8.08978809419181,1045.3090841569294,18.176816484872056,2.688883058231895
1000,105.39528163806911,8.419422451014787,900.392492968852,17.067401597880004,2.0107283406588787
1001,100.96823780875847,7.301521057512183,858.4236272918519,15.708255136390685,1.0700772028907872
1002,-29.547504578359295,-2.2838778242265305,-255.96127125490483,-5.011068422750228,0.028808737689288932
1003,138.56796230291891,8.000923022986056,1167.7717811986258,22.947590047531516,0.8679578453588737
1004,140.40358289788134,10.865801056616004,1202.7471679176524,20.7325406192936,2.4146038610813245
1005,295.87002443361706,17.928546642961233,2503.546731978963,46.649907674231585,3.728609809771473
1006,320.8534512257462,20.675011963119562,2721.3232775964025,49.451377225132205,3.5449785984516655
1007,120.50348592041989,8.982599080474138,1030.5096822211287,18.399722541886533,0.4625787977743596
1008,100.29890901797391,7.04416542066212,856.0253795161129,15.573332095902904,1.4275250240780193
1009,234.88443820502687,16.60193525177569,1999.9223860130974,36.40979810315742,2.893238615169237
1010,75.33324340372592,4.996992984061269,636.4141187932769,11.475019695791978,1.0288836886003652
1011,200.3550399931991,11.834407686138295,1682.6635347505319,31.688192974316088,2.8536905091354305
1012,224.81968579159022,14.919262827547033,1905.5853083071509,34.561096277861076,2.7740371818851988
1013,375.57954373714085,25.291205360866655,3183.8926182471146,59.499611969506255,3.3571889341791676
1014,114.22117913598547,9.943873746405373,978.6822571919874,17.22522712678031,1.7467622178631719
1015,199.83180582356377,12.28533642642729,1692.0192517109772,32.368723049079954,1.2991543687203606
1016,170.486828098801,11.479748064686108,1448.376301346336,27.016837656715005,2.2297688853480704
1017,196.76728101278113,14.711635690212232,1678.6499361504148,30.80492458811131,1.8979367343455613
1018,197.96273904566772,11.637859398564178,1672.4386798419675,31.647925930135013,2.394189353274606
1019,-101.68747815184082,-5.3602176647295,-857.1785061820578,-16.99710247581098,0.1560275659896857
1020,316.6999300748461,20.358981223050563,2687.3107949723812,48.91303692382865,3.5612755388370387
1021,366.93915997969503,24.348205759715576,3113.7777428107106,58.43657232645397,3.4783787869555156
1022,185.47681990017102,9.917831055453835,1557.8939437171236,29.367242012823063,2.0076137065440043
1023,213.54231670771128,13.852986699109836,1812.096846318697,33.26642199494456,2.0708186327790723
1024,141.91786698080116,9.951131397795223,1209.9422594797006,21.385572867608275,1.719225860038116
1025,237.92566314482715,18.432104892835493,2032.0835745900615,37.8374618466322,2.9546254643203693
1026,206.90149923010026,13.493645256234057,1753.4687813409766,31.9857912754022,2.19532202707641
1027,224.63291534338356,14.031568847513089,1901.0390467257103,34.76923965011501,2.9321355442139616
1028,140.48180597363915,9.833182415393837,1196.5037294523754,22.08321930450831,1.9905388434210223
1029,48.35657032599801,2.748026190130691,409.00408680020263,7.858755751344459,0.3943811701798605
1030,112.21736439128996,7.809518210243057,952.5042768531246,18.551962266752028,0.60365188184644
1031,162.04712711404335,13.108143352331002,1392.8220922242413,25.880978323122434,2.55051314046343
1032,97.06911277548723,6.749552367459167,823.1731148966417,15.04998788008869,0.7113351658408811
1033,240.21882159704876,14.380300531845819,2029.3722653797313,36.584075779108026,3.6913663873335243
1034,139.76604806896134,9.045682272148515,1184.2096945755486,22.151332064163995,1.741162379387546
1035,97.73461295317504,8.159596142231077,833.3881395270254,14.633756161721188,1.6185948119003482
1036,386.308689496481,24.390525471223448,3266.5162141057062,61.11408262153102,3.3205764117966616
1037,134.92930671574533,10.451774353114406,1153.882874489117,20.673780047676264,2.0815137775368684
1038,106.64243020518987,4.78905401935831,892.7355572758016,16.929412931460316,1.6412036030998567
1039,153.6082767728123,12.762731441911328,1317.0052869320289,22.227803996341734,2.678625708772536
1040,232.99101481977158,14.897711124063715,1976.118751138321,35.96783613991692,2.188421133332058
1041,63.75995134323562,4.506549889315249,542.6674176281521,9.38498101710883,1.379452960826658
1042,44.620663696697726,1.670473440509853,367.5658664008746,5.845826640267253,1.300582709335293
1043,37.57387707327829,2.509960914558812,320.3117201324775,6.3567052214482205,0.21210508043003973
1044,113.51737831665704,6.926230523886424,955.6321806272905,18.186969882828674,0.8879084841941944
1045,155.2874309626894,9.527229588650997,1309.5770530240559,23.693870436711887,1.0557705341426349
1046,289.9315153750641,20.890368067464564,2463.809927977809,46.07516989406425,3.1342631265807364
1047,178.187711898497,12.048502315234707,1507.3538473488247,27.85928217618713,2.070236443690036
1048,169.0545612660814,12.42172581824143,1443.6196115339576,26.55722566658386,2.4890764658333477
1049,122.95231999893076,7.311856907006276,1039.8337696318936,19.459194466401307,0.9722944425947797
1050,158.05503480758276,8.862249806367068,1327.8494235132498,25.515806495605688,1.0871434617340352
1051,147.9650120875295,9.711446107244415,1253.7081505666424,23.09308908601899,1.81817323650156
1052,157.5141530003248,12.316643066875475,1350.0326080905693,23.94947237748091,2.1138315569414576
1053,97.88777822767682,5.6739011118191325,826.3660333329769,15.087985991604928,0.983013478692699
1054,147.52812132761306,9.53140903010873,1251.3705166864172,23.454673546720976,1.575846582627637
1055,200.65525987946748,14.139657279379332,1701.9075895269266,30.890332056140377,2.1484485317191373
1056,329.6388073046795,20.53508951140213,2793.3485085957905,52.04615202155012,3.0588872933034654
1057,311.9228149776738,22.17215408586071,2653.10068113371,49.4424971141626,3.2031563244038335
1058,80.66695519749717,6.1711330718532045,690.1257200930484,12.556089843400457,0.12405452909010073
1059,18.62221598738168,0.84415000971264,157.76024392324317,2.901283226910638,0.8191150535227916
1060,214.4813785135971,14.767548817073767,1818.3149667430125,32.954114283675636,2.3131859069425733
1061,304.5895333199738,18.39210910902023,2569.406113392024,48.43205227730694,3.4484504188954954
1062,261.8801227576905,18.782377675781785,2228.738554531386,40.262075392440764,3.463148947957955
1063,132.45306668073897,8.90081468557937,1120.0525073872604,21.07078524578042,1.0404789512292991
1064,280.46111369855953,19.176752276479913,2384.126383218767,44.06897920243441,2.8495942590717056
1065,70.18668417153792,5.013593423653797,602.198086174549,11.33456783598826,0.6219633910341198
1066,148.61108656773328,8.563351493778569,1255.1189655626035,23.972935840530806,1.6937724353059114
1067,228.39384584553372,14.39990552755496,1932.7772393817056,36.116257078276995,3.390860801798417
1068,90.97112749323489,6.436547049125994,776.4589963038392,13.772987659014905,1.5965577969128368
1069,143.7052816553864,9.805886423550486,1221.5452579838807,22.819758961488606,1.130171113102202
1070,80.44771473380638,6.899433346997791,688.8913691329562,12.249007381989589,0.6763456702272728
1071,250.01436343696346,14.666595191581361,2112.459839847638,40.10783102135164,2.7120182138040665
1072,207.10781215291541,14.917032430311618,1763.6668385998894,32.07949840939265,2.5290367619845795
1073,260.44914953596367,16.775085372551132,2203.207443937198,40.698124590390954,2.6954378429514034
1074,127.51286768547007,8.474804185981352,1079.0954419339903,19.707536496916603,1.9952760691951315
1075,46.40553581352221,1.6949422893718342,386.0319230860178,7.2248964953366075,0.8627523922354974
1076,174.630299562353,12.813312192106128,1486.881010819779,26.823742004270052,1.4103993480253538
1077,20.81641322804989,2.9619324018582827,188.9243541523642,3.3584741352261402,1.2686747701782681
1078,141.79675866015126,8.402612549735812,1200.0846535697215,22.190904104731125,2.006226638463549
1079,212.91618948108385,16.446727396228695,1820.400847780082,33.53496962300585,2.5267314086488364
1080,122.41274876797466,6.690189999154705,1037.113018411649,19.318443776804923,1.6237072211658
1081,134.0484927120539,6.330873852579785,1122.4626343108853,21.02762713317368,0.27663849722896616
1082,288.7003565761758,19.940858943202716,2455.1172439026836,45.189063944510316,3.4106690973996145
1083,161.79997476687277,10.221892232648727,1369.6922693387646,24.84999452372384,1.9730748864538104
1084,19.9028002662544,1.0167165411903343,159.5876572772191,2.683031784503076,0.05491770225741943
1085,168.46953507405559,13.39554620986126,1444.1114556251919,25.844346271282294,1.89354549768619
1086,89.94383017499784,6.8647003412710985,769.0845271150076,13.660557539800813,1.6627124989276854
1087,158.84358901634263,10.714127790433952,1348.261872657619,24.550325684083433,1.6409605570027535
1088,175.7819519357706,9.91819390263243,1477.3115306213424,27.748976034396886,1.79341523305873
1089,308.6480403553637,18.82115112305401,2610.189575611975,48.48510376047339,3.446103707086953
1090,275.74359407078026,19.795911207014882,2347.8748239000192,43.73503529936959,2.7023043125318145
1091,184.1484773136126,10.649225420347548,1549.182977485571,29.68746760340948,1.1399168209805803
1092,205.55590363380057,14.66378032548021,1745.9602031882903,31.436018919297176,2.9143626413224224
1093,198.8813620353309,12.698219630049136,1685.8578321910275,30.87941816760767,2.37461396460823
1094,179.88837618220023,12.304076479621282,1527.670904928576,28.882755029607864,1.9834082003001416
1095,-26.782961977301937,-0.11459563154933505,-217.78723863080205,-5.268085574213376,0.5234529739936553
1096,92.27976488804482,4.200881644427993,768.5776040299535,14.659121407585511,0.04277991030988648
1097,193.09889176829066,14.316437246989729,1651.4082683445629,30.76899988670105,2.1781282319695046
1098,192.64487964935333,14.042008736481161,1646.8175517806872,29.5377507685828,2.7462430524288037
1099,158.77844143286825,9.79618188259171,1338.2784983946515,24.30703034812725,1.3718597421773597
1100,155.01339966429373,10.750129140218185,1316.2993699550343,24.194184697822642,2.3078240551066984
1101,292.8338854534841,20.696964011290234,2492.906093279165,45.600659813941036,3.40561811992829
1102,145.63042736894548,8.734769783448229,1227.1783286451246,23.243084398667087,1.575742914233755
1103,239.97243640240396,16.01620446654495,2035.6890179026402,37.46285247974582,3.150976957940795
1104,137.9273068177442,11.342057005397791,1184.0041298813003,20.901687991594162,1.3271609424597126
1105,211.08869365190108,13.017455300405153,1786.580774466117,33.20262378735672,2.4215174066095813
1106,126.58057511532444,7.778055117317909,1067.9390901790414,20.3756679473315,0.6086222894850577
1107,5.84952073362965,0.26270847162162614,47.36380839553526,0.6490057809724091,0.5859845078071633
1108,-10.395339527031869,-2.2577437532292723,-94.98376658735685,-2.262105414143244,0.07874453981408358
1109,291.44230080469697,21.00189701773534,2476.9925026348283,46.145383981467944,3.4001767657879944
1110,67.58256756891055,4.119423195292467,569.2978483134649,10.874152154231297,0.48693593399853086
1111,46.44060324753569,3.230145034765255,393.8212789967934,7.161699210139534,1.094290062884316
1112,18.713882880845162,2.431587082841978,163.9204208276252,2.3398556418299927,0.10480435428437884
1113,126.01107771416476,6.9855538416653635,1056.3948936667955,20.364299366651224,1.4652022639761801
1114,80.7963312592249,3.9153506944267154,681.7642195171891,12.93586540813018,1.702123535000216
1115,98.89204976378497,7.043221096668539,848.5357031124186,15.188499666440453,0.8182097746967365
1116,290.00331158840675,16.882793355717897,2440.998279918112,44.80585254288425,3.56915666202921
1117,271.82857748130033,17.67964401305676,2304.899160735378,42.26279523965991,3.3037684364591904
1118,158.98855339521967,12.598384535285579,1358.462021167535,24.54259768127985,2.5226859545934963
1119,145.05900560841582,9.947804473733571,1230.84919305909,22.259229946208873,1.9034201872650267
1120,210.49708433536404,15.475758311335955,1794.9693231884146,33.333715806754675,2.8847081484026553
1121,-80.99275916041104,-4.185564613187034,-678.6447508476103,-13.295187579572993,0.08797026770346772
1122,209.4475895633224,12.942976475442013,1772.1100290813238,32.6300783211244,1.915699308736074
1123,70.70761498980485,5.371034658280069,605.6322006880172,10.931706142033203,0.30903192659253964
1124,90.77185748876555,6.583889397432206,774.6056442809223,14.23120536593694,1.7618752870083316
1125,168.26672883697069,11.804752987581052,1432.9728843408964,25.8310078557803,2.238376057641395
1126,267.8444720797329,17.168707977960054,2270.840942174646,42.486641160430125,2.90818476787002
1127,106.31167416172893,5.126385705800409,896.2122790276011,17.09931973737283,0.6637226023124017
1128,128.42104415094155,6.576991301779346,1084.5861638901713,20.144118318866866,1.4586662125569103
1129,243.68555046367763,15.897295524124054,2068.1947938599033,38.195655627286754,3.56345724750023
1130,126.61181181276972,6.260817531567867,1068.7213746994626,19.45058532618905,1.762397307561157
1131,169.60866359082817,10.881138229992278,1436.66513387933,25.973318449315443,2.0574154298599834
1132,246.6009103415568,15.751368570131735,2088.4649190728933,38.093133311417326,3.559028418599537
1133,241.4035803894544,15.650158003030143,2046.0297444078908,37.99046334565366,3.0468395413571314
1134,305.37490478397933,19.07729123412055,2581.6171795504815,48.26049215476317,2.5212519927332564
1135,174.988329216424,11.72426740148415,1483.856886189678,27.92404762941065,2.5833188044733446
1136,88.77933519030911,6.287155908603449,757.5205151987267,15.243661835925677,0.8515149992708788
1137,-33.575889635045755,-2.9348650960857494,-287.43109248512314,-6.070722008270931,0.4240958168395599
1138,-21.52577416513507,-0.6149972331831086,-178.28957609326423,-2.681566814042055,0.34722314677878385
1139,272.3162404330882,20.226865964588285,2322.3629803018516,42.990669247069825,3.1149196789573628
1140,21.43527317266072,0.34160787641769047,174.22344582753183,2.738126357131719,0.018178605212729515
1141,231.24957774355696,13.676374109337411,1947.0057777774869,36.410372459661914,2.4268045078239133
1142,249.97608360658455,19.202983181401883,2136.371005433631,38.23577338851524,3.3278112945844533
1143,124.79550025662016,8.158873086444787,1064.1260413160724,19.360498643006647,1.756462047359281
1144,150.9451812934654,12.634631039423397,1295.6621079888782,22.830726548351546,3.4902364944892006
1145,112.49877569809465,7.674200978750189,955.1358650874987,18.100450873084057,0.8368272405656287
1146,191.5198539150824,14.17379512100819,1631.0784695272127,29.486686009655923,2.0395611570418044
1147,307.89329005095675,18.10825102462854,2600.4528901669446,49.268193112271476,3.3301379156471063
1148,299.4586033411468,21.76885450649271,2551.8498617417986,47.07553992488815,3.0710903873010302
1149,53.16335134133971,5.55951801083265,461.4767690004339,8.099993985059312,0.4524014659286433
1150,168.88015827774123,9.319167480258328,1426.1873408825588,25.33102091809157,2.494212063518438
1151,289.3118317925228,16.3053249592342,2438.4875176879277,45.981568860961964,2.3985922668918462
1152,269.2013265428277,16.60908894377746,2284.3963132150893,42.45012147125822,3.465063298221509
1153,72.88894582872821,6.403935577643409,627.5746405076878,11.449245386610983,1.3753354498099348
1154,27.433286214899816,2.7206262628705726,240.5704742100616,4.370742136846356,1.220287908413133
1155,187.32426408491764,11.916735291140881,1584.502351797047,29.425202158742984,2.323384633314521
1156,31.20322719532609,2.7978471401283023,270.3726857346759,4.337145605035078,0.5748244518284236
1157,243.07321173072603,16.674357017967818,2065.4726214871744,37.36559207549201,3.1299375571025085
1158,130.97387858220338,6.768501386417672,1099.5089709758802,19.331306724278086,2.369126644580502
1159,230.14017357756418,13.93026150057087,1945.108998447404,35.297272270298116,2.6916940302546304
1160,237.40538753492177,16.237473415928637,2020.6561062250046,36.56063330173898,2.8598390984165634
1161,159.03607458338075,9.531801350384137,1340.148403049747,24.645641768627513,1.1223689461984079
1162,160.57269920927558,10.047393178806383,1357.7852287782366,25.14190418491013,2.016968118358393
1163,303.04292925574214,19.645108064792883,2570.383910652577,47.526803175206986,3.49213250562422
1164,117.96270892162936,6.897648569484899,997.4266393904771,18.780811067235852,0.9463151880756588
1165,55.7472213246861,3.399267386356703,475.83829447206216,8.467737343741742,0.9350450745539236
1166,179.93839932548934,12.19366447825364,1525.4298138908719,28.290675991189875,1.9082892932038664
1167,116.39467280055389,9.127592259213937,992.4071032505459,18.374341900490837,1.1145818275542463
1168,299.3409493230325,18.808588897317236,2539.787913858584,47.42767315489423,3.203095913393114
1169,16.780732775031503,1.8967223024946578,145.62989164397146,1.6397357275019546,0.688718082908407
1170,184.22832027806524,13.668623527359049,1571.049600929409,28.814017168143593,2.928302869297602
1171,232.25572565078494,14.505596957927095,1963.7984008287078,37.433434626170644,1.4776279227214055
1172,288.6372384705059,18.413854384294833,2451.7513343630662,44.26676722538453,3.5338293081212733
1173,119.31619280751949,8.459830100787597,1012.7300496847456,19.661675520045094,0.6604410200443378
1174,379.2953665487951,23.63830310159817,3203.394321229579,60.11239914100372,3.9430650599746415
1175,148.3166419074525,10.62461121040549,1264.9037797106403,22.45757384468767,2.788660564348508
1176,77.15996523114006,5.0703667548733655,653.6283981104725,12.899043944642269,0.6266516162943536
1177,117.49365077461697,8.329817679867517,999.4085124160732,18.00309098459218,1.554036273818796
1178,196.0516133316564,12.374764751115372,1661.226352129893,29.586527868697964,2.3800405716957913
1179,13.975250721565187,-0.435314311061169,109.54763593711883,1.9725276025912981,0.2673262286869029
1180,272.1334404653876,17.814233396103436,2307.5687718676636,42.78988658833678,3.0006048843486606
1181,296.8015390632842,18.781558443688034,2516.7073913148647,46.794739101035276,3.508093800939412
1182,217.12665380195799,13.832578899665558,1839.081046262532,33.175690205767516,2.7860517844901582
1183,22.90055572425491,2.581004555976972,197.91690743791398,2.559089669008978,1.4032150228459934
1184,72.009964369031,3.019418584415785,601.6965025655512,10.997578921190549,0.6010972455737438
1185,162.93355709768642,10.641243752861264,1380.9917699717762,25.165639663841215,2.390732193818707
1186,253.04507241148818,16.803374754299764,2147.620558053847,39.39660401666321,2.682764166459966
1187,157.37568335862932,12.918475776850162,1350.5353531847438,23.712739079482116,2.8503855229694093
1188,297.4123762651334,19.01487130532815,2516.533080716128,46.10959781715817,3.766154376470458
1189,220.85342182818525,12.557798774206724,1863.2754529223753,34.77473905070151,1.3809162431620474
1190,289.070757372549,19.339583426654517,2451.722018777702,44.94256269819691,3.386716275338878
1191,24.687776287315096,2.945665575375771,215.48850212479607,3.8941581569929355,0.5558503271823358
1192,185.4373278454751,11.214632970055836,1566.0539221015888,29.257285082348357,2.624548264314065
1193,221.50686468943678,12.227210015264966,1866.9006773266565,35.28374803651316,2.0247768979451606
1194,218.8860733463034,14.89408393810973,1859.0330323510339,32.932925195302,3.7736928631205924
1195,227.1791251538941,14.55329193438504,1927.8673110625234,35.52181839142237,3.005802265814928
1196,354.6059228193408,24.07467068541702,3009.1212241023213,55.716506825486654,3.2541897211086295
1197,57.77421745372458,3.938942463406092,488.56327215148804,9.148463913700997,0.19470685850810865
1198,231.34563632792506,17.045273276342478,1974.511910005246,36.42388905665238,2.918761147830407
1199,334.07290817471466,21.82907322263583,2830.6175695853726,52.135319395764405,3.440166696704878
1200,-69.29099743203628,-4.9838988275845315,-587.7541276440493,-11.271418282395558,0.23748139710130145
1201,161.13179254641432,9.249141549800257,1361.1911483847211,23.92748910218524,1.820782864568042
1202,179.35507282223563,10.587423892196519,1519.0100737412827,28.669046902322137,2.5994440344059044
1203,6.847753463662876,1.2962718769850783,61.25933258283573,0.9935274895761239,0.6038394345027394
1204,43.86987644281527,5.033635463462948,378.1680766373413,7.809160816575063,0.1906321095417285
1205,107.87908346171898,6.596771494315777,914.335497190559,17.27138712404502,1.2890774246308458
1206,263.2957531124337,16.76131450924968,2229.2226141170986,41.504910539830455,2.310557083703334
1207,224.57595769910995,14.896832649928008,1905.4473690615148,35.0766107944068,1.7085067918221983
1208,145.32464150045072,11.011035747383342,1239.9893748516115,21.35607752148442,2.5815129413271354
1209,85.66451116803108,6.960455491948084,732.0735649974056,11.683492524436822,2.039954089529097
1210,228.6225749127821,15.579538506837995,1945.2004180670308,36.28155913597401,2.290903599384297
1211,160.07238443830832,12.052933080102665,1365.3659481154127,25.76205347207159,1.9611457541774846
1212,235.66981776857955,16.291257836556948,2004.2913254555142,36.23233002672468,3.1126359724849255
1213,91.9882562616696,6.378354904442611,786.534196427665,14.267460488307846,0.549587022334113
1214,389.2615223943346,24.580405609118475,3294.815087719539,61.570706344933555,3.878667187050498
1215,269.52153724790116,16.797043928784277,2284.335849401647,42.19699342060338,3.1329071852018493
1216,314.58306812539615,18.80434731100618,2656.2133303458295,48.80887512591572,3.5076715149067903
1217,6.354585793205743,1.6584179185323422,65.47259898127572,0.6985273157987337,0.8157749331005917
1218,161.578449073152,11.631408395234796,1372.2057826886762,25.2418467651339,2.540810081382078
1219,164.0626804580411,11.524971653970193,1396.3487651642833,25.59135398116573,2.4159420269136715
1220,137.43099562172296,10.503310038045845,1177.2184601356778,20.89949352881245,2.3850070154943483
1221,208.50607599704762,14.914844436959552,1774.841352711387,31.895914180847104,3.8170008245284768
1222,97.68224059624805,7.889168813610708,836.9067537787294,14.647500552645447,1.6328025495744058
1223,399.67395802233193,25.1059067466023,3383.2306523916473,63.222592183255685,3.6939092275253285
1224,39.19092896996596,2.110474849220787,328.0518754239074,6.619863462127306,0.13761952352381135
1225,210.94631609813854,14.56958068279753,1793.5137698254346,32.71711491790137,2.797852734133203
1226,284.3999541824873,18.858172325266867,2411.098657926594,45.295868396282856,3.2529028561398325
1227,228.11389805691024,19.04836105433199,1955.5455958429002,35.473607494971546,3.344061496663993
1228,307.7022791733561,20.39667829223573,2608.6453848260608,47.80335196142645,3.85799923319091
1229,80.7141150691458,4.608868072988299,685.0067099977971,13.152256746545799,1.2371738708377347
1230,122.94170788349918,7.978398225444079,1044.9166003268228,19.18029723107521,1.0994182264841679
1231,267.3618404832439,17.97771800311899,2271.5043234639643,41.57809076834111,3.113057223349597
1232,325.4910011947126,20.09634609582978,2748.21156437428,51.36663049267835,3.603812850378247
1233,163.50700330901577,12.061894398846103,1393.5834765061325,26.010091134717868,1.4099464788181093
1234,330.2023868788116,22.986180779549063,2808.6588733517456,51.73952085927147,3.7368052219313883
1235,204.75194183955782,13.111526665661941,1733.9457619055972,33.131732358763855,1.6494573174762786
1236,115.34034711943718,4.871120193104604,968.017445359731,18.55625973757344,1.0922067311342265
1237,139.93892966989475,9.206149063935838,1184.1576687255576,21.047207334971713,1.310564160340098
1238,135.8438393182936,9.015871021745719,1158.2525330136866,21.124623884540128,1.3715614410196033
1239,45.152436003622206,3.7260060212596735,382.64930090787215,7.272689284040109,0.8628502287675923
1240,324.2330923147413,20.956743230679734,2749.9366542871308,50.63810578330126,3.5465759459939545
1241,87.8641319615941,5.66440040768326,744.7133417555269,12.414772006681343,1.7034322151268726
1242,45.51765737117041,3.998578092327975,399.87702171011443,5.963100269606187,1.1118145000832547
1243,116.73127027432973,7.609039239807572,990.6644968339449,19.95454547334014,1.0505736913454267
1244,177.91777607985355,11.752451680693785,1507.9169007382452,27.96594696282792,1.3506274843306727
1245,35.90166248607987,2.762380650287638,309.4081040929067,5.444834574361539,0.0077533562993234995
1246,16.480977735318547,2.984605116797523,148.74683653930276,2.366001472061673,0.5172776420999416
1247,130.7595257756683,7.723893385973749,1104.625287323778,21.927939566115853,0.07022829723031165
1248,213.92683496001735,14.301093708451186,1820.0464581914887,34.01856187081459,2.4746885346416616
1249,166.09084296317266,10.522590504457066,1403.2246870181787,25.486083201565194,2.6813297408464534
1250,78.15075757827478,4.7301571789388,660.353995655406,12.021400106221988,0.6177079426572347
1251,184.29228175269802,12.656509104004154,1565.3514093925542,28.19065879533212,2.9931299869680412
1252,39.89234817767699,2.0578296338608224,334.1734823837176,6.641118301730765,0.16293470208604255
1253,124.78078745557384,5.724967949846777,1042.9631449509839,21.34310904789812,0.13237837912347494
1254,283.1300646808967,18.27422591369682,2406.1520462690332,43.95649910355857,3.744492996523053
1255,146.45257604370204,10.779222192219292,1254.5212892392942,23.25522696506963,1.9019334125910388
1256,183.25349045905836,11.933673505244563,1551.9084458808366,30.040291442264014,0.8323766441621374
1257,303.9270543245299,19.463140664071226,2571.9869181776726,48.06910842444768,3.5698164916798367
1258,153.25605173141926,9.103655140251938,1296.1989944079212,24.151733144512214,1.1650012864400265
1259,316.9700005100161,19.934849362325732,2686.640961737831,50.05457455733117,3.087595291190637
1260,356.6795091685582,23.38918985183988,3029.0776754264484,57.35043209515059,3.9000186451166683
1261,261.9236832286849,16.725759718887527,2218.2782832473836,40.588490596121936,2.884216951549134
1262,147.08862380982222,10.019285269844882,1252.6014956703893,23.64965957146363,1.5604095660733663
1263,281.5099493018863,20.015825293315572,2392.539120198066,45.141111873179085,3.9505915958952933
1264,151.78357319298595,9.422068677660137,1281.9974729605988,24.450499319503137,1.7862945793785259
1265,14.894256141979952,2.512150467340968,135.74942108744335,1.3214050956075116,1.2583249870283608
1266,310.0832716827306,21.325945337080668,2633.4176686172877,48.76158538546145,3.36480659352285
1267,121.43911978327783,9.241123280809264,1036.9849812819355,19.71946306502038,1.9545932494767593
1268,339.0179753504182,23.635910701627367,2884.661574410778,52.612595071594995,3.488387037486959
1269,-8.837339756535153,-2.7573704509571373,-86.44182873523624,-0.8435695417814335,0.03626028862265329
1270,250.64390661619186,17.651104049754757,2130.4761291043965,39.19103408907561,2.362315835547997
1271,191.78855830516025,14.066576647235387,1634.496083948186,29.828281747499805,2.6235242365880964
1272,290.02532054324496,18.80569795885743,2454.3326092482293,45.85242935409166,3.3245399796057566
1273,298.86448225538794,18.53196379687709,2527.7935488277776,47.19609760858164,2.926485591354005
1274,152.50883847101986,11.579640670808448,1300.4241104369314,23.46142761361694,1.9395211884176407
1275,70.13238412061266,2.822843033106644,584.9232217558597,10.544801372060828,0.6438314851252604
1276,148.4605952714074,9.640608100213752,1254.707532331485,23.387134919080957,1.820370136971789
1277,373.18049825791695,24.023014149915127,3158.983042675025,57.75775368992732,3.6877510261365067
1278,224.76865275381513,15.455600861749668,1909.186539520411,34.82901943940595,2.681302138319751
1279,26.272071249278955,3.168811340243663,226.62566365309257,3.589397269147781,0.6248564445815372
1280,94.24135353815122,4.6068951552669954,787.448592459352,15.005478694195912,1.3797162537309458
1281,164.1691940762704,9.572814506585292,1390.4427986120572,25.676745170935632,1.9260816782216263
1282,63.9309318495828,3.79351133251491,535.170107835311,9.776936974534024,0.4865407074196111
1283,122.02227156508162,7.318236003011854,1031.9412553593738,18.607537205330363,1.7925898989595437
1284,165.67375268664927,9.220519296741776,1399.0805254718414,26.272333408937506,1.6861511918153305
1285,133.7539308920527,8.921753298486342,1136.23483140361,22.225823993438606,1.3238150187274704
1286,107.00945171287894,6.54689664885561,908.7829271114881,16.756922665100266,1.1094795159771706
1287,95.73375784589486,6.2296271618847925,813.4965676890513,14.415535516121446,1.505245274411307
1288,356.080547777184,23.620782060255745,3021.3540676691055,56.21823427472134,3.786197893196816
1289,175.4675264590327,9.831005682451103,1480.1076938321935,27.747327636486325,1.7344163501975762
1290,126.67037950168205,8.71007193547091,1080.0828687324993,19.356154726005247,1.5677483062544306
1291,365.1624660602879,22.836019249849652,3098.5891827258147,57.979355217220515,3.903043223319
1292,23.431895211948405,1.2876091320710208,198.89282189093612,3.8079284425610167,0.4143915423386062
1293,199.00981843109318,12.432977759369724,1685.924528951266,30.84311423745953,2.2374523241996234
1294,181.12707801385562,12.733687761609268,1541.7516380599386,27.92645444956408,3.295204835598442
1295,74.19861666267487,5.699795568417707,634.1332601230181,11.457129650622491,1.711052205387606
1296,199.17364683715806,11.311088071090523,1677.3400096515295,31.17889040293452,2.2271204773126185
1297,172.4428519117182,14.009303785541434,1477.3525598756248,26.774144624777385,2.120230741529499
1298,129.0392850121997,8.107570085539232,1090.6624400959392,20.43205972469775,0.7127060980974838
1299,24.01843643459328,2.9322817304460322,209.16974740106173,3.9231102452459163,0.14158904247184134
1300,219.96610950803387,13.756344710121464,1860.039572370307,33.736337577175625,3.160421512155213
1301,231.67260126483083,14.446924272822798,1961.2668434984707,36.08240163479448,2.0961543516624555
1302,166.95799629739625,12.111190265291118,1417.9953521806005,25.609215496995123,1.3137166068152553
1303,208.47082770300744,16.040914724795098,1778.3944457375858,31.436535943883314,2.8261512980937162
1304,277.12024717115753,18.66175597387766,2351.642830273331,43.624827358833585,3.662389050209752
1305,104.79072869082029,6.294146773723753,886.8627075758595,16.33354681141082,2.0379177517087403
1306,168.23128314338572,10.953314616111237,1423.945314034442,26.642304732154393,2.0302503120862267
1307,196.4923955233253,13.407803316751416,1675.280263797322,30.278989922539054,1.925125441852026
1308,172.4186421569149,11.17737969964245,1462.2998867301305,27.065212138496992,1.5183777091057067
1309,186.05340220650447,12.019502457327542,1575.9353535563462,29.615640908029896,2.7877515931299666
1310,335.31030537585343,23.6195788484519,2854.6230941456774,52.90728704233272,3.6778501459289745
1311,344.2856231914711,22.749532811069223,2920.31905629078,52.69232890305876,3.951404352500351
1312,206.94285428812276,13.724259337242492,1756.605552016153,33.03881506270985,1.737353418168683
1313,22.374651543975304,2.2838457157366885,191.56018782312464,4.222170606481324,0.751248872969946
1314,118.61879487498854,7.28099264057544,1003.1611491406885,19.12813272745192,1.4710668608630613
1315,84.3033064867932,5.745885176087236,716.2040997923283,12.331788926145883,1.1586170586460232
1316,61.05253678506609,5.581496108095787,528.8540958044862,9.89642484992189,0.3442021820752892
1317,206.63081374300194,10.811040039908857,1744.4091925068044,32.97039123454221,2.234143080442345
1318,26.5811341822222,-0.12349216640328597,218.9799150472468,3.984250980563969,0.5020720904284546
1319,-6.855622511213747,1.59910954505844,-45.297174313633604,-1.0687641849363803,0.5631604408831521
1320,8.753631687365708,-0.7873711920163218,70.23229881059292,1.8912598481308438,0.6956699741570729
1321,0.18539463782389332,-0.07922364221927225,3.4303022961167056,-0.6117891716383728,0.32284840842291995
1322,144.27461838731978,8.950218107429112,1222.6619155846001,22.668947027638286,1.6781926299300394
1323,72.05083713100001,5.321609392904499,607.7553575993819,11.290423683360002,0.713457256147072
1324,163.45335118730836,11.149149850515961,1386.2868797241263,26.538691576957692,1.8010121863258353
1325,48.33305876712034,3.8171249632709983,415.9778512657856,7.267160394036482,0.37602309829127645
1326,245.07743143518994,15.22121304026982,2079.640426654597,39.457334336624044,2.2540203871712157
1327,114.3058446508648,7.204472570628569,964.7955040597333,17.69653017632367,0.6154343912908065
1328,45.86585827628099,1.839282612681771,388.05517862123133,6.418633207248215,0.537331194701975
1329,134.50449986342954,7.368643177398596,1130.937281368237,21.178041797996798,1.2464188097047173
1330,92.01033827145427,6.7472340665841255,789.7757009040063,15.757561214171748,0.3498127349148712
1331,67.48479122449103,4.213684974236079,573.641845602069,9.884706975258116,1.962924739603134
1332,145.7911736376927,6.999551992940726,1222.9439527693232,22.461899412724307,2.113462019860213
1333,62.9511735226545,4.473127621804779,537.9216337123651,10.549626537762032,0.25841184877147283
1334,337.07547500136894,23.44700471185198,2865.43446941125,52.97889884789874,3.472586979615285
1335,292.10727640559594,19.723794645989877,2481.998555034698,46.50981859648178,3.071624338430387
1336,121.00742488432275,8.665932942100797,1030.1081985872368,19.241365015181103,1.2682591668087517
1337,56.04068042201564,4.7219669705564264,481.9076490248796,9.097714382080175,0.746588515426521
1338,11.95038535994017,1.3958813532386527,102.23904755144959,2.044054531026115,0.8004538868009923
1339,98.71786475853746,7.6306420067995475,840.0223354717923,15.745140582233535,1.0967753461273992
1340,231.22658420221478,13.862588091846355,1951.4132975928578,36.785581968300384,2.3813593982841095
1341,208.38283989421274,14.981038312029037,1771.8910282659986,33.28544768266954,2.189771285104353
1342,48.80844893417185,3.5699149587664936,410.1752398998804,7.786720971732597,1.129208106430971
1343,77.8079484065329,5.288963303342616,662.0914150481498,12.419538129423135,2.158805012679012
1344,257.61671214491054,17.86292723034039,2193.3391470970523,40.528033241487755,2.6708969870631263
1345,173.05422454061534,12.118753642795326,1474.468356693196,26.357132542266058,2.6817067928774256
1346,66.0976062315607,4.151737591347327,560.005036135707,9.37803690402529,1.278260879856774
1347,383.0893480238536,24.215940371993636,3250.6840423047306,61.11314768614662,3.584611381938117
1348,144.93253067683054,13.232028271844458,1247.4929077093436,22.98894706576725,1.545384578353271
1349,149.01896054465146,9.375035964609236,1259.4245520105853,23.44881934360692,1.0682999499371832
1350,211.90415944463405,14.746074859077776,1800.5475238163801,33.66206624412045,1.966188018345651
1351,-25.731776228350554,-0.4782104350858518,-216.12839875742816,-4.111206280321279,0.21766329401310403
1352,230.2606537788647,14.392357228488102,1951.317933570135,35.83283339887719,2.3786521686929314
1353,304.2209236362495,20.515073505914877,2583.329713295793,47.28269881633625,3.4458956432872063
1354,90.9848097331795,6.936388889711109,778.3138644009418,13.652000436718307,1.6873543086992653
1355,294.3327487499745,21.558953821927126,2508.3879395886297,46.52108972338292,3.3920852190104998
1356,307.9953696802954,20.973729120129427,2615.1206853800427,47.39680774429247,3.890395837871299
1357,187.44527828085944,12.674511996067531,1592.0805896789557,30.340885828626348,2.5643714773531125
1358,230.6036466038536,15.899090486889522,1959.4244551957786,36.236127334087776,2.7857303407563094
1359,44.66023615028877,4.464649893443784,384.7493724732048,6.206349240838589,0.3850836800177926
1360,237.92410494071166,13.981246909569293,2009.0050090190587,36.783354120899496,3.3575400738419
1361,322.2501069156573,19.940203116844618,2720.5144773053494,50.09220578441607,3.87927719974724
1362,286.7094060787534,18.511900631660918,2433.6874373776923,44.32049427679315,3.8331448533348036
1363,164.26968463582293,7.808177913195584,1379.960725137679,26.70004928533197,1.2220123266003031
1364,222.1805259321661,13.516610371893929,1879.3063082962665,34.646357061017255,2.2633938973573584
1365,59.05591512903028,4.50612615829926,504.50115330228857,9.153005060004018,0.9806695296533694
1366,233.96332180376265,14.73719208757624,1977.2223490810327,36.98818045840583,2.3234871465725235
1367,93.60187216436599,5.84388824538656,790.0972038834934,14.231803682401548,0.9937288539505009
1368,297.3998100254977,20.54584355210946,2527.5498802851093,45.64270357411551,3.863570114317026
1369,146.4771260273474,10.859030419698755,1252.2604854411734,22.93156282522758,2.028903114455548
1370,106.29077130027716,8.547457457658604,912.7109105113743,18.06500869630185,0.586408760772851
1371,128.1358888134629,9.152991858252703,1091.1028485317809,20.01182581374222,2.162826321257251
1372,148.49696387851995,12.107985053775268,1264.6507451003215,23.30257864884274,2.1443795549024474
1373,165.2369447253971,9.132825425207761,1396.2670017323117,25.314519574600023,1.7162867136434166
1374,111.42717024697207,8.240572287918525,954.8489774597547,17.640396524274966,1.0321152839724261
1375,153.42982652526487,10.068622325004933,1300.0613576854169,23.6304131512863,1.6544058974593918
1376,158.09031120312738,9.667352656937771,1338.271358151082,24.81823298788946,1.1774952180755562
1377,171.34704085321135,13.485312294124652,1464.40860030267,26.90484289830668,2.2786130447582464
1378,108.23322168702397,7.313766531271134,922.0279989813426,16.96488925475787,1.4924307225901674
1379,247.93529174,16.423214030415338,2104.2805532773564,38.21583007652801,3.2750717933038342
1380,237.57940320106704,14.984307396247594,2011.0443356411424,37.82721666366942,2.359607423844778
1381,308.0727660328817,21.250438525386933,2623.1286858176722,47.05720553647858,3.637911076666434
1382,132.97463700257688,11.512086166906183,1139.5086536844806,19.271863061466004,1.5674979057860368
1383,76.22208289663801,4.784954777247522,644.1369955174553,12.575311128120926,0.6290742234152025
1384,229.4610653097514,15.317800696222676,1944.9783019113347,35.4714222217745,2.9667780352211413
1385,56.15091187049075,4.1322372315080464,477.75479800129654,9.181705350532166,0.7473485288331179
1386,37.27416884565739,3.049074593294531,318.2367812041568,5.628825041258113,0.18637933408444995
1387,114.0940762752474,5.60913399719168,957.6793509704243,18.234971100513846,1.0464399080658917
1388,40.67115539688536,1.8512551515056135,339.2435056832397,6.917944830957151,0.04220762545496326
1389,26.796133972866688,3.5571752230271674,238.01772777198346,4.599100698434889,0.23558680380477615
1390,169.61930522935498,9.168903348547202,1430.1983521010377,26.59187130157104,1.9311025467017036
1391,250.40416306786094,16.335711620837035,2126.783226236521,39.05691004763547,3.678651655740899
1392,246.42828957780438,16.17666792788803,2095.0922080387745,38.755902175232336,2.9428549483522053
1393,259.8537058531937,16.948866931438815,2201.6967941391613,41.013999111615206,2.283718376975153
1394,129.55241649804535,9.258538189721573,1103.1654469178839,19.435665247089837,1.884433528874725
1395,74.31628090718236,4.478885828927406,628.3671567850398,11.887277000574608,0.7171444779760727
1396,270.20895790661405,19.098480033765483,2291.4945805727,42.3665957415149,3.641639068674696
1397,323.62261120503746,21.289086233349302,2746.4220543845095,51.06072829787301,3.6371255681322516
1398,182.09969233046783,12.537248236579025,1547.9903310579305,28.19665422267704,2.9219517296167687
1399,342.4794026046695,22.65965678498036,2909.246845759061,52.610822448166736,3.616601124690904
1400,240.6591979355355,15.446355205482028,2037.195985225482,38.17670793670104,2.7293114865073753
1401,222.81255072924725,14.13648098290568,1890.7720834617853,34.51070166735675,2.511427435121597
1402,306.1634154541664,20.2846164649687,2597.9665996100666,47.66998953037365,3.946646763049984
1403,42.02873920727561,4.779255998026954,364.3798164033726,6.577210274459167,0.35215276105752036
1404,273.4188347003842,19.361741935710988,2328.3630944508927,43.59402134778078,2.7687224077949217
1405,21.9753310748625,1.7993549784139375,188.85055108203125,3.5851208695664303,0.29745963436155476
1406,340.8102293962205,23.698431745595407,2899.591658717149,53.480899972905696,3.7838185027187965
1407,-33.32388353012358,0.003534745233587877,-273.45528951732143,-6.77956717880455,0.7201215740968374
1408,55.56119509710977,5.006696403598583,482.0261989803011,9.022838228322225,0.016361595707495624
1409,155.04984888875157,9.037841399435695,1321.2053443538366,24.59319212770609,1.2784715033310716
1410,96.13777470191329,5.988723444311356,814.7330743502697,14.94045616537731,0.9341456786160638
1411,107.30720613707688,7.1075974851089985,917.1792141408904,16.322495653747165,1.8989101975294136
1412,46.548615211758566,3.1816137064739087,399.9458870361261,6.9464305575157885,0.23734954123822183
1413,82.02628481939371,5.223708098738784,696.2141032107872,13.454411447522016,0.8829405443882732
1414,100.78803736717462,5.234361603686272,844.3806471053194,16.851709331149817,0.2391396257484848
1415,279.73513837111255,17.40137552920581,2363.7269433188267,43.81857316402282,3.148846061143383
1416,144.23352261873427,8.543785118726777,1220.7491213470435,22.179352560519153,2.3658205858767465
1417,301.57001108932525,22.284625610809773,2579.3343032042562,48.3502440647954,2.9634023476288167
1418,25.7747587084881,4.638066012010127,228.89725443039458,3.256825170447068,0.9558723510447082
1419,273.4602597431843,17.3443174693867,2318.677708154843,42.39282597776163,2.8926920013350537
1420,163.5553770877012,9.913308239062985,1388.1052608515533,25.674946007115985,1.8104377808909322
1421,43.17785419063736,5.964359180205402,381.3835016714326,7.290750584754859,0.0044024021053972184
1422,425.63145642316397,28.204171493864248,3610.8530239410466,67.249329650716,3.988102977359687
1423,48.233125803778435,5.101014951161172,413.4674208691006,7.7169771662595466,0.3322045565620986
1424,232.60194171989835,17.3408633283953,1980.4160797440572,36.91665610961623,2.7534905884903527
1425,246.23700332810768,15.482085171800877,2082.981077211425,39.34480283768567,1.567361634697562
1426,222.88115661489076,12.973437709514078,1882.9586720466316,34.71791650409275,2.3949211374439052
1427,189.77253099590465,12.894252810095296,1610.2248497116016,30.834061650938768,1.5283026791080987
1428,72.50508411152013,5.3077149848976575,617.190708726844,11.149684751247595,0.510266948852002
1429,38.00106634417553,3.6125646357280554,330.50661868241156,5.536624134881445,0.30121016926330535
1430,206.9712713337058,12.77078285688679,1747.1842282354726,32.48550357825338,2.143724717882007
1431,200.33983322693916,13.765243116665834,1705.0277079826037,32.12043170434734,2.994685913090839
1432,35.227359715482315,-0.017504340546218966,287.67081390948425,5.593310056661466,0.47774835220122247
1433,220.37421909620141,16.583941944665,1884.9368040526542,34.59423090824118,2.0046551460127557
1434,282.41291563868145,16.63727676218942,2388.985864853739,45.28356758210124,2.116262245375541
1435,382.1918723444099,25.323635495887963,3241.340203331153,60.08828943492052,3.9254867042232178
1436,307.25872173080126,21.04342344792481,2612.405594415375,49.33183379605968,3.1974884945545496
1437,97.89019467121206,6.092356151001611,832.4182854473189,15.821151201037114,1.3314428067385435
1438,139.39496359323383,9.33352221559536,1186.1328741521363,21.56813363227607,1.9602813006558253
1439,210.366549174654,13.45696401542392,1781.7402702881823,32.30872251241725,2.6175133696476163
1440,295.524882846833,20.233519554292617,2512.322377481435,46.590301399511766,3.4189466136603874
1441,174.94850191218364,12.051238024471361,1490.2334401448256,28.15049067823541,2.339720362052599
1442,372.0626670906215,24.94275534562684,3160.985773959793,58.549171522231624,3.8117975544835208
1443,125.65690335009513,9.137508953498186,1068.8077259494123,19.4112452092901,1.247815571257172
1444,291.98178968904176,18.51206914860764,2475.692987227,46.24110560214569,3.2108564852545496
1445,318.39031977416204,21.0750641144094,2702.6421230085934,50.3149317613259,2.554617765985954
1446,190.91946572040348,14.708484644890394,1628.6481417614295,29.959285190070595,2.060290842956476
1447,131.34794124245394,9.145233764789982,1114.2084193060803,20.816706716505852,1.7560270739922825
1448,190.86346636703755,14.14821069597797,1624.979696222824,29.93675474596934,2.7930097607106696
1449,-14.819294386927732,-1.1229689457902021,-131.759244546863,-2.8263894998945056,0.04787780695889854
1450,90.96043715713087,5.87070881295003,770.6999062361999,13.507976501908994,1.5442849022775214
1451,202.66386394104512,14.03362220706921,1724.407558619343,31.822422396582315,3.259837343677323
1452,18.229857919809923,-0.0521030204567241,145.7710984824417,3.1842162956668183,0.31757343975984487
1453,172.40023054207632,12.15685074583309,1469.1286202101335,26.988753573651227,2.3618685572204954
1454,168.65050023492407,11.336908084030025,1430.8963226530961,27.051656260150963,2.0616352243629525
1455,-85.89207431644029,-5.965066641340858,-728.0483552563298,-14.043983123961748,0.2732390575621855
1456,290.94914080800856,17.668671577465695,2458.8031161552994,45.909680258286926,2.7402250616248542
1457,28.46985241398137,4.8696531732375625,257.8011790411752,4.822353286961652,0.3765286889345849
1458,343.68109638319027,21.21649520223175,2903.3599891331414,53.973364103671464,3.6581916482236996
1459,302.22605465014533,19.641840692511842,2564.5793954275955,48.032945287975544,3.5594213234558185
1460,84.98605880712755,7.312974789778096,734.5677196750387,13.620129361736701,2.0920882453804466
1461,350.5091706952384,22.46320875589525,2972.951865900353,55.26825125998743,3.8536539493821413
1462,-25.258204951526196,-0.4825619279923443,-204.60578643103025,-4.231760419119752,0.5316626008024712
1463,72.89143486711016,4.403639985403558,613.4584775474638,11.169953390883604,1.4880651243963485
1464,278.7369100195205,19.429293594672966,2367.3022401604053,43.15341494656845,3.9478325135193795
1465,197.6363390376623,11.511898160945453,1678.0326131710601,30.97391534032569,2.393950751497367
1466,112.97343913945637,6.382013456474122,951.5439677881681,17.695281784525257,1.6094036697792697
1467,7.895697263958945,0.5760817405812189,67.30807996415712,0.5642094334474033,1.2144883914402138
1468,195.37715009096826,13.143535740796576,1662.2158868450342,30.28827438110495,3.915419482649167
1469,322.61972586291597,21.205216779323816,2734.057878359174,50.296808713774695,3.9962745456336504
1470,241.02151799632588,14.933020142313392,2038.5463961204182,37.62019027924312,2.8148194665967923
1471,239.9838574266631,16.195560749503535,2039.5376708653782,37.68762562099822,2.775547332086826
1472,212.58723701775554,14.095551271836626,1805.6875832416372,33.23570971842109,2.8252730854878503
1473,186.0184541312689,12.208364988309572,1574.7961400757845,29.6549602486099,2.029135196573289
1474,232.3355063710416,15.320848542868177,1973.1370237368535,35.992642949675265,3.022189993622482
1475,16.45593313423724,0.7248472557978669,138.9212565177771,1.9961871566958305,1.243936803240107
1476,161.65464274638325,9.610049344440963,1362.5123810377886,25.48981478728254,1.8305960194310855
1477,265.41291409721373,16.658514192461876,2249.724377379393,41.120043632646166,2.999407439313238
1478,346.4666227008019,23.666043860142892,2941.0048530925214,55.515679841986554,2.988521746921891
1479,230.1103029969412,14.453999298368325,1948.9465411169137,36.984085322971495,2.4207466634063657
1480,223.06828210536762,13.152567375690097,1882.355734187221,33.67097396950515,2.7885503608497646
1481,275.2996630732308,17.061958533501425,2328.757695301241,43.79863053742068,2.4240368519449915
1482,62.083622983277074,4.269775282912387,532.5710317995072,9.902319769476811,0.5534595670249933
1483,237.34619351249597,16.337687370412503,2021.1273990658597,37.20053085668796,3.542106343083267
1484,94.34958986282638,5.805776982461007,798.5835429500464,13.599430329251165,2.5318008689582494
1485,41.371397240184656,1.776263273700976,343.02280829257984,7.066774721603949,0.5617501196593366
1486,51.17855267386614,2.854611911228522,436.19833615403155,7.972636213438578,0.6522357418730054
1487,139.74617011336179,8.321418040941012,1179.7252958969116,21.825021419636535,0.8588151567674469
1488,-12.54549106072706,-0.554284560365677,-106.1761724690438,-2.3138020717623844,0.4575962670261702
1489,174.28635363922814,11.868204666058805,1483.983696706898,25.861066098393774,2.735178595161517
1490,9.107554878938252,1.6357847713230238,82.55557307615254,0.5066743755109981,0.4577045643228601
1491,181.45436496865003,12.282670017707982,1543.7310919649306,27.777097633556735,3.553047196201192
1492,22.87912700573575,1.9649618905924195,201.24763361973697,2.9415315608426402,0.8331153964473703
1493,226.84867274566363,14.330178925804857,1920.877237911385,35.94161447987453,2.014740033593362
1494,-84.65864798315937,-3.6389867414106183,-706.8207500183541,-14.07185206524442,0.8883797527508825
1495,59.69132503996927,4.206151708534816,513.0158184052242,9.592335271873006,0.003184858908054533
1496,206.5188449068368,14.711899562852238,1759.4363454803615,30.647816070127767,3.0264620194063485
1497,323.2846851710716,21.363613775188284,2740.0683028483963,51.33621702203689,3.2917277913590484
1498,158.71662316923803,10.614100900461363,1345.0780879433948,25.783086119300517,0.9653737542307321
1499,239.8750126504412,15.174750381718034,2034.9317607392093,38.129516653996106,2.225602561583478
1500,17.109518853503562,-0.7405722476886694,134.41875131281424,2.14010880012766,0.23615222568034522
1501,213.63234849039384,16.0084443913582,1818.2417018570973,32.970083264598266,2.9930394950769545
1502,132.96547102821,9.166664282160674,1131.2801246601227,20.675093369666218,1.581491088168649
1503,184.52439706979905,13.348643149969982,1574.4826220871562,28.547460680547925,2.7232358567991293
1504,322.52228418613043,23.157544913026094,2743.708376028503,50.24391471843032,3.7814032417024155
1505,323.8763648740737,22.598758968996194,2752.683837035825,51.25415502284034,3.2868805255357967
1506,97.66108717161542,4.990335669586282,820.120384923869,15.865255850423281,0.7693971441912959
1507,68.89156083117062,3.0291850293983114,576.9438279942696,10.148670668223442,1.004178266465238
1508,-3.4281113842462547,-2.592396149789481,-41.75483181508448,-0.4104525086348625,0.47691124321805933
1509,171.23296432850015,11.496192270526903,1447.0438328121297,27.30658900136327,2.2876540592508294
1510,70.49877387853132,5.03851493560528,599.2250340147015,11.339208057676439,1.0592443801951288
1511,132.39612582054158,8.91626231821499,1124.498112248177,20.983217108836467,2.709735802406242
1512,162.86024561960696,11.273102833339511,1384.558057249299,25.38357435151596,1.697529895220176
1513,151.07357999014386,10.520747095280395,1286.6790902418556,25.258568296370168,1.7644720769621443
1514,105.84916476698078,6.378848185217606,897.5301871660557,15.967287483485386,1.7484626716312763
1515,68.52699182006633,3.952730550765783,577.325145048874,10.55697690922818,0.6404126086993913
1516,298.8530088762301,20.050614572809728,2537.752456655308,47.269098506259475,3.041906608920981
1517,265.95996097406146,19.58398941916174,2263.4293642609837,41.511473527630784,3.3837324403300104
1518,294.51501863609496,19.549124674134564,2501.1228479387096,46.587419081422354,3.3867446170293753
1519,44.815391591803746,1.0060225811003467,372.8012990361487,6.742560306131264,0.520924716314886
1520,201.96427857713917,13.750333885665285,1718.2543317304292,31.849221653859065,2.304218285354392
1521,95.41654786512753,6.990564686566449,815.6879731293495,15.264664631085779,0.3517740555398241
1522,143.0681944045829,9.28711145356377,1220.354159179051,22.600571265557956,1.2820651540574333
1523,261.1869159301203,18.294390569411046,2219.1653537331395,41.54163120550217,3.289671413986375
1524,225.05828285415487,17.127324132356,1919.7467548381424,35.16786729187509,2.9728407843095006
1525,231.75509104665147,15.270631257432973,1965.3754729204709,36.66931253768888,2.3316203598178316
1526,147.2319805167682,8.723762644368787,1243.4985711022564,22.653695526527308,0.792940595476145
1527,203.4272180294498,14.728658853182734,1733.9401632107038,31.105831079984814,3.355483361252585
1528,298.29610262037164,21.430914279497134,2541.1052729568714,47.49593462698906,3.7222568848482087
1529,294.6599249408044,19.093140905029365,2495.6124834947814,46.42046959096529,3.71580099108571
1530,37.851574445924626,-0.4110046384229201,310.03996351176596,6.636997702926605,0.11036768083088155
1531,403.4991476770432,26.500774545402173,3422.7298885178875,64.25536835115065,3.875993506983899
1532,103.3812353298261,8.127152044801079,884.1402884459832,16.380327636643965,1.3522791653067854
1533,142.19358903716358,9.119307629656905,1203.785919216727,22.729344661851968,1.60995144491417
1534,298.4466620155527,22.374712098984563,2549.2344022319426,45.92802831712365,3.5370699378787145
1535,222.6170322750576,15.861285117442655,1895.9088601947863,35.18693039140962,2.409207493210756
1536,336.48949368250976,23.047004454911054,2863.1327410641275,54.4160565759145,2.431656985557377
1537,129.07851281164005,8.758955360186963,1095.6278010655485,20.04407064294393,1.5939593844084237
1538,-22.788925748413007,-2.1671820117022405,-195.06777320601012,-3.7867685691808597,0.9621472167299023
1539,235.0297821671242,15.77479913099008,1999.6847961965454,36.820760265408246,2.2212530194251277
1540,147.41568935801263,8.77100475016448,1243.0507981162575,23.046861506893023,2.3408164009830905
1541,189.71489850230472,12.486390088367589,1609.6384811340674,28.750034765522816,2.463105820393956
1542,233.08319287621853,15.37901385071398,1974.686689585311,36.58299484755287,2.2952737399822007
1543,-30.109730928875123,-0.6684182881758263,-245.69223398253592,-5.086757011294076,0.5505318575382772
1544,319.8097858799001,21.0975969913255,2713.361959131735,50.289859194325466,3.7219267041340056
1545,141.90667204858912,10.388173786372525,1208.793590642779,22.264675977440497,1.5637212191069443
1546,367.19005742985166,26.18869500233066,3125.0974762363103,57.81965334605988,3.5467419364998323
1547,331.87357138280544,21.662246426231675,2817.9427331530655,52.2382146456085,3.2390483109850234
1548,243.06421520329954,15.12574493180886,2054.5044616063874,37.787074625107415,3.3131529544466938
1549,259.7190049779934,18.10553155760326,2206.6524683637085,41.30171962736085,2.9097727971285514
1550,83.11304715997605,4.079649396908385,697.952499400148,13.253747090140784,1.3218214978022007
1551,16.86588218677516,3.0247878670214403,152.75556384088244,3.525877792152011,0.037641449578945
1552,67.89553793633792,5.316725365018123,584.0186904668959,10.346538901949083,0.271254325508107
1553,383.41760717576614,24.29577336755094,3247.8264727698497,61.088703433343156,3.609768930098966
1554,216.1893477794177,13.124341671596135,1832.1553404288163,34.20354969472585,2.2672068029310566
1555,261.1574540994808,17.302658165620546,2215.3614093335577,40.99283790596254,2.599230841186733
1556,168.59315977803118,11.757164214460344,1432.4400501270936,27.526280679312578,1.3683678475640053
1557,170.48812636489606,11.720738989892025,1445.8964477391714,26.667902939963938,2.46107185294449
1558,163.02662350475518,10.518290219225126,1377.4530805044044,24.959224943471703,2.201212087009018
1559,248.9475964389832,16.205824497325104,2112.034925059046,38.44067304982506,3.13362357149523
1560,325.62657181603913,21.063586842101348,2763.2705658743325,50.47727612027066,3.876250756002151
1561,277.53969213522623,18.795789877058922,2356.516278913186,43.03423233617921,2.9521211454399894
1562,220.42343187097433,15.281836620241226,1868.9072434889526,34.48018163063235,2.357023263871171
1563,276.9814357450979,18.0797466025051,2346.026673975406,42.73139183940524,3.355171410258168
1564,262.9055826841185,16.900241348744032,2229.7292657659314,41.095253521963926,3.7165318661371987
1565,199.28629283119307,13.937247337578725,1697.6783140322066,30.923519013226834,2.7967216824363663
1566,22.594550130959455,1.3540314234962332,193.27892228636034,3.5662723950340025,0.11859880188395078
1567,353.20542187498984,23.853641077974608,3001.801017990382,56.26114515366886,3.8405222146590203
1568,44.45321500448549,5.062465454744377,386.92503436381446,6.0416900292235365,0.5048672104964962
1569,307.2694453396101,20.71400830857341,2607.4854616791126,47.86343279211145,3.6394252120857136
1570,-61.69505018570562,-2.0636595145422327,-509.0740026697949,-11.47520821251262,0.6072322133119821
1571,222.7806721105775,14.413491755751913,1883.9247989247187,34.932521384793375,2.048720242143879
1572,2.4597663649399504,0.6695328101146123,25.38642606260725,-0.4701438922815744,0.11610868994878398
1573,231.75790555103032,16.29032329342212,1970.8021246100664,36.411143199188324,2.5243227955196654
1574,261.19972726578595,17.124028567622133,2212.3675492359575,40.396599332042335,3.9319398681709705
1575,139.86987356412345,8.643012467059627,1190.046807706219,22.304898797504755,0.9036988201172149
1576,82.84819614031467,6.174501895284209,708.3579153495883,13.04462303412054,0.9741212988500854
1577,174.41377040073237,13.030729722025322,1487.0363130567225,27.527235015848817,2.2479368272133664
1578,15.32207570097252,1.454291183787265,138.0736738340313,2.63090391869341,0.24023006145717352
1579,127.44926826715111,7.402418591409889,1073.7715824440602,20.139604540811682,1.2258460466471468
1580,105.08979776084438,8.538869064797609,901.0458737461346,16.131029836971948,1.2519175751953742
1581,174.34025735237938,13.056804377924358,1483.8795156336898,26.803413302020587,2.051868917664422
1582,344.4317676845185,23.890330117559515,2922.7545751102625,54.523678235842326,3.976217102972691
1583,173.17739404575386,10.75820602488948,1463.9505337345624,26.870857968586783,1.7132072638230356
1584,154.70906917452064,9.701050985014813,1308.1793351420731,24.96522070351774,1.3584633788639873
1585,177.8050147471924,10.458503706897691,1501.288739453092,27.390340126480304,2.1247316155121725
1586,110.24507569028188,8.280093684814982,940.014071645528,18.132310211614257,0.7212861255112086
1587,85.08598201471588,7.878476930247279,731.2253914505286,12.207301334888239,2.0529017087456762
1588,233.34343129217,15.95762556602656,1980.2199816682635,37.04924770920973,2.5148356346180134
1589,-42.14319269521182,-2.384214272939591,-355.85127195550444,-7.311325787388454,0.3308767269260473
1590,114.48039580300217,6.812410148112079,959.5452365082938,17.720463296132188,1.2478206093239614
1591,226.85083766548257,16.088254585535793,1923.9319079379375,36.29315329556427,3.0248728099554603
1592,321.8355873339579,21.75074227566192,2730.6350146376867,50.33012037448017,3.5333012433025313
1593,273.788822148459,17.459829502476058,2321.5520958868224,43.140789417651305,2.478013267551943
1594,105.10300243556237,5.406459617295376,881.3815508796727,17.294853533331562,1.1043680676151428
1595,304.780651716377,21.003827415795264,2595.8292922078053,48.07812053187257,3.872501847848429
1596,346.0839323714105,22.206532355499693,2936.0674068889107,54.773939128629266,3.7819149298738837
1597,-58.07781369939847,-2.6523917988037193,-486.61163059982107,-8.614417363306929,0.3965073144943627
1598,188.78968773279223,12.90519185464809,1612.6374198121587,30.060731904585484,2.253483365280459
1599,41.64380602710864,2.142527933353758,354.5969803109476,6.975166850772342,1.6674946252991254
1600,302.13753488870117,21.664812280738147,2573.8724718191897,48.22999835043362,2.315563063307584
1601,274.1055314249923,19.157743546649805,2329.8279668228456,43.23798720934696,2.952366215167843
1602,41.261089675674455,1.2807524680792577,347.0175393811108,6.384780690213301,1.074635643230632
1603,265.20820161244467,16.858480447887747,2250.977040984771,41.36655905394139,3.0921137596831136
1604,260.9083223102897,16.92442795135466,2209.636704720711,40.54104601674768,2.446998143985526
1605,187.26263592072274,12.734648757783917,1596.6096536051602,29.180717168405344,3.433701328970778
1606,191.5627790178081,14.266564426073842,1631.8514900249108,30.256851206327664,3.0672572284041
1607,92.46715482053716,5.70274915124284,777.5968645388535,15.352963855711405,0.5955430785198752
1608,148.8348971953341,11.427214928586714,1271.099208583746,23.03227395838287,2.0459832076351865
1609,27.62773379999661,-0.21216932189694493,221.90387045848473,4.625230823583886,1.2399526051597136
1610,33.088174329859086,2.565688184358489,282.70691431171537,5.499245697783878,0.2825104860545191
1611,183.79653258218366,12.132505970113659,1556.8656095291353,29.56688618684047,1.5543887664677722
1612,94.9851286058636,7.720243854459284,812.333059742072,15.045354010969618,1.2941064533018691
1613,-7.845851449442932,-0.5677048707220296,-65.75263056145218,-2.0326964090849744,1.078983410653335
1614,-38.550569311341306,-2.6380891255167973,-331.66647614425875,-7.150291920226985,0.14472554323725717
1615,201.92857704413706,11.098437107379654,1699.9123658625756,31.85639643617533,2.361194745466939
1616,139.31440597636657,8.17419267179844,1177.5336117716593,21.694153208003645,2.09724219187003
1617,107.44051476459002,9.440626898798705,922.9500064176585,16.523906387946564,1.8966737538681162
1618,74.32994523780197,5.3112347690123,633.9896406907812,11.556868252119505,0.8866869748910773
1619,106.03258174807262,7.101430969867122,899.0073313842879,16.512615439622245,2.05667302693795
1620,85.22489527624262,7.551125446792063,728.4385395784926,13.521767812649232,1.3274602102017532
1621,132.02191179078076,9.622215805507903,1124.6194088453558,19.98422855181765,1.616211504447639
1622,356.31266556354495,24.9841829859034,3033.4571885308974,55.58299606381687,3.8523377671336627
1623,36.934257519227934,2.3227502189975664,316.9111271117123,5.398766818314157,0.23161778349294604
1624,364.82782491865953,26.21182024319267,3103.1004521064838,56.645232784906895,3.3570353714364987
1625,103.8655237963385,7.780209583303711,883.8787612592253,15.60586580223774,1.7000844140432267
1626,181.4128456426953,14.273753618136318,1554.3149853324826,28.527024543902698,1.9002651964821413
1627,-16.61268200202387,0.7622657007258344,-130.64393445558812,-3.54968112520546,0.19783124631885896
1628,108.68474386494648,8.181963063435411,920.2616836934492,16.67623600373726,1.7820571101571208
1629,255.83323804033694,16.853587507576066,2170.004022331279,39.8247856055008,2.882993968433505
1630,17.512741865274734,2.0184904195642615,149.5181050311486,3.0173930625424297,0.39446165359232666
1631,156.12566832525337,12.078443657345533,1334.2258786711861,24.319002217151905,1.8118523680548986
1632,293.6606233019457,19.893414530941033,2497.968701758737,46.4467967164099,3.3584797151518626
1633,138.86893245444543,10.64796659302909,1188.3294487299588,21.33131296539485,1.8172244703480547
1634,76.63937831276064,2.8641221557946137,637.981369294421,12.372225649300965,0.5955419737650232
1635,168.79243084154976,9.317972438068232,1424.504112955703,26.741558079463232,1.0342504937208656
1636,71.50198681707731,4.819083582815766,607.8883691542272,11.244327830734461,1.317926829328791
1637,220.0686805303081,14.039555564157066,1864.6806252410545,34.59775556339433,2.20693190637351
1638,-39.64433679326911,-2.560659435161533,-339.92857924733147,-6.991134678142467,0.4944384960780148
1639,260.896987059082,17.25274038423542,2213.810581043232,40.167122983093975,2.9314346723605538
1640,307.5317685251896,21.017568277549856,2616.056701218361,49.13182850955871,3.419784706936564
1641,75.22992392956962,5.755917875989605,640.3708334449066,11.550937573495862,0.3649061484960501
1642,199.58072899326802,14.247948339473204,1695.3131649100617,31.604351034852307,2.4160758666106754
1643,135.51381088412964,9.658409656930552,1152.3045658700976,21.469885376181946,0.7628666916532514
1644,185.1560267047,13.06790384207333,1575.5763618512767,27.850633984693197,3.182528522745549
1645,1.9146273849990552,-0.3370189453997193,15.287038027833761,0.8821578551808401,0.054667286762715595
1646,13.36712076566604,1.2698212346156028,113.90312021981944,2.2918833617711636,0.21936965605738656
1647,116.23866263306496,5.606669964413197,974.8380655080626,19.029194121882803,1.535494708378283
1648,-20.744031044119346,-0.4249142197816359,-169.88660158665056,-4.2397786130160995,0.048193738752754456
1649,187.3727726944379,11.848890911262178,1590.5456909020559,29.685072960789793,2.4159453943165974
1650,270.71718623883777,18.42876990016133,2302.8103794030785,42.3238850291525,3.509533057812709
1651,188.63517124490173,11.90710473231574,1598.0181255332745,28.936640896878643,2.9781990875487967
1652,51.42399051245767,3.1220434242814354,432.91003860897456,8.050403087099552,0.39570631511508436
1653,159.04778323948938,9.857370607909658,1349.086289426332,24.983831986098018,2.017679892863893
1654,182.83670541602328,14.350934651195413,1566.7812607766234,28.196269897824372,2.8772819526481075
1655,251.4804273647344,17.509506380088375,2138.451412007907,39.23880993463995,3.3772669413821266
1656,239.35010237293557,16.33109746409763,2029.6376182828985,37.2772593226665,2.7980169901839935
1657,286.7799534535207,19.367976872459703,2432.061648133447,44.39808619521543,2.8931640967058523
1658,75.24665278691141,4.815185627011106,639.7408424836727,12.371684878989424,0.9238046864438774
1659,218.00425505387574,14.833754067711771,1845.9817406078153,33.7695355654567,2.0534390726424774
1660,150.60054886368366,9.167193334883354,1279.736594506505,23.542607103811317,1.4331273956183899
1661,95.09228344214505,6.287830256936569,803.029742083821,14.960351430742955,0.7680042872544246
1662,36.318664985944004,3.318219768527974,315.05804872518877,5.102842396454502,0.8531637798382672
1663,211.43758292434086,12.444890564506341,1787.0336656182283,32.82160467353296,2.3895838867739623
1664,335.8786771833846,20.36334502405098,2834.5749490552644,53.028527656593596,2.7512693477557693
1665,197.25698061743913,14.540852511493984,1684.0244060337209,32.178466967926106,2.3788381946354855
1666,210.01524013587672,13.740555153617727,1779.8146800811664,32.476826859109025,3.2080582970231073
1667,0.8666805247075278,-0.6306018458664404,-1.1049650555084947,-0.00446652629766886,0.7674076453967502
1668,268.7739955792346,18.90426648183434,2286.028686603074,41.24855143906443,3.3987766092602443
1669,69.92569600941474,4.45787974102727,598.2001087630138,11.516924115637185,0.10300603926803742
1670,31.87371785381851,4.344062660973768,282.14194033260077,5.438575533510112,0.20074575840694076
1671,136.3739613390743,10.253048026516858,1161.6441195782106,20.57329096008415,2.7321312259493404
1672,42.2414443267712,1.7174334860949525,348.7055897193219,5.911221374654679,0.3499091761818449
1673,58.07716566768811,5.144978210861201,498.2562887148631,9.50806204423483,1.4125122994028518
1674,0.10310346134051485,2.4940733239478172,14.77313477465594,-0.7501939470011729,1.1552199921601414
1675,98.0373454360509,5.5837998349883655,825.1135242281263,15.365724704131805,1.1135311234092042
1676,183.66984810143325,12.724042567640643,1563.8070601794234,28.619020485894865,2.283258758159706
1677,231.71883603199976,14.235497499963017,1954.363466654207,35.852003880062334,2.880664970408508
1678,70.44923143820264,5.62818407216469,606.7765462030895,11.521683330840213,1.1044053181232907
1679,321.1903300728304,22.070562533429687,2734.4606667869166,49.907085092905774,3.6627243422027873
1680,89.07770932368577,7.761156846065186,758.6648128345461,13.83277855017747,0.7361200401511323
1681,173.16633482205478,11.957898144819698,1471.8007757931507,26.76173248716495,1.815767712840072
1682,245.35344249316134,18.055648457228745,2090.452745352318,38.1747989838217,3.049470542646389
1683,258.82609685895034,17.966801418626858,2200.1671775394666,40.70532075360169,3.2977303468822963
1684,190.58460400549615,12.816980802388052,1616.6892744040765,31.55390736841929,1.1140365522375357
1685,196.16751358777782,12.88599382575993,1660.753691969668,31.84011415463285,1.806945761561066
1686,216.66669642109687,16.23939981541362,1847.1126182063388,33.32219694809134,3.0319065246266326
1687,37.735847727364195,1.1610547076407842,317.1722910230868,4.908271452990682,1.0370229348876978
1688,101.6519862499362,7.248597720549958,866.7006985549544,16.015754903669098,1.4535806536032392
1689,244.2298739742159,15.872232456692515,2067.3612987448205,38.887037021454276,2.4592348428656923
1690,117.07167353748633,6.923562273800881,987.9342258401447,18.436391924258274,1.6930752960971702
1691,105.41276362126,4.120975716140268,886.294405373825,16.736356192701603,1.1847055637893478
1692,301.9012738015103,20.486589818013023,2563.3653697515238,47.10607261490553,3.976334035371798
1693,265.73370151195314,17.269486637768825,2250.3847199336783,41.837355702969866,2.944052066323353
1694,152.31348645634841,10.106459295804145,1291.5942605080916,24.506592237914006,1.6146754179697895
1695,69.4524628249263,4.722576315369226,590.9640972515152,10.536663010083046,1.6367425318845377
1696,314.87578579543316,20.55530277239672,2665.8636578064798,49.87498469988533,2.6419336109778806
1697,237.95618295646975,16.101548633899355,2021.4395313494288,36.70372864957736,3.1566888946915377
1698,250.80452369926218,16.141127347446094,2125.3948044262656,39.60046505571605,2.9301316540043074
1699,9.05120928002165,0.7227914381123681,82.21836615794801,1.624496059608338,0.1723977565526389
1700,212.08162397889012,14.827002129184038,1805.1825994706478,33.266227121896165,2.067777432415829
1701,186.61123772452987,12.394563714505967,1586.4513056984438,28.529075317075876,3.1440440737783346
1702,55.1493125641205,3.537662431054461,468.3120375388087,8.789248135285247,0.4049404693919936
1703,75.12396451727602,5.652494153196173,638.9608327780243,11.552109422978493,1.0252535588284188
1704,32.29438369515226,-0.6012153636431752,259.79018938727944,4.568775344967813,0.17959206318116205
1705,46.77834459232889,2.6090823219035726,397.7581120402517,7.104075681543366,0.052263104158283724
1706,210.48740073800195,14.002837983468847,1788.688335996266,32.530451055097195,3.1020307021891242
1707,204.47100652525347,16.273063566602715,1747.8088699052335,31.168059060232324,2.616833972983762
1708,99.05452147160261,5.16431515967196,831.2192410909704,14.980501142294028,1.5807431072518532
1709,235.785339258312,16.319583422901168,2002.691072851723,36.899277789237686,2.24697727948893
1710,319.66852232694066,21.58568390900235,2712.1757413070195,50.95535838952206,3.8581750015472416
1711,146.8409939236092,10.225803024710686,1248.0186032021427,22.544372058167816,2.038117736117251
1712,215.8773091912837,14.433708931196458,1829.7618499763114,33.79259183311027,2.6276486972235364
1713,169.68286471003998,12.366812664797498,1445.488146265386,26.688279111489553,1.9316731123588595
1714,384.92490173003847,26.783385645817198,3273.6557940580165,61.08535168978447,3.3771135351291086
1715,1.9501396586836033,1.5784261859603124,20.185420044992206,-0.39466277275807427,0.18928386244390571
1716,145.30568930260588,10.202893342787322,1228.47541158694,22.46366588066721,2.316011210051357
1717,13.792185575438204,3.0793364374058187,134.67253553850017,1.5863667219478126,0.3561752690261524
1718,101.87351026597933,5.215288599950043,860.5892376329593,16.970046649581995,0.8706893396263631
1719,2.492212494965765,-0.012282672002345674,15.38897065161565,-0.23161713937337094,0.44620675621831163
1720,263.60725308933786,17.100675350655692,2233.3972584329704,41.11174405175866,2.980780309721339
1721,-0.29737641778213675,2.1753262266702302,9.912237359718532,-1.0937380324891937,0.300305300860519
1722,124.75523552259962,8.19498082625521,1055.5158895261702,18.96620333870151,1.7033413905403214
1723,200.5285002280444,12.910704676212898,1704.6389602829327,31.385609089524326,2.051867660551452
1724,309.3883129326932,20.468834447312958,2619.8283589186444,47.896994087337546,3.8555009106861333
1725,196.09485190670972,13.616816035816857,1666.5002399640316,30.447712830922026,2.699157542520807
1726,160.08922056593337,12.442977344273755,1369.5241643226223,24.0184853165811,2.192500914452989
1727,70.27967593247138,4.891759348926628,598.208336504693,10.71461652200076,1.7740504530208012
1728,183.04667734101997,13.231498362742586,1558.9129125691436,28.719865682325963,3.2655624528712694
1729,-31.57357047011999,-1.6804001602657685,-268.47964738697345,-5.844167806039937,0.14588994809024536
1730,196.5792364494884,12.188978327259264,1662.2737845241718,30.41710645152621,1.6160122000316326
1731,118.59450437621533,10.167736650286077,1019.802491464963,18.69388941833757,2.662034688570956
1732,235.29289384002425,15.935682687255385,2000.6231293771884,36.61473830568506,3.1190996470482486
1733,-8.225965977693969,-1.8171863672153648,-79.88063411083867,-1.600255296104006,0.2212157452700656
1734,136.802889269875,8.236625859819458,1156.2758923833248,22.4771489936318,0.8656519689370223
1735,265.21081896395725,17.840089932947773,2245.037759456776,41.796043100592634,2.934253104662626
1736,368.08819232039343,23.841476819142706,3118.526846492124,58.137730055451215,3.423706378771728
1737,176.3877685977989,9.858737242786685,1489.4110611193164,27.505341016158606,1.4478812217652757
1738,134.303032636643,9.351121130038951,1141.4822991002334,20.642949720233254,2.0593563901785323
1739,232.3304810290181,15.814764798572597,1974.23419194918,36.08977817792927,2.714244483735423
1740,150.2028771883819,11.992141179669803,1281.949926596115,22.83117767726499,2.4606537423949755
1741,13.641519916713175,1.2222607996667936,114.72978099381231,1.000629808923731,1.0136966111873233
1742,86.86262789109531,4.6424258922243355,734.7950894673058,15.222560290846872,0.2518760656859338
1743,113.76657508634565,8.394165011067585,971.9809120721471,16.425738754774294,2.1526976442503525
1744,220.23429938136312,13.145001933397094,1856.8687900522345,34.45160184869618,2.1244361139352743
1745,263.9884909354754,17.913207966061517,2235.969334903452,41.446961905184246,2.4565327614841443
1746,362.6577754836066,24.482720702730568,3081.738794639695,56.31101466450149,3.2037194006979197
1747,313.78492542327035,20.746051754435836,2666.1684912362575,49.908634560744105,3.7645708479699693
1748,343.8812946612469,22.78812859615214,2923.4533977455803,53.753491698060316,3.855829799729673
1749,273.6445237205937,18.840435215461845,2322.823364454072,44.30967699581084,2.2901182871231445
1750,277.0117515376702,19.55077171185014,2356.873362755312,42.72656551436294,2.480862322867937
1751,106.43707998804832,6.277689726235375,902.6299116796012,17.34791585394626,0.4239661491818052
1752,212.0999243884848,13.924814942775726,1805.5261590463174,33.02383063611384,2.9953605240625634
1753,288.03137033046613,18.74240340768156,2442.1023586716306,44.67641515288721,3.8659809214188656
1754,192.69178569159695,12.433028443774532,1634.1712315139587,29.98782369380875,2.049154194353068
1755,135.57746233813154,8.575346636158043,1147.4668414172281,20.65903286374197,1.354769446303572
1756,85.75203834181725,5.66013114101715,723.3743897651764,13.757569700137228,0.4186170614621374
1757,258.62801710558085,18.792486331978754,2208.2049329565502,40.46989370763822,3.2204723389374252
1758,275.30261451644554,18.29392906129314,2337.5935985869914,42.855160675272316,3.6572146179666993
1759,114.13153427445376,8.44275191571493,971.9186397607865,17.557832200566892,1.5073335045246545
1760,257.5710868768149,17.79410715377085,2190.732768167803,39.19138470822866,2.4782869701904287
1761,201.9049877840537,13.937452653796841,1717.1273541142027,31.831642415186103,3.0525510531721958
1762,69.84596856376172,4.598088622147332,588.2062797933976,11.097243381562265,0.34857049808476637
1763,167.1161086306668,10.968243552330271,1419.2126013552754,26.124612828869427,2.4618160181123847
1764,164.2888367982247,10.502503749841468,1389.2111289394259,24.45211838840294,2.2561491871816055
1765,247.55229906029393,17.822294522393314,2105.036504920832,39.33550938853433,2.8463023926322273
1766,320.55113414507974,22.8938672464248,2727.427523149659,50.65419247869523,3.7123196027903873
1767,194.99664430033175,13.739364111724116,1656.1110321559297,29.896432862807078,2.9932823250915837
1768,18.567486948053592,2.0140707297018237,165.16568554592152,1.504727463893229,1.1078554141676777
1769,83.01080818660584,5.702572024888774,704.5173908788468,11.721412335465736,1.3740051853741906
1770,229.72031474617702,17.14671658541592,1959.3881298847448,35.89131003605421,3.579757173761767
1771,211.92572417772507,11.684508010099705,1786.367319179891,32.66415173839935,2.901470023504655
1772,225.6677459326759,13.456666773049534,1906.8509371910077,35.6459041034403,2.5484597181884516
1773,319.3892642494041,22.78505928347071,2718.5171033008774,49.433885597726395,3.8392081302099266
1774,211.32686872988296,12.872213393661776,1790.380969364266,33.53751817537239,1.9634282200595656
1775,222.4659508135282,14.208361617899666,1888.2808456459898,34.5097735126366,3.2816932651852224
1776,-43.337256787945606,-2.239769159599897,-361.4251062308169,-7.230826085010903,0.07655976523329455
1777,104.74999377803523,6.511868077417372,883.6626538496569,16.558426852295014,0.9048735977173044
1778,-4.265511918403891,1.5467126869376657,-26.213005303537905,-1.339691648589724,0.7561485669656496
1779,168.43407028158438,11.529061909247412,1433.3718984766879,26.88731557729531,1.985723132365187
1780,280.53788136613946,18.171079276902983,2379.4251476840473,44.05212470777141,3.7958850422772925
1781,322.1685857528911,21.351899158289527,2733.5797566642314,50.52688254316123,3.980760924183822
1782,61.91598376423688,5.291348815703903,530.7589499864948,8.57685269614522,1.254018017963265
1783,182.98304923624644,13.065190063043406,1556.2176425530288,28.220809771085534,2.97196026829027
1784,255.93582709555918,17.973859745202247,2174.981622367139,39.46968425805115,3.1432696257839674
1785,46.59815499735028,3.886211025068721,396.5731634620905,8.27552955013784,0.9066649248517287
1786,43.20081270128655,0.8204643082591603,358.8074553868745,7.423469462086673,0.11436367284709581
1787,263.91611111418047,17.792491867422292,2242.500977297935,41.33153126475767,2.86235836085719
1788,24.81027147622001,0.5933103250725069,207.60217887680204,3.6649922826625576,0.43067964122174374
1789,224.47116227429402,17.652004824599466,1917.9896734087245,34.19508469844918,3.272167187793178
1790,70.57306047821518,3.87677715093319,594.6278900279665,11.197615170943656,1.0031454958058417
1791,285.7533032207182,19.944386534204853,2431.069900764124,44.93479587076724,3.521943380407286
1792,-22.82601786461162,-2.0151211811762986,-194.50105045201911,-3.4652409228387535,0.26643345491862025
1793,-6.272173231797753,0.632566067335294,-47.360740181166065,-1.9543753312576073,0.2030642441364554
1794,149.96007872443997,8.523353179443662,1266.1863456268777,23.932057739256955,1.4897232925135104
1795,255.54620874655595,18.37369690722265,2167.5545985490035,40.46809827625752,2.7772291930382416
1796,23.13495376208147,1.552534513153473,197.4877853697882,3.5029043071974284,0.14017171082336688
1797,28.13338432623126,2.4911495535981256,244.4160208435258,3.3125301091608765,0.47213295008696443
1798,224.96166957360245,12.225052284745784,1893.765488557606,35.54747324114714,2.153972950319111
1799,214.2981403691347,14.105595514460841,1817.0154443531462,34.72299507994329,1.926152389328489
1800,324.9411951330315,19.50581808294499,2747.003388072851,51.46759477114697,3.2920565448972887
1801,189.23741912810777,13.709965757762308,1612.8227781893215,30.690333868848036,1.5015397869472578
1802,213.04206355235527,15.751194731409969,1819.3834904720031,32.51558851091725,3.007914875512441
1803,316.6871823050793,22.103539244032433,2692.643918340605,49.62045095942269,3.7440494899648455
1804,62.826537923326946,4.387727084191309,536.7654724234195,10.165316060083443,1.3356248160811601
1805,33.210886698281634,2.6335688475943484,280.7785973131641,5.290205892636461,0.6312891427006315
1806,219.86109995624463,14.872503235226995,1863.047346455343,34.56421209549267,2.4120615799828147
1807,236.4962813699909,17.188250020824682,2012.3825643438063,37.3701627281977,2.9586809806454424
1808,233.68597971051804,15.828493076698773,1985.2684168029282,36.78555064766442,2.8487512629367444
1809,319.19480783292886,21.415609088769564,2702.4274177885436,49.900347081253145,3.839525867764541
1810,170.63880190563924,12.441914164984688,1451.497553898996,26.262165922010404,2.2380200329308053
1811,271.4386920430777,20.284755272972028,2313.5341821626407,42.02849300859618,3.4741550755845276
1812,20.475634568478057,2.488229305227559,176.96429185569218,2.9598889573540506,0.524907128521761
1813,10.146890076349155,-0.5855536648871151,81.4466558113599,1.1154409641026268,0.5578394423780417
1814,230.9644978079177,14.956950850837165,1959.2875611907618,36.58651149699144,2.516949920881617
1815,119.7150533734745,8.093299613468595,1021.4938473981199,18.773898370215157,1.824470353587866
1816,205.48699343562234,14.598747717302098,1750.1207982329984,30.274900043355853,2.818406588352358
1817,78.37914684847307,4.406368660028574,658.7322943791869,12.060530424695525,0.6311247947733869
1818,249.47327697760272,16.317500442133635,2115.8947318194323,40.30084922527258,0.4981984038710534
1819,172.11924736587898,11.962960780594276,1464.764802941817,27.679645677433733,1.6114876085089782
1820,-6.530740564196874,-1.3324955565376753,-58.84754539840476,-2.404160642378527,1.0902486538682794
1821,68.56804383863177,3.758198555655924,580.6335535527667,10.735545067235686,1.1584523885605487
1822,-6.372129250966786,1.838567464886545,-38.66128799627577,-0.49656810227023573,0.2922985496795256
1823,381.4068374343908,23.018005358604395,3223.290215352068,60.30969407657083,3.731863089161763
1824,264.9479705149925,17.49369474914254,2247.3101181440297,41.69634773477256,2.4393718361493573
1825,310.67396594730275,20.121523999533448,2636.54728205954,48.418675393046314,3.894151147015328
1826,314.52002617150924,19.04752737406636,2657.7789186208092,49.366026542825594,3.6641868833379307
1827,288.6075292873544,20.11764970046134,2454.8190588344382,46.15651673809481,1.8436191968127758
1828,166.04795834915447,12.488953485748322,1412.5485558651437,26.467677820550072,1.5944197694768873
1829,310.69882427781823,21.93675380463703,2640.2492855980677,48.8617696260049,3.5986295251694624
1830,275.98783875259187,19.8924875038085,2353.3296805991254,42.56799855115,3.7850946444904676
1831,1.5589339432275957,0.718591861184876,19.741676181713572,0.36944541611320303,0.3041114410834589
1832,84.39728041388133,4.437606252849577,706.276434116894,13.984952100570084,0.6844980294382026
1833,217.9493461239877,15.32615985146803,1854.965338075116,34.269748242576334,2.0236616266087983
1834,147.49027156058972,7.9246436007593815,1242.7807464834232,22.653667971976574,2.307395174850311
1835,103.7533035761138,7.534923975615621,882.374507076357,16.42632419921344,1.6758486284142484
1836,172.70766989877694,12.23285741787002,1472.357709957344,26.759104358378817,2.4103747410076295
1837,-60.7483205541613,-3.919662718526002,-515.922310121839,-9.101530127961164,0.0689082076415155
1838,224.59464659774721,17.564103232450936,1919.3376405179224,35.01402469966429,3.018830702986605
1839,222.49528285675393,15.408595057288133,1894.0036805972707,35.06809833305455,3.0589852412567913
1840,279.3626368931112,20.842500953003405,2379.408253804501,43.421063359359266,3.764654341415412
1841,123.65082581243894,7.0768095265022115,1047.0592444377794,19.33357775971899,2.1884905262158427
1842,63.32999482718544,6.391286187794663,555.326839278373,10.124707971440008,0.8216145697055692
1843,58.474629727344656,3.775519978290708,497.3122277592286,8.944617111465893,1.5208668354691524
1844,230.74417264571287,15.67538934128536,1954.0092834132367,36.113771802584466,3.758581415234106
1845,10.808604334249067,2.4059361320773416,99.12834599955765,1.6380094147046025,1.0446327780364881
1846,208.04208017100086,13.722382044769038,1765.5918610704853,32.320813509233446,2.4187933009094715
1847,210.76970624703776,14.806400218931069,1795.1869846838297,32.96067861352005,2.9943109805371884
1848,137.367061735968,9.07445941447643,1160.4562548120473,22.01788845364568,0.7816513808165308
1849,211.64823496989118,14.205724626264335,1798.1318034833284,32.74764188263238,2.886002376074471
1850,86.1049478472671,3.995078728991479,721.0951009130059,13.55075632668446,0.3344926784448239
1851,37.84810822686163,2.8165345343146724,325.7611676590169,4.270187052138116,0.8485571767349249
1852,172.60889064940662,11.164559130944426,1463.8636123944652,26.675925046077577,2.55031945316674
1853,58.11900760766147,4.772416031042746,495.0048411694531,8.051124096298157,1.8405036199415692
1854,300.7740647902196,20.279960083347845,2554.7786571116385,46.92283392728036,3.377572903529276
1855,222.80090555582484,14.486225838824485,1884.0597548628482,35.22383892458112,3.079816828758768
1856,114.82661868450604,7.65536848786993,970.4061915640094,18.102195612272187,1.6725754995830897
1857,-66.77449667107167,-3.989616178017072,-565.4946392109305,-11.773921633617487,0.41688526217909416
1858,61.897891206447,6.166381189588568,533.1384638851308,10.189081318121373,0.5235942294260592
1859,243.18213642969243,17.48532557227848,2067.3037776115484,37.39140535551078,3.2686729778104078
1860,249.6322475830572,16.23915341260842,2114.438161384879,39.27881155793421,3.2756566240035707
1861,-16.503170981425946,-1.2089403594692083,-144.09765780986527,-3.475754481743187,0.9220402856588539
1862,221.80597239601332,13.933661495414581,1876.9033453439222,34.467960286030625,2.9251340129807195
1863,212.27541158034072,12.583295756634557,1791.710147484174,33.747008781393696,2.90227043918499
1864,20.437423201658536,2.4576943048669584,183.19391601943911,1.396256227757747,1.1759762229053172
1865,335.0439304466705,22.740595646534274,2840.2161002569214,52.70648686205711,3.952100433843897
1866,331.24074235760105,20.290705245872452,2796.95058420411,51.89715500156728,3.9815134008578603
1867,303.6008260081032,19.058005723805476,2570.46830796134,47.75602128569881,3.3596726778157193
1868,308.76513503146487,20.778891504139708,2619.6567765080326,49.117452817578844,3.0057319396957034
1869,346.24542779489735,23.02007905507278,2939.356014854673,54.64811046155247,3.12807843103402
1870,192.52640484528916,12.314144750250426,1630.875947060804,30.480106258110908,1.7017918361812843
1871,80.56383498976093,4.39180202808972,676.7590217827341,12.689152541054902,1.0487812686614708
1872,242.07924421229296,17.703229056783048,2061.25632947567,38.2384953583239,3.5516592653385244
1873,386.63110902180955,24.005543576541456,3267.862168594001,61.783806832426976,3.362116429868122
1874,102.9930269086284,6.841752700771579,876.2230038329335,16.580107758428227,1.1603244538486437
1875,228.72114595397548,15.474109444599339,1941.2184784823658,35.308392506959045,3.154789367698988
1876,158.13355702419676,9.56612878786585,1337.9614799816702,25.107263505109444,1.6420486878745795
1877,306.2644177019255,19.605166743959025,2598.761023369403,47.68897122431951,3.025713912749287
1878,292.07277118588183,20.519729110908226,2486.0271520670963,45.48638497177969,3.914266450411881
1879,371.8927254802587,22.808209344570457,3147.5017508947394,59.38480850569627,3.2191639850691867
1880,95.077700345668,8.2140220548198,813.5459006125218,16.722448345289962,0.168041354724501
1881,321.5281915956578,21.962827560066106,2733.246942390951,51.170411655430485,2.6705709849706616
1882,20.891674015266723,2.7173945063963982,179.16588411055434,3.370626889144085,0.07541553713283022
1883,19.518243091825802,2.5429240723507176,169.74113232496023,2.9823279721817952,0.1420671203574102
1884,92.30575871664935,4.363130331506473,771.1501638715881,15.273191823499484,0.28353454071397266
1885,249.14679463649597,18.300727553522375,2123.69836659481,39.20654300027554,3.0193057003243817
1886,353.727126699119,24.39901520698557,3004.0191850043166,55.587181073871925,3.8037580983359507
1887,235.29232546764862,14.540595728564373,1991.6569288290057,35.71298139893475,3.2768761844502103
1888,255.2473193502481,17.21280762985026,2168.441443856421,39.88973182189588,2.863680644672526
1889,23.33788158693653,2.9362265753357857,206.34969244330662,3.8365903398699968,0.05392805603273754
1890,112.63328497518542,7.009218344578279,948.6459201980754,17.991572393157117,0.6851075977705428
1891,259.6766812369787,16.897432749874348,2199.7334327772305,41.19037075939697,3.57395467497063
1892,41.891571924765806,4.345861132741316,366.137588022361,5.978038073936084,0.1260566021023517
1893,171.48463232428165,12.575250274138854,1459.7569142462273,26.93402102617979,2.580588358471228
1894,111.48893510805523,7.618805697003166,945.078709451121,18.079959052840923,1.63073842716594
1895,223.24972021514657,13.966558848275593,1893.049865224809,35.90135478538886,2.2646542537003365
1896,262.7643283947158,17.749069834268077,2232.572636676666,40.73862808672171,3.461922543473986
1897,184.07545015780747,12.90533544263653,1566.2895478485514,28.1986692149773,3.1937797668154824
1898,59.82401071107046,3.289427163696569,505.07959182548785,9.552818414970051,0.5208379911014185
1899,205.11365966996462,11.165567176286055,1732.9393363854283,33.331511500814,1.4477878606583103
1900,29.57816653742669,2.727458790133017,259.5832114694211,3.891634968236466,0.6180939941579835
1901,174.85778564246894,10.470760825545039,1478.8202334348775,26.930325731850893,2.5511566504306926
1902,-9.806898782186089,-0.5033483742440308,-81.52546088631988,-1.917620537831226,0.5813716116835455
1903,234.5693448421675,16.00536842149277,1994.2605382837335,35.8552571092866,3.61399445252666
1904,205.7840379164083,17.096289390947348,1761.1770669537739,31.636531835454903,2.79296666705209
1905,158.72802431409065,9.956157356445186,1341.3590977364456,24.82504295738823,2.504499227918663
1906,236.56813889354387,14.799303482011743,1998.2471994060563,37.35422400406805,2.8226893895605847
1907,113.9756508018074,6.1470036447400185,958.9737955015653,18.077269516238538,0.9482095382340918
1908,315.60848555425457,19.89989448696265,2669.6389865934225,50.07595234608664,2.7694799370375214
1909,281.299244635348,22.08936758609575,2409.749517269324,43.61572365516287,3.9765400666406348
1910,70.67994420666693,5.995011093395684,605.5933239329785,11.35264444247601,0.7686922744351099
1911,312.6014127363715,19.995849427734385,2645.847953007125,49.35582584430503,3.3437004749281836
1912,310.858592998967,21.08076038730459,2637.9578894328956,48.33523412707395,3.819378769557169
1913,188.40573906304095,13.30175993284547,1595.9565151143534,29.009941970410644,2.608455531341874
1914,226.37070399826425,14.106068181445297,1911.3302032963413,35.37696611200785,2.555324871382381
1915,282.24828314070794,20.382756952308235,2399.4018159478824,42.90709242137959,3.9557979514305806
1916,341.15581146808785,22.4064967713848,2891.162209345294,53.26115935454397,3.730780073875322
1917,41.89501321358286,2.925611063310561,355.20553712161615,7.057017573261526,0.2524347006661274
1918,89.55370543834275,5.400380513643971,754.3996015847956,13.34843951632907,0.7408672119346198
1919,261.3250804836172,16.849865188261553,2211.060974418543,41.708736620094015,2.8309198389942334
1920,329.9252633592571,22.156379957847648,2800.266389257636,52.55049882102586,3.0952901216327615
1921,300.14480740383283,20.6018839550551,2550.8257522300205,46.09082942914986,3.4919047645810926
1922,183.24147878591486,10.566277514384707,1544.538099385913,30.362740930137655,1.76742576286316
1923,12.187012257682376,-0.3041135402714047,100.72465154245609,2.076267965102736,0.13972803434242032
1924,152.27428179421898,7.34483019018327,1277.5243303709253,24.925025663671445,0.5797002577256629
1925,178.4915989130738,10.800524235103886,1510.2676020960864,28.485238633858195,2.011012802173991
1926,166.42072699310808,11.106551865761839,1411.9264875335527,26.52874488663061,3.0004585729638986
1927,310.7040315619071,22.80151046225917,2647.263195534583,49.28371863093378,3.923437579786014
1928,81.34412830330274,3.404502873397812,677.12640683864,12.993002611863284,0.4955280008291596
1929,290.6366178676694,17.495502128480087,2454.350087291269,45.523974341691115,3.989000383531965
1930,24.22669132630081,1.3505090365736192,209.17285203731714,5.077136379212193,0.52025195264534
1931,186.48834627505963,12.707893932200287,1583.1872633819066,30.46472765371198,2.158511572659437
1932,68.11638490914788,5.686895439916131,586.3868411789571,10.204337355725906,1.0392853333883965
1933,112.82613109273018,7.125232926535126,952.7655537657489,18.82875654876735,0.7706689611296516
1934,320.3860455528326,20.57060897282005,2714.583398015444,50.37309532400112,3.264592642492259
1935,234.0899314534707,16.921854639157317,1995.8103843351612,36.20882017629388,3.2486700558172097
1936,192.2719915744591,11.758788622089957,1624.5082416575433,30.499787388780476,2.0020595483955494
1937,121.58247430013263,8.111010166504261,1034.3695180778498,18.484123571823186,1.3246015996656055
1938,311.2690403271475,20.91479321870322,2642.045331622622,49.1139247466225,3.284405395759757
1939,305.88516290511353,18.73236309794485,2584.038359712894,47.65901573281266,2.885343584748183
1940,142.5555075620401,8.758069673287201,1206.6884919776628,21.982984738474364,1.8436740590595342
1941,44.81062175260004,3.1980010905671143,384.381316213145,7.404637058786301,0.3712603510915451
1942,25.126326080521302,1.701551433905896,210.55377654911538,3.344573897664998,0.4943764876726009
1943,330.9783422257961,21.780106041638682,2812.4324543222824,51.79243214132716,3.491951427920497
1944,118.94413111202117,9.02891076595919,1014.8805373150698,18.188854931404425,2.0432472074381782
1945,123.11552605704095,7.861144499616232,1041.302433071363,18.99323006864832,1.5944509395030364
1946,240.29333950152332,15.41073283922172,2032.9684720278492,37.95105249458353,2.5254242449609
1947,185.13812466220477,11.681411892540565,1569.3663892960615,28.771494842436514,2.074244955678726
1948,55.03995544195959,3.3576091279578106,464.48474737062514,8.335105827892397,1.1490328404884056
1949,136.41975531807043,9.073885399418623,1164.7713987196937,21.12569107584871,1.4375540210235522
1950,245.039559352615,16.713474622020932,2084.435719642598,37.39987075876686,2.7897079213832217
1951,56.944213809803585,5.470116344167475,491.05199940703204,9.405851188458428,0.6591251604529429
1952,78.48193022394383,6.078899629985706,671.4334660048382,13.049423819700252,0.7339203301403936
1953,23.187153408314938,2.8580230884812163,204.40975040968118,3.5027310487039074,0.8207452323152262
1954,200.75718573003326,14.052644095921494,1710.2765641864987,31.352596646756943,2.2289317159969024
1955,125.46332017322568,7.482171506817243,1058.9816057145888,18.553102403533952,1.8193661428068046
1956,210.2760410010048,13.847155399194499,1782.195503669631,33.021589263118265,2.766388021051018
1957,209.00121674428962,16.034066149780994,1784.2178050504726,33.02395108766315,2.6617391725172928
1958,120.97667518918422,8.155285185702775,1024.718603680638,19.55771854655608,1.557003610740963
1959,172.8220850374108,11.263861039337923,1462.7523576411954,27.223379384708043,1.2928915871974924
1960,46.12108374157392,1.5119629565282642,381.56455005736433,7.417897211855439,0.1580477901929278
1961,278.3018161342361,19.28589051331235,2365.3968665997004,43.284674247696955,3.7076612656781016
1962,11.096370264152156,1.7971127820912232,100.38692288420607,1.857098600827514,0.7287363103790296
1963,80.99398124024837,4.087411243478206,678.8315023599475,12.379230651219611,0.01833776322712266
1964,314.32371970619874,21.771497355995358,2670.639260768185,49.34786278783693,3.678633759734468
1965,351.78250339063106,23.043995376280364,2984.3705969435323,56.08102434240196,3.2876502034352866
1966,188.46218842350555,12.756842546109661,1598.4017763843556,28.816874343439174,2.6495832387124474
1967,175.05558478415912,12.39724977921081,1492.738025630419,27.267604311565343,2.766918990132941
1968,323.04944364756045,20.10522963170111,2735.006726080683,50.360756300268726,3.6839909501162804
1969,230.9802456490023,15.709508009291001,1966.4415631444083,35.735825943004784,3.2572979220054354
1970,315.6098943809745,18.295651687768903,2664.5124839519253,49.90925293863896,3.266084289142667
1971,97.00655760290229,5.567571329708284,819.5123775863813,14.213452771543325,1.300936944881975
1972,257.9309730741099,16.764944893333283,2188.2851084339313,40.30318149289883,3.582687684784589
1973,72.26001720805436,5.510781518889791,620.0712056003125,10.450616138416255,1.560813517258273
1974,164.81358053235508,11.041987479021492,1392.9412494196235,25.242509818006962,2.068907860911772
1975,84.46933820823112,4.407676730819368,707.8102550878508,13.015602949803718,0.5374074944148584
1976,197.2821030960743,15.114407600712022,1681.0534161706498,30.680549825756763,2.6254537983885426
1977,138.72385873532167,8.045455950301582,1173.3924913639344,21.794139368612296,1.1810544051287488
1978,252.65534869875674,17.988560721824072,2150.9363139538664,39.7378044071427,3.6390090368915327
1979,381.8469431991709,23.886926356789246,3227.7458103913114,60.062272179914245,3.8450884561362666
1980,210.36377516478058,15.057482097111688,1792.7062213831714,33.04336929814448,2.9185039476022445
1981,110.35635474955646,6.946819716593525,933.9174071440113,17.57393733776313,1.209923673659473
1982,141.80278262153058,10.900954754330098,1205.8760011705047,22.50899958867586,1.5797464440722973
1983,344.2241002625081,24.933341155182088,2932.7366391827927,53.27414449629207,3.8948529003017036
1984,230.7945083546434,16.122683966292154,1966.049138924117,36.349549139713254,3.426649475765779
1985,23.49657856491892,1.7007296410630053,202.0694203526082,2.8815710270557258,1.584956851131062
1986,195.58863165209166,11.873747625520341,1652.111964859642,30.438920834609256,2.6209112441759004
1987,197.9410066172785,12.760054363871637,1677.7495697414558,30.345993713981365,2.4075777997345895
1988,435.6393548670445,28.929437012567732,3696.3658586978645,68.47985130568473,3.850049601619273
1989,262.42967157336733,18.25817088177397,2232.9838468684666,41.16756616629339,3.978441147182716
1990,178.4134414111505,10.78367598968401,1506.70828431985,28.311412199308727,1.6806650588922967
1991,123.65378014488611,9.172441416696214,1054.5753287380899,19.6313588724417,1.8349701034157064
1992,121.56695598044523,8.52133841327036,1037.5561157099032,17.87111580468242,1.5470429112120523
1993,256.69531184294624,18.464375975182787,2181.669322400264,40.28646482961408,2.606756186528131
1994,371.9157909871583,26.932413544517576,3164.339398140246,59.89931543690787,3.3938348783017016
1995,182.0417024170403,11.013417893441826,1539.6648102657944,27.367405934168303,2.2774678348398076
1996,184.13568454627196,11.901729233616535,1562.3663157847345,28.766105235088876,2.812224960677851
1997,32.009738112430014,2.0089305721647266,269.75527339421996,4.429906099154268,0.6529751661716658
1998,105.92821389970823,7.575573495468797,903.2883922229981,17.481817062837,0.47107902018094894
1999,131.03433278518773,8.027780512828574,1109.8072808110014,19.91165472399941,2.0049688653879096
2000,272.23869710331985,18.070195038258507,2311.39845196087,42.25167123448769,3.55636251725209
2001,254.94588964587908,17.59796559158218,2162.079089347506,40.22309909414291,3.1431785946367112
2002,244.00337174348886,15.745432241785124,2067.3968497970372,37.602687813612995,3.303446219434972
2003,284.46922072437565,18.477606337121394,2411.185063568001,44.95900116775583,2.9113312249182046
2004,329.1056913590147,24.19508437380817,2802.859973915208,51.05778686560783,3.9796890690118123
2005,61.556269389318146,2.442681897900013,520.30704964788,9.708651589887895,0.2610238353695067
2006,-34.74293943055297,-1.194147792174724,-290.9623733726304,-6.984284873969764,0.42223590065113425
2007,268.0143984039983,17.435080380845616,2270.820590673951,41.47445977817671,3.7811234610201088
2008,297.94846198148093,18.899649136565692,2527.6011652760494,46.067062279901606,3.67953221444564
2009,91.00894260505866,5.148951716846874,769.5727655464797,14.648288292894092,1.2363208867693505
2010,212.90984884934207,14.459098720771475,1806.7490440062372,33.28156166550185,2.405464381653715
2011,253.50466822274635,13.952314219495676,2135.1691612830723,40.64794832525598,2.426078814371842
2012,51.2843403138808,2.831450558128625,432.31446280392885,8.636057962901692,0.5057477782381747
2013,323.9690596113602,23.069603854673616,2760.0553182190056,50.97791787295584,3.782094922394261
2014,312.80605892755096,19.749599207164476,2646.7638478593562,49.3348694111675,3.1142270196571546
2015,100.42659343422618,6.8300099089954,854.9385767710868,15.663450165462775,1.9747705530151771
2016,152.2218617933999,11.071968217379418,1292.9240887230496,23.12596311287521,2.2934560944049482
2017,235.65600374090707,16.13830540408019,2003.590113604901,37.40955840229077,2.2972007212837404
2018,304.86731867074894,19.749837583145364,2585.9480077219737,47.91063504743637,3.765547395405734
2019,339.46035439365755,21.403164944044224,2871.340225279481,53.431496422621855,3.8121783231147486
2020,-72.96989693235459,-4.80813188568622,-620.3673351007159,-11.611000059494726,0.0015534006316841875
2021,302.95440081220954,21.546230433572877,2579.1547259525205,47.340543391663644,3.9106153600257136
2022,192.3056041889899,12.321108044802687,1628.662343621722,30.28141211275634,2.2139304309761196
2023,161.48618227029078,10.91460809877049,1376.4116844024004,25.37698500977851,1.2191794255265527
2024,226.14923862253485,15.236287299124978,1918.6800293328881,35.39575927717521,2.9187193509931038
2025,116.05523360553732,6.699475739617737,982.8985306493851,17.747780957470816,1.9164812631416592
2026,245.48301568978013,15.662188965903658,2079.025490094306,38.48411942370353,2.5015937177964482
2027,128.0781750296991,9.523281867677468,1089.6510525827746,20.353021291844716,1.4431180017365057
2028,183.39687200862733,11.2768673106226,1546.7246345023555,29.025584365566292,1.8906714399476643
2029,229.67768453117654,15.496068350333417,1950.9283694245703,35.67923896871966,3.499021415482976
2030,-37.52820625078875,-2.3054297672526736,-322.05858553310213,-7.2994664430699885,0.3627703618121627
2031,-27.26826469698367,-1.8020084091422017,-235.97207831922466,-4.073859204959633,0.35880915149238435
2032,194.05094385901938,12.469055732279587,1649.8647396866756,30.341965184472272,1.8973567071050224
2033,34.25545441838692,0.9620875793187413,278.8090217114438,6.224159015113374,0.3527531047103061
2034,274.2120215109647,18.194131638564848,2328.1449894795282,43.033249384037845,3.733253780014138
2035,45.096068331981606,4.189802809444599,390.84625086087976,6.392047908607883,1.5146934540085812
2036,160.08932113759317,10.01810633550411,1356.4499442575182,25.267641979274448,1.0828666244738616
2037,86.49775437394787,4.512193789822499,729.3922570209938,12.974935798955148,1.4546687652192447
2038,260.87171257660077,18.330215473307273,2217.070348024969,40.616004979856676,3.169845139093147
2039,161.1231133460896,11.206427885322777,1369.1736001082784,26.41541465906886,1.7095611662845656
2040,178.633775923233,12.7137267094568,1518.9392456559017,28.306898327521075,1.130124444795639
2041,281.73318346439754,19.67696763102198,2395.790489699932,43.618021679478474,3.7722903345791803
2042,302.7032476013694,18.278064866199724,2560.876477192716,47.83646477863979,3.705416556106363
2043,139.805919042158,12.32188459670767,1204.5177419768486,21.714247421908862,2.4944223720808116
2044,237.371010932842,17.326708840170916,2027.4224535557273,36.39952717487516,3.3313574075653203
2045,190.52901245444258,11.156983744489652,1606.0047904984028,30.612342110139018,1.5242844764761578
2046,113.84982285106408,7.6194519629801505,961.9682330647028,16.91071906229267,0.9524656444048101
2047,147.83621706484715,10.400360989368751,1255.7761324187911,23.461783272062878,1.8869261072838048
2048,160.72607143389283,9.211478856292477,1355.4211335157695,26.66966484460563,1.338497542145359
2049,54.32146413394281,1.911746661724889,453.0983636639706,8.090664892765153,1.8456635307658416
2050,63.22392538461627,5.179721056996763,541.5731837523616,9.2459207431406,0.9794230726093565
2051,51.799015295698986,4.1710012052710255,439.57104253064415,8.371628581495303,0.6351796454654384
2052,346.6630957588838,21.320390132394532,2933.105399216669,54.59564916472029,3.3656834534152806
2053,280.9193564028001,17.41060890569441,2377.2781901972717,43.76324463708032,3.2411024964732484
2054,25.58087412903521,2.161448939777,218.77327509793108,3.516078252921678,0.3700354218988977
2055,298.1281415724858,19.878865915354336,2527.424555484818,47.01671622810225,3.206422270649563
2056,247.99637538739847,16.434477932661462,2105.728538249776,39.209602901719144,1.995547815326562
2057,273.77863425791077,16.809980862165276,2317.15211121761,42.6344482017361,3.5851757431171087
2058,93.21687481403788,4.922263705384634,780.9270352110051,14.433722127757832,1.165336411169894
2059,348.10473321259485,23.254885844889472,2956.3226224704267,54.83901118405027,3.09158844096863
2060,150.73397702875138,8.702912416266857,1270.9067095013672,24.50645195245104,1.4367568331236558
2061,107.23262881397925,7.652601485381141,915.4628645024991,16.80929147517276,1.2488689890180091
2062,7.959986561881127,-0.591320392719004,59.84149669518027,0.9986738944401143,0.6213106062269649
2063,16.574782196310068,2.883532611048326,151.2065061634132,2.3690482037427323,0.742872210675166
2064,134.54988450450824,9.940196410262143,1149.8795636750567,21.473717779660937,1.859914492543449
2065,251.49758951619745,15.7916052740087,2125.211790262279,39.29358130829399,2.84460896594028
2066,320.24388632806307,20.740232961615177,2716.324136016244,50.94604742615151,3.7354400841476325
2067,47.18598428307446,0.7158971697208463,391.24394140846545,6.441849131752534,1.1490519907100745
2068,18.657650032285193,1.1437872793292578,159.6320981686449,3.1876950111224827,0.1687922583386796
2069,278.63318405179444,19.00447204494438,2365.7096944407112,43.67927393538061,3.7903972432781523
2070,31.13223838739121,2.0011040973379997,262.5344024557338,5.352062966033419,0.8399974892145599
2071,90.90174005733407,5.543875009031211,767.3575855813446,14.610923333633066,1.096695143898764
2072,359.28184167090177,25.852102777983774,3060.6308542213224,55.92116534425686,3.6388956475201315
2073,-3.098402782424774,-0.23199247095423203,-27.4098497262172,-1.242450234338472,1.0746362183474494
2074,335.42889516430114,22.161953848401005,2842.72632374943,52.37441212496417,3.65245549307834
2075,274.8264027190018,18.583257013368726,2332.2936491785986,43.662357565376496,2.186702296324588
2076,224.7078845170181,13.205131642747316,1893.890781350742,35.25801791749856,2.456278808541683
2077,218.7928787424628,16.00692933477167,1862.0437603396508,34.41426134875611,2.4251128034936884
2078,50.385260136899845,3.9082246969033183,428.13511398727184,7.052744531248094,0.7380666846454003
2079,179.92124489824278,12.0346793104796,1527.7551241285232,27.71321798150318,2.4584090679759423
2080,155.4230731327374,11.19858528055314,1321.681933151864,23.51633339437327,1.7854219472787851
2081,304.07060605904275,20.99077586868582,2585.300958282238,47.159495303746425,3.563372874257677
2082,223.39641080678916,13.37915038891349,1885.1099044448993,35.365842172838875,2.702548404894974
2083,261.7886075374675,18.539402351102563,2227.292731339509,41.524549643544084,3.348887609540429
2084,205.2728333690607,10.947675671648346,1730.6478706882826,32.23799540054292,2.76053529391675
2085,64.59176543098366,3.7415462860965785,541.0705469095108,9.870190601354114,1.0621318750782458
2086,-0.9877495086412083,0.19464145096967655,-4.021742523629933,0.5823716201317551,0.590869490182159
2087,66.90112065007881,3.611144239035375,557.5937483958706,10.400240646585273,0.8702692095463722
2088,133.32454679569966,7.860078267091914,1128.3095224323438,20.353631381438937,1.729337182817484
2089,252.5378522265838,16.315557456701438,2143.160239574972,39.882019995108436,3.494506819659465
2090,142.00944309241206,10.242154517013763,1206.72439239648,23.535172878580305,1.3127577977334384
2091,259.37969891459085,19.496592639122508,2213.981241076587,41.20810852900645,2.7860903280584375
2092,130.18042906713086,9.358451873319735,1105.5063390875055,21.13325836067282,0.35175434063358413
2093,199.11083754549307,14.308865543132033,1692.4870104548204,31.395925763699786,1.7536854881526942
2094,233.2019941290059,13.766017531462214,1967.0584989620475,37.0484677440143,2.3312880756663903
2095,201.70987630681202,14.7468815845065,1719.195154876101,33.02187788259162,2.05719811130155
2096,202.62485409145017,13.054055194591019,1717.8338856043094,31.438542744530007,2.271768671763804
2097,179.64885156032452,12.160308415505874,1524.4645207571898,27.964034021152944,1.9004671058407423
2098,173.95943625662957,13.729136433893583,1490.933625561582,27.275925827595117,3.025221580316794
2099,37.621585729704975,4.783009324068171,333.9048221862418,4.840611750727999,1.223558516594621
2100,46.17372762621452,3.7238473120707027,397.440493138239,7.647147841465253,1.1508490910396314
2101,290.87460614507665,20.25641962839463,2472.8147754496695,46.22741806858799,3.8089324517102745
2102,-15.240546176983623,0.25657815175552656,-121.20342074085636,-2.509267251341783,0.42984327671695466
2103,271.65994633053026,19.034216537415396,2309.0836605783193,41.79633585534219,3.746269024022988
2104,128.7731616982515,8.437157404065363,1092.6359877534062,21.008143209239154,1.000867706586416
2105,235.82821452239287,16.82401287992564,2008.8716114169988,37.662372669253706,2.470623980388383
2106,326.6977531299712,23.149914128792208,2779.3740499827823,51.32600116952114,3.7263005807092635
2107,200.68091881159373,13.126839462037456,1703.4187456319526,31.496789612976798,2.5496109301843437
2108,205.6871692898469,15.170068746748054,1754.7793688578743,32.16956509110925,2.2852513095937805
2109,224.1326330810138,12.690832205357871,1888.67271487565,35.75394995642888,2.3243662036464556
2110,-37.542841795011064,-0.7467220955614104,-305.16317090237214,-7.600708234353334,0.6703719635450551
2111,133.85528319259103,6.30017432171413,1121.352525587468,21.38266678832884,1.7704714406485906
2112,-54.662887039329284,-3.5135357976266848,-463.5426145652547,-8.549475434031269,0.025828326073242813
2113,300.71746355484873,22.714168366244213,2567.50193290946,47.55357730640457,3.847248802093907
2114,39.48327926530426,2.2773947252081452,332.6231882359269,7.942239313745603,0.8714590430143274
2115,217.42856042585424,12.628388953447441,1827.9341699230486,34.22739382615042,1.9186266154681664
2116,221.76723029117795,14.575978211826085,1882.7815818609188,35.22256514808617,2.3587695829424353
2117,51.03157138551198,3.9272589194394305,434.9137982588045,7.778825709107556,1.209737465631775
2118,326.6306518572125,22.070622091527227,2779.0044206857146,51.02111577259096,3.3915038460768288
2119,292.87665580046087,20.77267904086034,2488.741281316953,46.4178547301228,3.0432917375721797
2120,233.7019911612394,15.686741383926485,1984.2341355873289,36.97190941336484,3.2877446881548993
2121,101.92335919030761,7.133515546512085,868.6771002894474,15.65262716183727,2.2135985224994816
2122,143.60471360331528,9.71878902806808,1224.2800792405592,22.027730223263102,1.9638508822350267
2123,177.44038827794836,11.557827989217644,1505.842036974305,28.255311354560796,1.5181160056004632
2124,215.26161456087542,15.114144553083927,1830.3029274768592,33.639090499667915,2.4404961357999913
2125,248.3759842601243,16.79580901054882,2110.8753060134413,39.341649445567214,3.2341623500852923
2126,288.0400251347967,18.237758478639254,2436.847595079667,45.31095768701642,3.362098785520558
2127,174.99755223885052,12.523479994506687,1487.8111312130313,27.755349951290462,2.2271034586936715
2128,210.69907723155077,13.199419979933023,1786.3448500019213,33.16666521122317,2.27741789844954
2129,308.2728601858329,20.82607704524393,2620.5453207795067,48.08067429746787,2.5437760906833327
2130,43.80515398430178,2.766655383778149,372.2032587623749,6.324496131073918,0.7897491761489048
2131,116.43640831333337,7.486303861846225,984.7309914947559,17.424050863095854,2.414384452262556
2132,312.56004113257995,20.4176479274919,2651.356834117223,49.0848537127356,3.382554030019412
2133,146.82745123335857,10.219677180181156,1247.2268698201265,23.65273806880695,1.2030624523772295
2134,257.0058990642425,17.903734393713922,2180.483106494711,40.761744186123586,2.8465308091407056
2135,239.50185321232016,16.680023096169805,2034.673963213862,36.47098262306503,3.8286070157794208
2136,288.9985300088769,20.852753153288056,2461.83009536214,44.76961436683684,3.9791948623148774
2137,60.47901962213389,3.204074837593345,506.8212844686498,9.457514286414636,0.38030510817998664
2138,310.62953198616384,23.325324298800464,2650.617941195269,48.54305440449661,3.9999726421049013
2139,71.23002827118503,6.659964468762513,615.3279771392199,10.488613378693746,1.103437644347943
2140,206.0921064767166,13.896774100291733,1750.1689406767246,33.128557549108,1.1552657216005624
2141,75.38328097644506,5.2234857563796915,636.4479388664492,11.439616864646064,0.8696190253758123
2142,268.2953591646962,18.131477559081368,2278.759092139477,42.994831929402665,3.6160723388856533
2143,200.58088821101035,12.354859934279673,1698.481665890756,30.74945337903498,2.656913667965799
2144,201.5719980463271,15.072216248925859,1719.2526218410976,31.535463326797828,2.135840277595583
2145,150.5119260365364,9.360371739072157,1273.1666087733533,24.496630711153344,0.9635232113586012
2146,251.322896786943,17.260060644573294,2140.7677838594204,39.686252534310896,1.7456059974425098
2147,225.72176685842143,14.884831082421476,1911.9624519725455,34.56656263518794,2.0235731719373704
2148,78.96126821390736,5.1508770015888015,669.8660495059378,12.594308321950388,1.0122512517664362
2149,347.7539024573208,23.31272310196164,2950.505356431897,54.39503620184002,3.8308920585089887
2150,48.09960961162546,3.172568785239049,407.45871032716923,7.139299313917709,0.6267409069698155
2151,261.5143731164304,16.599912061407682,2217.2045092859844,41.34273253627208,2.153943485447001
2152,293.36829708313945,17.33828579827398,2481.570528076045,45.843784526555936,3.276066693602392
2153,-3.760895863513726,1.8721216931062286,-18.49629677846881,-0.38251557786243584,0.5548808663294906
2154,176.74599828831575,11.892808562482175,1500.6492503970426,27.7741000995489,1.783019543053466
2155,83.98868661353583,6.076354980141779,710.4185048567158,13.063651305541143,0.7217782360105587
2156,232.539903438098,16.802666802277955,1976.095771695285,35.96966139620789,2.8898066951235775
2157,385.9070707807776,24.271693012146883,3264.8397677554717,60.74573177375721,3.845411654651312
2158,179.61542904752662,12.676568760665742,1527.1465688425812,28.25624965497837,2.2653378980645553
2159,14.332824454497494,2.385097911353526,134.83214824908583,1.4114091105156392,0.6829193232765034
2160,129.76963762334466,9.76088108437574,1108.2686698773914,20.862516011536574,1.330169173726151
2161,189.92086961815627,12.684651352771212,1609.646219212008,29.311627314898708,2.680599460313235
2162,294.06777637101015,20.62422482265292,2497.5478608652816,46.11390210198687,3.2786333109277623
2163,337.6919649925384,21.92962614849153,2862.199459008454,53.05468582961932,3.5803884484946478
2164,287.8083590789814,16.531428656015272,2430.4730123888294,45.48616415947362,2.657655945082872
2165,52.434279901685315,3.21585498164895,440.1711014314437,7.403241294537033,0.7208205546004085
2166,95.8202747781404,7.45021669576853,816.800388331096,14.890676295891993,0.7898545569140576
2167,53.88503797587074,2.9133204919593543,450.26378392840894,7.729318172644563,1.1853228550858148
2168,51.05443573488289,2.201514631963696,428.9545906268074,7.924559827842732,0.4668571223144551
2169,266.36472798270637,19.261887201412424,2268.1942717191923,41.314260272692465,3.448657294740282
2170,205.50214338220692,11.98543228636767,1739.5859584653494,31.613132654442914,1.9681176711594155
2171,93.59794206090217,4.966478856419265,787.5361738101748,14.593129629060666,2.082711063171852
2172,170.08818918485215,12.538545961577153,1451.1471162463993,26.535086906694985,2.323405441660555
2173,53.41203317083973,3.9417451530951437,455.4370086049418,7.7912286337965835,1.3601437984970413
2174,279.32950728104043,16.412362604701137,2362.1806883461986,44.51164384436493,2.3521290073323144
2175,216.73116069608562,15.697238400804679,1842.1459885996735,33.91821117622685,2.2000236651794847
2176,273.22018837955426,16.644243558609055,2315.1458426112995,43.68717077107331,2.8961068331064905
2177,158.56152364854083,10.97202970276652,1348.19007997338,24.780734195856773,2.3632906172958372
2178,121.21461546576784,8.05284153261112,1023.366847033664,19.507392348633932,0.9934031405650932
2179,305.0636512862024,22.115914321771534,2595.938510887944,47.19486509712835,3.6122064106516047
2180,39.91194942284096,3.4777107220568513,345.3595721913294,5.9896788549136595,0.7548135967447047
2181,77.2930718340742,4.994159746067988,649.840461008137,11.466997662681118,1.056216509944134
2182,201.9884483156246,12.287204553266015,1712.0079270730555,31.50210282645662,2.673998904984276
2183,201.91070438292923,13.090093972550331,1712.3829754035346,31.936955155526558,1.6409698142341518
2184,347.6694546697666,22.29944923164525,2941.9432523939063,54.81244888443292,3.5854983265605274
2185,307.7301461043079,19.469946447124183,2609.253931024927,47.88791513694495,3.9210090395370334
2186,89.34396382607946,7.569992781520639,769.4491532304344,14.029196595881782,0.4084560271064319
2187,126.13532366598582,10.013290190891109,1079.8962860198164,19.724744164448467,1.3436780519859464
2188,212.57268451079435,13.893249988905277,1803.5804177502202,34.20420205413502,2.082323342303821
2189,22.850865174229394,0.8411410857026209,188.61653582355697,3.4815914699736155,0.2467267447884649
2190,84.1787344937428,7.69362465131095,722.8848987968468,12.653424345093871,1.2982256523906655
2191,208.6184471259062,14.52061155955234,1776.353755623585,32.76001446053523,2.310704952952524
2192,221.76483262935602,16.958488723871923,1892.2432139590678,34.387632459016196,3.1935273894355904
2193,154.06843019248862,11.98374972069869,1313.943719286351,24.1816749407647,2.9129877006233293
2194,77.38782835842629,6.530868861276633,666.3807217027693,12.06238940715283,1.1226391625830936
2195,113.26675308158659,7.100983936871672,959.3937485436763,17.152471236408555,1.335812923790877
2196,213.8511331451809,14.763244439865165,1818.5078043195356,33.22590202729743,2.3486117914324383
2197,-1.2591086017168953,1.0915394260006661,0.5420221542389916,-1.1882628674531865,0.3707943891242844
2198,-20.33677566630977,-0.9794655485977259,-174.71044352495124,-2.806044546424493,0.08919417524562911
2199,306.33431221419664,19.965249237713174,2593.504625334316,48.586540518357516,3.185630670826645
2200,42.56671348573818,4.668741914377461,370.3544664283879,6.5574044873354955,1.0490150952107422
2201,109.63724010543633,8.45422230960253,935.3687906988141,17.59721778127597,0.031582308107139134
2202,194.68834127813676,12.286166547426093,1647.523114875344,30.058863376809217,2.7220649355278526
2203,257.3106639730124,18.897043673575837,2194.6675636387445,40.24916488644589,3.30395036833164
2204,278.4471959952468,16.259468075347403,2353.3872272549943,44.22337592463523,2.3827170111475215
2205,96.81663382122206,5.290895466617377,816.8569184067592,15.992857962368937,0.6674794964811754
2206,240.63114473560907,16.796970407674884,2040.8085462000543,38.30564835899857,3.3108051319206204
2207,-23.608335349368062,-0.9726021236897304,-195.1082287352251,-4.813469194288594,0.19158646014518643
2208,-31.30552765535316,-2.771044270155043,-273.60718152878246,-5.556754037637106,0.01355225385956027
2209,41.87087397781821,5.259510075613299,368.51304371533,5.498198419483652,1.3114316211003256
2210,77.78815321450635,3.273898159378585,648.2854122424892,11.943162987789911,1.7465997929459105
2211,146.26140643153795,10.10361260596965,1242.5613021559625,22.791081985011807,2.388579823461382
2212,73.64405408974454,5.091542279304107,627.1884822177163,11.215994210795353,0.8437753550751901
2213,131.20445270489697,9.560745118783602,1120.0959112866476,20.07372339493817,1.9793022924449541
2214,231.70681041545672,14.378751818361295,1962.2627731863465,37.166993825159196,2.1925605988314896
2215,23.26514026434188,0.852471727721098,196.1245123011481,2.911113588627524,0.7689342999484272
2216,251.8196540568683,16.602752212297545,2139.372709452998,39.879496076138075,3.2380187968689147
2217,220.82337823534448,15.71368450384228,1879.502168115174,33.93753781800599,2.62875384857735
2218,20.121323542230957,2.343260864366528,173.86665143579506,2.3512244431699205,0.3072640410987626
2219,184.9203374653962,11.411199335335144,1562.323041771248,29.862136066362577,0.7385493411002901
2220,357.9911740255533,20.43399704613876,3024.994026107927,56.364363800192606,3.7984953967624104
2221,94.5574066633782,6.5993356052017385,798.4045838770675,15.313615483680053,1.0748087402408721
2222,299.1580312924357,19.402823052744246,2537.3539493495027,46.81885435690486,2.9827588663763476
2223,7.953621159213627,0.42270523374671987,66.63611012259909,0.9807638918974422,0.267566377479473
2224,256.3188438701339,16.829482205416966,2172.6123702174746,40.516853849445376,1.6496519601137094
2225,284.7545263327102,16.682915041510046,2403.570294332561,44.39832854915568,3.569912246370796
2226,354.61842998228,22.2943587128525,3000.094988289897,56.25228007905673,3.796110865264498
2227,114.91517095123875,8.760926696111902,981.0002883273527,17.433627643851953,2.1368428962566783
2228,134.83999478824694,8.032497843098202,1142.0723492810594,21.498655053008754,2.2533538911442106
2229,376.1384923640115,23.70428059272725,3181.1690628446245,59.99848990142112,3.993351371508439
2230,261.38511704719747,17.571140047919705,2220.759085204119,40.52500625021658,3.494708699467035
2231,98.36392556686401,7.868054292221041,841.8906625901384,15.930349817167862,1.7202056198224844
2232,60.6481388260795,4.263893329705627,522.2194066579108,9.446203611234269,0.769426662099586
2233,380.62080021150143,25.51144046959113,3232.056246651642,59.16257101414451,3.294717087526188
2234,95.91711789592881,6.141236384949498,810.9770165842831,15.173469423961164,0.9269425432897025
2235,242.7283303509918,16.973407258611427,2065.6499126460494,37.901729485594856,2.9999752407122164
2236,328.4440048151442,23.014198365965946,2791.3240046112664,51.71864063818969,3.324282539775328
2237,59.45565379573789,4.3387601958455555,508.281667443929,9.199310587554,1.092426647329114
2238,117.64059765214625,6.998622685561086,997.2738750501459,19.63037446821539,0.39299941357839296
2239,180.10713116160312,12.452915526384459,1530.8138220467797,28.23060918784245,1.7693594460011082
2240,200.601452850007,12.158890141756036,1697.7188355092746,31.377331685010024,2.42780182672753
2241,253.78908796335503,18.51804722234984,2163.4145317965003,39.646259145366976,3.2019004123476664
2242,187.71213076063864,11.519366331502606,1589.7175122041667,29.722925348095533,2.1627926245332376
2243,64.89871095869296,5.245540008176105,556.7683569373622,10.013005586095918,1.2716426149583135
2244,202.16790904181408,11.387419006762977,1704.5866910436418,32.17906531922712,1.883587795124495
2245,273.49803836562876,17.837575556123,2319.117528257433,43.012928071652155,3.2186009040155734
2246,221.52123114777967,13.826767332345671,1876.482008683986,33.943739132057566,3.6445384321978023
2247,58.43309184877371,2.017489017991712,489.54438761326276,9.82799293380151,0.21942470298459815
2248,172.95517840409573,12.4512179486095,1474.9194427106822,26.66653905845498,2.5860057400723195
2249,250.30854111009594,17.2205917873022,2121.5668648447063,38.859135462714754,2.8571725312614227
2250,164.22588362568519,12.354075831110507,1403.1981509883785,25.32833415773663,2.3586562994831533
2251,148.86907364905417,12.135315659661387,1279.7054959611069,22.389905379210152,2.065263577125636
2252,9.5623959031504,0.5003765134330238,81.92099459747338,2.092247850451761,0.5184634164400697
2253,106.91119325038812,5.91610708410157,897.2167444940218,16.767582415578037,0.3330091013917662
2254,249.52832382187208,15.782881582946661,2106.122012296797,38.13866403318249,3.6630842227964866
2255,10.868073637968717,1.0140444830824717,95.90888511448426,1.7118768800539648,0.5388978672152422
2256,291.3360664552981,18.553849873062514,2469.9183028140988,46.21511839261567,3.1216995921374755
2257,207.42612213949874,13.94010440649317,1759.1933213643752,32.13549201812529,2.411230959756414
2258,287.7387698962153,16.841512671199034,2429.5508911724955,45.10292672200335,3.077306953138925
2259,132.50616321814286,7.760435414528017,1114.912396361859,20.048431056318474,2.4728445572307005
2260,250.1774005460775,16.846840007283767,2127.2903321080203,38.67369020750702,3.2849400118949235
2261,416.27245476244286,26.75186827142619,3524.887267551947,65.96894219189082,3.979206639553603
2262,110.34308103195261,6.565394997534857,929.5643120075651,17.650601025058783,0.47610789881751403
2263,320.12930075325795,21.068785680427084,2714.362071716043,50.35347280998443,3.555583856370232
2264,242.3308062198248,14.699712156701747,2050.069083742543,37.95957302009697,2.681309273321135
2265,234.85839439899527,15.986026159793,1993.1556647337331,36.48255438490706,3.2002300810593214
2266,286.6706132218962,18.390830306268338,2426.360777965133,45.09620576815899,3.397576119443657
2267,78.20814040816634,6.335500881682382,667.5034647260316,13.040995146409246,0.8737199798837199
2268,176.1581883066769,13.35736246669671,1506.7329616962645,28.093471457897106,1.7126436386134318
2269,208.4816989984596,14.541206603315414,1772.8532126356847,33.0527449388182,2.0441437661564357
2270,114.06068148886415,7.498501763475873,965.9861999780695,17.44652188620111,1.667512671277248
2271,183.8531994071748,10.25613204457393,1550.0171265943743,29.321005780101316,2.064058666967963
2272,139.11901385003833,7.419229973015236,1171.7566622172787,20.937110738230484,2.438713775016977
2273,199.21654631985183,12.724824407915895,1688.8941989436848,31.411764463050474,1.9845513634866627
2274,95.7025833358942,8.128765406978047,823.5981541218952,15.183110951250885,0.8656473610054412
2275,181.6308602063948,13.320658682868313,1548.3936132951928,28.586591862028165,1.8224610566638333
2276,56.559833477741684,5.1381332129765145,484.2142200102183,9.10336570038632,0.6765269822237236
2277,149.5055965942449,11.506961415703866,1274.1019011232404,24.139067365271252,1.5710912311764775
2278,98.91913684845015,7.158274996193145,843.3095662551954,15.975284731175702,0.5056675619822291
2279,65.9772123037191,4.6947643365501435,554.4938946461251,10.738980385787919,0.6202727256753944
2280,281.55953261846645,17.083179956537734,2380.0252718358392,44.5802070619264,3.15414752648036
2281,47.901043774672864,2.6531012955830446,404.34072608532165,7.427839150623715,0.9263685189408575
2282,86.82490237749711,5.269754550992431,733.7313570232999,13.76869937292522,0.5184681606602828
2283,82.42111040353059,5.1357389055985,700.3693984652758,12.89088752146595,1.762058265204009
2284,252.03894116553892,17.453934781840616,2143.9864860843745,38.742894627022054,3.353957023537634
2285,73.7176998092335,4.8551055691158265,628.8068766690466,11.374023893019558,1.1272449758678786
2286,-3.090496015234282,0.3720369398040031,-21.011522069290244,-0.5863267088312606,0.9084484624832423
2287,95.58864468099137,5.782130206193169,806.4050962616553,14.38225042947565,1.4866939865576096
2288,149.91502641775548,9.962732938939876,1274.4890050746467,23.472549526587617,2.143138377018519
2289,12.124676550187093,-0.18442505694321065,100.14309060218517,1.7773654955026448,0.6220378225025649
2290,184.70204146821695,14.12351802263509,1579.2956708249135,28.12274124437795,3.2048858765297075
2291,130.11917618204475,9.238922338934936,1109.937811845613,20.05198380797511,1.5254606042301382
2292,48.863956493695554,2.8342632892472324,411.35687043391965,6.656390647097723,0.9897512816214054
2293,230.55478061203135,15.819207136769315,1960.0546254123665,36.50538400821116,2.2413121772251583
2294,108.86392703468421,6.670555120935299,921.9214790726953,17.05005267989239,0.6984436318952638
2295,214.7235585021231,14.375786150197243,1826.0540794463982,33.189385824049154,2.0658667466547347
2296,120.31620902195739,9.448076725041812,1032.51894599359,18.519052610245677,2.209541422134064
2297,142.64213626024616,12.369202412362398,1224.5022130675216,22.177327728617474,1.6161694844159222
2298,244.37221962244917,14.236698009732397,2066.922672885952,39.60627380184769,1.606584716229658
2299,99.41007912407949,7.144642487438645,846.5051772399993,15.656978032205496,0.589672201426211
2300,75.86523269000772,6.764476040885738,650.6445371094019,11.487951959063212,1.0323327990603262
2301,62.98089316871218,4.641820870510331,535.9160948348426,9.808567526729021,0.9418088297212388
2302,187.2136947649743,13.959211546976885,1596.897840740181,29.58476352881133,2.498424040061392
2303,285.2531994853662,19.576731124420025,2426.579788181681,44.594116584200954,2.349488612973923
2304,237.0736460393007,14.608494021650527,2008.2607055758106,36.81297314085207,2.946251307736822
2305,107.40955267289071,6.461711729290178,907.4164846424828,16.487665455076392,1.4447999008198078
2306,330.89223692216746,19.969400552640625,2801.123978047463,52.37404408657577,3.5333460994335244
2307,305.53673895123114,20.21708882042136,2593.3230154799994,48.3702542844529,3.3184468579721074
2308,59.06096124535386,5.855725051824374,504.6591369763085,9.760977660504519,0.3475508234546587
2309,198.8516086609559,13.660644455548216,1690.920616549039,30.9962143768449,2.0591538563621836
2310,102.04144468143171,7.581402206478848,868.9289511614896,15.156451500940562,1.4966965157542669
2311,-18.38079959731667,-1.6409706848678618,-157.7873080955408,-2.911318769948889,0.4489671530571697
2312,132.8771146814666,10.669563793557863,1134.031418443199,19.392046813154536,1.6587215234678085
2313,61.017985120524976,5.301471384001384,522.0826934835151,9.640006427869434,0.516562593483957
2314,276.6496920359115,16.41999296971323,2328.960000897539,43.37135370865784,3.3931949509211354
2315,174.0690603278761,13.179781823551435,1488.260557285088,26.249456893815815,2.0690323595094307
2316,369.7917981244512,23.507834577685752,3133.0697940154932,59.19498659027425,3.939249911878523
2317,157.6369574959365,11.897824859767056,1341.0193959745154,24.95899311431393,1.7928830714796251
2318,292.6320635537242,19.3565679734382,2475.692025092254,46.62078562146077,3.154729762654629
2319,248.94568324169796,18.180319122449163,2121.504159522368,39.41286065835117,2.7157943968239446
2320,356.8344288476757,24.326359173151904,3033.827237495479,57.04893782174405,2.9617785733663577
2321,4.234920922387386,0.3444090404422564,31.98201406826477,0.14258101064582795,0.8406632979573492
2322,218.41849783810432,13.872179382358393,1850.8007209516977,34.93966676992723,1.749673969555615
2323,218.56356655808617,14.875795904535309,1856.3543874024338,33.702574004434496,3.5666000956629587
2324,75.21341958819745,2.8470954470012386,621.4769658243923,11.952335157764542,0.5819614952743932
2325,213.63113094108803,11.806897868002125,1800.5910735832524,33.4339776260097,2.4286555929855864
2326,101.05802177621169,5.885636764104783,848.7633629073331,15.52533598292636,0.6411128442055092
2327,172.04117507334175,13.301948054222269,1464.6939613286504,26.82950108406996,2.1783076573832734
2328,127.59117687366818,9.840165200482291,1087.0173637085047,19.765237953186375,0.5810491444205548
2329,225.6035443822616,14.684425193350233,1910.6596791718496,35.62806486093392,2.2615522731343107
2330,309.9774068928103,19.33782371581139,2619.395447469666,49.2386894000129,3.5061650352112417
2331,242.85576058870456,14.992838903969576,2058.961463348019,38.074566232857066,3.2151132191028933
2332,385.4092957204632,26.714204990392105,3280.182824259381,60.76290889542794,3.9875296377590734
2333,-24.178290389683234,-3.0766076833709075,-209.3448356897304,-4.04214679332483,0.41264764293552014
2334,134.06104631122287,7.907473978223111,1131.552692550884,21.513102337578655,1.4744763689754685
2335,-2.7545809869333397,0.6142821286388969,-23.03677804639719,0.30865019766833357,0.3554498925956784
2336,25.980367192185064,1.9061636746689876,221.95998593767837,3.4083117121047537,0.5429161736530128
2337,121.86005958641252,9.467242221981163,1036.769963632574,18.83986004570781,1.9265672456766807
2338,15.824860146683461,1.0193023388873668,135.04505351731856,3.3577237153572392,0.4855434510330352
2339,172.27290663739555,13.518744990084668,1474.288346077311,26.04822641415152,2.2837218031885436
2340,199.9931448245834,13.377490866381331,1693.153188113939,31.11827304672855,2.652430740280487
2341,313.10755468053134,20.135191595876208,2654.7891959496073,49.71874548770531,3.3532728468902726
2342,269.955397863642,17.9655039978977,2293.04372402742,41.43115271419654,3.425800858943144
2343,203.31215591367973,13.613640061660696,1728.5668033108457,31.515757393658365,2.2243370354957306
2344,206.10061933300912,13.695456802411213,1750.0331786811878,33.08022926660765,2.0247183125421255
2345,124.32682469094986,7.337105039141059,1052.4895011126237,18.260118915799577,1.993404707818757
2346,56.57682841067725,2.004446275506765,469.61830723891666,9.173381397539266,0.44450522679512705
2347,176.22976807876628,12.185104789408776,1499.7366476705806,26.42482567330516,2.372150150180966
2348,103.99168538136155,5.8473894128321975,875.1513533884394,16.71242650075295,1.4151644023308831
2349,88.41167763351405,7.644443451954698,758.2257020520416,13.571181713124368,1.9110021903063816
2350,69.72644606363153,4.280675205011141,590.2583939148925,10.973046885590021,0.41089560650733414
2351,163.84916972419123,12.217772966893069,1396.615611346864,25.786940575110428,1.5117240817219835
2352,299.07428624754596,17.197524836792827,2528.683311527605,47.23375871095979,3.32814702089238
2353,70.00387135030938,5.945367646204173,594.7321396639267,10.71508092219388,1.2192494380397152
2354,156.97555182995424,10.469400282569092,1334.4408350635329,24.6418216188944,2.025705971323817
2355,148.10795303533178,11.337588688551271,1264.266089702717,23.611479252705564,0.6617797362470781
2356,42.909327753498054,3.7720863506551803,373.6602442994436,7.0468145108209015,0.9502177686979647
2357,239.87418488954273,16.121300833438074,2035.710794749934,36.99460987455175,3.3792482147926197
2358,11.392855930233132,0.030110661315783105,91.54702706161353,2.1517288610323546,0.15539566525073445
2359,32.584436350993734,3.0580613134344072,281.082375457581,4.940747285102111,0.7280368357051561
2360,43.25799862890169,4.6009546884877945,371.501162437855,7.025070170225327,0.12357764962619378
2361,89.19277825831392,4.775959392167876,748.8422817214656,14.230716406809293,1.2300720110692018
2362,355.2436325603136,23.488849451125645,3016.302521429807,56.17762781178608,3.4420582396381416
2363,55.987879328741556,2.3867067921636744,466.94477447408786,8.411930017923238,1.4981724921796338
2364,185.00033792397022,15.0653012631377,1586.3728990533766,28.70234868777645,2.151674364834186
2365,304.35942993559746,19.666969747903153,2574.773815318716,46.71489705245479,3.9737810116966092
2366,96.1684015669239,6.397338868554547,815.7261255013531,14.340689313400638,0.6510017938467172
2367,286.57187327309566,18.35529819395958,2430.520329194956,45.12303367983506,3.8103835829346595
2368,100.25181871123289,5.738689348697885,844.4438234563291,15.957682938514784,0.8865290513227024
2369,309.6779722401327,18.824074508651066,2622.6923623148805,49.48022928514738,3.4116520953840075
2370,269.1528761521505,16.7003778261802,2276.5889396059347,42.41333069802038,2.655695369806804
2371,257.62937834991914,18.7338016183283,2194.7973659004456,39.969280871572764,3.975402047267502
2372,59.63616148562898,2.5694151973346733,502.824347763997,9.394094796935686,0.9453453360542383
2373,258.54573797187084,17.845223155961897,2196.3388002020156,40.41009638785337,3.0900209132126295
2374,131.5022494390094,9.988501018119624,1126.2828971160068,20.546037986850834,2.452507447533568
2375,325.34059421002314,23.356808342824742,2768.860808480525,51.96989165969158,3.620922384354458
2376,225.21482982169763,15.66986970732565,1917.801454725821,35.1892888061049,3.296801063386735
2377,-6.837277678844085,-0.10390266020965955,-54.16839576807565,-2.1046144133109133,0.45816575284384653
2378,242.0901018185758,14.552741402909358,2044.50710551691,38.65884148455622,1.7715386365717674
2379,43.06130097526405,2.7809033555898655,369.28371748726346,6.5299509926563895,1.5607663238945628
2380,221.399609381583,16.075363986535766,1887.2785999526943,35.02506300046295,2.739979052560472
2381,135.89509299009976,7.348264885995589,1147.9696069066392,21.560762577127363,0.30731682237412716
2382,271.67586211165514,15.532165759340202,2293.766646251323,41.737713549794904,3.160195898274631
2383,135.38939819635118,7.672310897202065,1142.4428478080608,21.977645822650906,0.5940947943120425
2384,199.11708102697335,13.732851386697831,1690.1954247739002,30.744666739595225,2.089573938774441
2385,62.865807352847874,5.376831617182716,540.5941599918335,10.105037340984378,0.43796281588536834
2386,81.34606759946497,5.6523561990150375,694.0546568285467,13.134083771537744,0.02413621977235625
2387,235.8038304084109,14.283792365056279,1996.48916205101,37.136133273471636,3.3402695682600485
2388,215.8922284147813,15.665767291243895,1836.0243270635451,33.08759658006487,2.6522431189689653
2389,42.38177167274111,2.928245856869256,360.5362248047715,6.626701256947722,0.6852531251646479
2390,313.4230509578336,22.04908469527108,2665.2556354243297,49.741783232311604,2.751340425628348
2391,315.76360189661546,19.39308203473696,2679.9526739135677,49.01410895462205,3.9372325620328703
2392,42.74588985205106,2.664311517730728,360.49189182268503,6.455629169893297,0.9085243330239172
2393,249.60477512900508,16.95399774660788,2123.4049301826794,39.209209341507794,2.813810733488954
2394,175.61737859988474,10.839346661773309,1484.7715968180723,28.42318828113266,0.784738841804097
2395,32.42679371307278,2.1302744678308834,275.60312242237393,5.842745342078689,1.0477210643406494
2396,289.2741679915558,19.33943810791482,2459.096140757563,45.888617737103075,2.687861561847931
2397,-13.378539219828891,0.4409001871458828,-107.03373444008608,-2.0039402113262064,0.08758689130587127
2398,180.32933230654987,12.100164129796692,1526.5677035960978,28.550130905845045,1.6379566115384363
2399,297.4393804479536,20.363703307319465,2527.3226525009377,47.38104931720512,3.2230153798566006
2400,323.0579262695914,21.716618785901954,2741.3774865099463,50.79687306424697,3.372936960724959
2401,204.72377234187974,15.939062768125071,1752.4275714039218,32.08199043978428,3.2227599739822783
2402,259.0674114380054,17.70371358094541,2197.453763845594,40.02526093989974,3.140419107502722
2403,61.06960313961017,3.049467544644079,515.6381833846771,9.331220284830795,1.1009688947638168
2404,49.57129367669265,2.904636091293039,415.9296471310902,8.091040804636139,0.6357243126544132
2405,307.571555260059,17.25586176524059,2591.3328184889915,46.916185645105514,3.926892053519284
2406,27.466648274847202,4.313891553261046,239.03236497920395,4.0912027910262285,2.25139011762992
2407,187.33169047676537,11.814778471860462,1587.3323061134288,29.370107410687595,3.5979100455493622
2408,385.5469344397442,26.236161085009407,3274.485096080031,60.21827811848039,3.719772472341712
2409,266.1647526462615,18.221554214950274,2257.51017019046,41.273208266721454,3.8690175116436545
2410,172.33185981336203,9.308420433393785,1453.9653802565033,26.815033023329388,1.4252327017392168
2411,250.1358618916728,16.351700441195486,2118.936048326105,40.01850113289799,2.631671058542331
2412,114.08866043532875,7.896934229383754,968.0761125340515,18.37783660053074,0.9171583967012666
2413,-22.751091297995465,-1.2871739865106488,-190.0673744657387,-3.90731830503889,0.6434965201217628
2414,10.159833139739872,1.0313478226677009,85.26575437186757,1.4495800387479054,0.0216773406354549
2415,244.93019123639945,14.552583777077711,2068.838766727556,37.37498364644517,2.8620680392098903
2416,227.28164467864323,17.882326503240204,1947.4777941667778,35.68157702898196,2.3722673085680297
2417,125.24367296432337,9.604884395852592,1069.43998689909,18.811677241294177,2.124947093831737
2418,219.73425533150342,14.613130154247084,1864.8680641913572,34.01193741843031,2.325378861381823
2419,209.43395283512322,13.18164194470246,1779.271297632198,33.08900978826431,2.3101282432481884
2420,184.0342335189247,12.989114136733004,1571.1261241941147,28.12671445195539,2.3710126792802857
2421,310.0497046188213,21.99394599791624,2637.8772696920537,49.01479986051057,3.5889778337176357
2422,216.32352397668328,13.35357230080004,1837.1697442755847,33.37902981473118,2.895782584641795
2423,-39.36865316503473,-3.0258604572931707,-337.4708382954129,-6.718271691044592,0.07622076901446473
2424,241.65811876745903,15.306907987104315,2044.8931182414935,38.386528109177235,2.1519428808603682
2425,158.50213754736484,10.647414401980997,1344.2555408351302,24.299380933941215,1.924175054713452
2426,383.0114633470775,25.381071841565024,3252.620218606725,59.75719616146524,3.86746163305201
2427,228.40695185336693,15.732419005431243,1942.0109544094164,35.4788390045787,2.8168527014205704
2428,101.03415294255794,8.837355246083096,876.5628412611103,14.74309964601824,1.6956297203685229
2429,108.28755259406317,9.857351048891024,932.7303486870667,17.302706535777897,1.6402240556501644
2430,283.4002384487611,20.61468162233867,2414.7547693798297,44.69272113991422,3.1363173171711294
2431,122.44790115534234,7.23267125110042,1034.1897539364056,20.15497798561361,0.9238858030598274
2432,79.6178604570473,4.355962900270533,671.5370114816695,13.56511490244861,0.3611158779387429
2433,372.02459348859696,24.0351149257982,3156.8819867628245,59.45319273967708,3.9256186362845384
2434,163.44624168974994,10.594874338548061,1385.5022016240619,25.38247505760831,2.3255387362705093
2435,172.61099695384996,11.449589764316919,1464.8702953291508,27.03725230999061,2.010008138284566
2436,-18.991234980132457,-0.34002581677193966,-154.7950578073284,-2.788144411777293,0.767277886209309
2437,73.67275755235563,3.9878021663308587,622.3328291025587,11.632720484730246,0.525781453404373
2438,242.87258780884216,15.714271065978775,2059.5714621518014,38.82093373803401,1.9637308167622032
2439,362.90778673814344,24.173645911177,3077.449996933833,57.68143305261455,3.7824388336670585
2440,186.9148633916757,14.083627409453628,1589.0028421403676,29.487761511458572,2.642364886352943
2441,130.0309471128856,9.79261059080455,1104.9216737887075,20.882322867828258,0.6986867864650379
2442,319.4803445526456,22.196768497067172,2719.7218010512083,49.44340763235091,3.626567403962261
2443,227.7518388041024,16.231909839774513,1936.815831064997,36.0288719360616,2.9608357102108243
2444,172.33898058738674,11.805818766322027,1466.6425114617075,26.99556786630417,2.1218283009226027
2445,312.6625503165637,22.659542784017297,2666.5673616743197,49.36844524926407,3.0844429704595733
2446,167.46957515356888,10.127618142174406,1416.5390589192025,25.34937826431222,1.4584101086565076
2447,271.0827226563789,18.89243031381669,2309.0260198528795,42.954707253592666,3.0440145120178137
2448,296.41250079825113,20.423451674464424,2522.878433674042,46.74084948062129,3.8234180791076646
2449,333.3818587929107,21.808836163472282,2833.520015909169,52.59995828334604,3.5099103769593305
2450,85.9739437831964,4.136694582593806,722.0646154920131,14.62348611660445,0.5321168369836471
2451,122.55537338697445,9.585688383306437,1043.994214780328,18.148829896380615,2.2842518462204824
2452,115.75824212787425,9.804168587135607,991.5628001129523,18.500216641110427,0.941343052584144
2453,265.68823111786156,17.909727005058507,2258.868475856057,41.43403002943752,2.6892616855644063
2454,231.5170358204712,16.2587744734618,1967.9759962053895,36.21804426885771,2.947384416144014
2455,187.00356511808076,11.285957129246793,1577.235057097884,30.552603008199803,1.1267030089401584
2456,96.8556551779234,7.555115143139366,826.5168393976503,15.273485385791528,0.4779531502410448
2457,15.206795187602193,0.32713462974637153,119.5577301896868,1.1846541268473358,0.8396088048173276
2458,223.8726399150389,13.038025652112825,1885.636734136163,35.72237046824312,3.11708938581281
2459,268.36886835944307,17.59798868865591,2273.7516480882905,42.41433814209985,2.3752348406392456
2460,264.43995908965684,19.17275665465285,2245.726144759298,41.599606206458986,2.8888585756548575
2461,81.66337683701316,7.5559905702500005,705.1673171896464,12.512515836286024,1.57702623471276
2462,278.77402928355826,20.091272453347713,2370.2520396284567,44.05594878101061,3.997947623003478
2463,150.36733803789338,11.278721185496222,1280.2793223050671,22.871111570447866,2.0231172144076814
2464,99.72145923192038,4.874965835896257,830.4043951782808,16.240811774559962,1.1056832297627341
2465,171.28999831606012,10.680834771118247,1455.052924102685,25.993041343857104,2.9645574732358386
2466,357.49793339515395,20.870310582546914,3021.130560659889,56.15030268846756,3.680843188846681
2467,61.175326017727414,4.814365239952814,525.1279290780764,10.590592831988328,0.7061792467547354
2468,141.3728217450677,11.003304044012948,1206.9071634017769,22.39472733333136,2.507640338295889
2469,283.69626781600505,19.7936294810254,2408.3658884813963,44.155357347536444,3.2149703135212597
2470,236.29439647264903,17.258916615447596,2017.362829857895,37.81079134430934,2.3144119328455393
2471,127.03827034174549,9.733797649098504,1085.7518963331368,19.28056429255984,1.754032092466928
2472,178.0471443167081,10.386141666866429,1508.4776004204934,28.509881872157134,0.9868612837563138
2473,-35.29969397946907,-2.0581896469508427,-299.6634205666536,-6.228955128597663,0.37252122678870503
2474,300.4236020547032,20.009453198821806,2555.265866847338,47.048102756990595,3.2279867583514568
2475,37.42281679993524,4.64474759545351,332.36991379802424,4.703925199029394,0.7825893995764694
2476,65.20411672958615,4.521198690527671,547.9658673721658,10.780890317776386,0.8249324841652164
2477,296.1816184983133,19.89805351326793,2514.25651125262,45.6962575397611,3.5556923860425376
2478,51.38198384429237,3.7784928112429967,438.0850302970354,8.582534545830644,0.7911099325973443
2479,228.3354191308723,14.824720535879804,1938.0541879122707,36.825955330876695,1.8454170199711069
2480,23.315500637487126,2.5249129138189685,204.88307672321218,1.9161043393012003,1.197636365881381
2481,32.40196280548823,5.040760444467297,294.2166295755736,5.067994060040229,1.3714091944294164
2482,-29.848287494310803,-2.184774913190785,-251.16313595324874,-4.867642056015879,0.5291136520850559
2483,223.755802823157,15.289379831826816,1902.8076315271294,35.6496054523656,2.425596481188727
2484,117.57371810178138,7.199567404788609,994.7776243311524,17.242884217743722,1.0466669124857022
2485,181.35135862984671,11.551020188788785,1534.2361348625532,27.86812171174443,2.3362895584024828
2486,125.00040852970955,8.778711103276184,1070.613349883822,19.666827474181805,2.0299830202353615
2487,232.18886540244628,14.39826273611681,1969.0904547771606,35.805172931152384,2.4635572639112557
2488,80.83239506775315,5.150687919115782,692.0075075014306,12.516813611204016,0.9372055107555708
2489,-64.03203748319183,-3.743237143482406,-541.4581861961724,-10.716194203331336,0.41603249428122036
2490,102.2206918165772,8.565613512788932,874.2404391452983,15.965379502183236,2.7141490122355783
2491,36.57762283748069,2.575165721248057,315.0537718595015,6.133872865827658,0.33209486692846335
2492,288.0975862942812,18.762510350485,2442.1115594554235,45.620689533366715,2.921817659675187
2493,332.77564336313696,20.26338308061975,2815.6585713845557,52.001516094476806,3.819408653343858
2494,198.0903476583536,13.140722980545359,1679.2280670786224,31.14582411239106,2.0334298512169666
2495,25.711298551750698,4.186613487587254,228.55213479121102,3.5142520697695208,0.6105891430897743
2496,225.31574585541458,15.62734927191024,1916.1218699164465,35.43517919214429,2.4203459401445615
2497,18.645645696063983,1.7003603304101715,157.58350018212616,2.5151423094796015,0.5943881344789328
2498,121.41384075078417,11.089532672007111,1043.6374846203119,19.289723523610597,1.6432928412483703
2499,101.756432078112,9.254166928657261,875.9736442961404,15.654963370857422,2.2253097521689384
2500,-2.122194115301463,0.36072702668002377,-15.759357182784584,-0.34950370082276605,0.4576664800399155
2501,62.13180627249298,3.6140360054669296,521.6119680745397,9.847326717783957,0.009586727345410218
2502,212.98683734531286,13.719437347578218,1801.4328327852538,33.27459365788125,1.7507234137146352
2503,33.022278348613256,2.8170857777180474,284.58222311267343,5.210619258641196,0.1803071519999535
2504,164.29915878281835,10.9762899490744,1393.2536806186963,25.93268675937028,1.3793875118263714
2505,86.40513822747745,9.23704769731844,750.2228540272752,13.239982302099525,1.5487931256093042
2506,126.59021051216801,8.501899531097212,1075.4124398757735,19.516654224303426,2.5637711039764546
2507,88.74371556567273,5.652900016354569,750.6338969167274,14.373502121623217,0.4097722883665469
2508,250.45562024993325,16.569694200449693,2125.9576733122244,38.89458520218987,2.76344118210871
2509,79.31971142871053,5.665293689726851,673.3534545536734,11.85575664647583,1.1933742908987894
2510,393.3929635653233,25.802763637792857,3334.5505217418977,61.81555827232719,3.999338452421867
2511,157.5539175473242,10.302213644174198,1337.7791503907054,24.71369606712466,2.7444948431679586
2512,171.2533898169727,14.331401841531129,1469.9678221083145,26.16973578066877,2.7907307677164632
2513,9.91894933616501,-0.7074499901227369,76.45814513069067,0.8468577573164888,0.1849449523815876
2514,144.21751773192625,9.720471077091496,1228.8342197199859,23.135167784305665,1.685348912394793
2515,52.08751474439249,4.610508920224058,447.20594595722093,7.623427490915357,0.26918619665812615
2516,282.86491969447263,20.591432663011727,2414.424782081285,43.90991715976074,3.918198692973499
2517,-32.487745902451785,-3.952024677116297,-283.15432562720054,-5.439388291693587,0.7464570454575945
2518,210.2119145592246,14.029812475832976,1780.6423117609365,31.829421902923297,3.5237347681497417
2519,70.46035280403964,3.343722210329214,590.5506327493159,11.54844847859669,0.8713093315546545
2520,355.2908003570687,23.879597662962677,3012.738041255148,55.578406183260064,3.979848295728576
2521,240.79481896626453,16.63360690406572,2042.761850611799,37.986095773597235,2.120644991730268
2522,151.34272324386004,9.93642093181273,1284.495423634455,23.872076685296584,1.3967390656783887
2523,138.21799052844116,7.5560644299582576,1160.0812016737814,21.715081347997142,0.6173518936900466
2524,90.97371051135637,5.058950291534086,763.7603023919258,15.185959014931921,0.11709801734235148
2525,227.52550059338785,14.80493246195172,1933.655191159003,34.75369641390887,2.8680875994624544
2526,1.5604574217822629,1.4910845331337992,19.212099943165946,0.9695565375721391,0.20857953384974293
2527,332.8013795405494,22.005060951979058,2825.936162783612,51.57370910593288,3.7376841092464317
2528,29.265409460867232,1.9870176175841354,249.10619382510802,4.665987942975607,0.5394701153178212
2529,56.62993580643547,4.6080810319766305,486.74950812413016,8.239969129414263,1.633938622809135
2530,362.1142708784588,23.39140415570537,3065.6451545759587,57.005065607769666,3.7122661341716934
2531,57.86952592258362,4.401362806519664,493.62831151262037,7.400061049618406,1.5028845828913515
2532,323.0815527600504,23.266533384255283,2748.850147637824,50.947260242694675,3.6208264569815687
2533,238.599150767911,15.692726936815456,2026.285755223684,38.41566428466091,2.6127534200211415
2534,242.4804042162817,15.73181354348365,2054.506533816127,39.33313677222468,2.1620316626141007
2535,189.10234771669212,14.694681204103347,1614.090591596939,29.49536251269372,1.4411141396677278
2536,141.1728704358922,7.810792255713334,1188.1843679111842,21.670212384529922,1.2984102535182038
2537,39.554167602493344,2.8624225276118427,340.33858719645553,6.262028575299694,1.0860227418947161
2538,157.02181761107633,11.26880890633424,1335.0305889333717,25.97029007940064,0.6348646042914314
2539,88.53823941494569,4.692811534901287,747.9592050648057,14.677073924826768,0.7821613462773378
2540,164.34144050846768,10.538915342734281,1392.5733472264665,26.184307980407453,2.2838454311523284
2541,57.60261068776197,1.8728887827503087,477.2288503600452,8.856028710420116,0.0411914500963495
2542,55.26621703955142,4.224426400746708,478.54532172933114,8.015943763027497,0.8118304783891501
2543,249.41197005837972,18.34763188049413,2124.421240029742,38.76441533167175,3.83023026232786
2544,273.6807385517696,17.98971044196705,2318.9900619057657,42.600542007898554,2.635292811359141
2545,215.9836493624742,12.739928204525077,1819.351024036446,34.15998875600845,2.181236278350255
2546,65.56279341360272,3.626501643540974,550.8384145680832,10.348918630132832,0.6336808362247623
2547,201.66721835260435,13.566784489704645,1708.611881987972,30.96318112066378,1.9564708087810891
2548,311.31525979886464,20.74844948321771,2644.594202834589,47.60541368123325,3.845738586223832
2549,75.6055587990553,4.3691048885710595,634.3653394286054,11.82828856904619,0.9736659392001941
2550,291.31509484957473,20.255356530769802,2472.0900893736007,45.60528797434063,3.4029411541975714
2551,288.1027023761823,18.197354595324754,2438.9851286644616,45.65906696649523,3.2053881932930666
2552,389.22943248463287,26.756130161249988,3307.5801566964938,61.058275563107784,3.9131105320692416
2553,259.78714413735196,17.89251289320695,2207.0116526376573,40.23449272157376,3.2501931215776207
2554,167.67773587010893,10.485857174558607,1417.7558923728043,26.174468291431698,1.4554815018862155
2555,109.64078661224525,6.689958540172996,928.3146063478258,17.115532612854324,0.7244131610831186
2556,123.13683225903809,9.455950629638611,1049.9866550751562,18.669500413098802,1.9333990583886491
2557,360.7734649543609,22.451991132704105,3055.9123762834934,56.32576565747199,3.722184296748861
2558,341.37613828195373,22.990910314946472,2894.675347088291,53.372618251734394,3.545997918785381
2559,156.3828954079799,9.201681820515555,1324.7629252444672,23.74689297947659,1.7225932348649726
2560,122.03902671915587,9.691157320814373,1044.6794686257913,19.364026752915034,1.0054486420696738
2561,115.31356936026862,7.095013464117475,976.3856143019327,17.146592333642396,1.939095469339541
2562,175.41390790076005,12.158929515971531,1492.8964372199569,28.075787983464654,2.347704379429146
2563,256.85272185255883,18.250274792683136,2187.6418620516674,40.23728544392505,3.254664372439068
2564,165.8753683056543,12.17586203015869,1412.1829645521802,25.59193813911039,2.461494570633867
2565,270.8268542246696,19.315123400352473,2301.5383188998453,42.82065715527866,3.667000413627273
2566,132.56293115190653,8.809019997554508,1124.7399784040979,19.82727178643319,1.7539398304716536
2567,196.04820395294783,11.382018708194881,1659.3016264227417,32.013886428085556,2.341066599371593
2568,354.02539921501307,23.71153072473267,3007.0460220400496,55.69125729653466,3.340519302363942
2569,118.75811276808271,8.619003386548549,1007.3383271644633,18.641408637277117,1.456106048733174
2570,224.80122378520747,13.986927227633554,1907.285119093333,34.48369252325529,3.0301122685848276
2571,242.51801492217177,17.066359451759073,2064.326677831479,36.82973769353288,3.375949905410874
2572,46.70061515166332,4.878014330748119,402.2990744612532,7.523896056431554,0.9174215798248908
2573,245.05566623620305,16.12006361718442,2080.3596874732243,37.39002685754344,2.149129703246863
2574,-20.19871491011409,-2.8253044930931965,-179.51351856527933,-2.644248980044517,0.08278993433486592
2575,113.47495529463332,7.78413637086992,965.5612082026975,17.564288832185515,1.225033439406627
2576,242.0201890131719,15.925632533602538,2051.615534164979,38.36020103835466,2.405894983301718
2577,157.68248134073457,9.910963363812167,1334.8829714422482,24.38117388854673,1.3135167956470633
2578,287.85824332230436,19.55578370351825,2446.664541493068,44.52419128371719,3.218872035203371
2579,3.3422731287708913,-0.17583168058291565,25.19365652721286,0.5779196697563059,0.29440731013832355
2580,84.72656151015865,2.9111835616620194,708.1321470818195,12.619969829042088,1.396197593883477
2581,9.42955498148003,-1.176856079456695,72.8806920225315,1.2896687963987388,0.15707336712054643
2582,115.15862886514188,7.919798613664144,979.1125705690465,17.44218970006814,1.6755343323879428
2583,241.55734422319142,16.574347763901624,2051.061934701132,37.84660536402517,2.227547569756922
2584,-0.7072181654894137,0.7347017269902287,1.6754630740486416,-0.25140585983314323,0.5829283782402568
2585,190.01222873046075,14.012352048803042,1616.166236384912,29.672636221284822,1.3848505584529742
2586,233.40259277731454,14.15301838477412,1974.8571632670203,35.71847824344794,3.2417054044431226
2587,217.93050483620047,13.963313756207496,1843.3204911114958,34.2727026952473,2.6953667591128867
2588,303.6202664830259,17.423895733654387,2562.4609177210277,48.731394026797595,2.842372050560182
2589,181.70106444478435,13.157398810396877,1545.5845769939995,27.62762556570556,3.202150740954379
2590,63.19802239904926,5.010141305377701,540.4792365865796,9.767192660974136,0.9876566968522105
2591,240.8602939935847,16.238875601485816,2046.605509816392,38.48498292158959,2.3203104791773757
2592,15.053194443913716,2.05944723413151,132.22301445728888,2.7871675668223928,0.2955902444554437
2593,43.25638927805108,2.815946617082882,371.33168706616743,6.924781906010032,0.14516611301548865
2594,23.544257961880902,2.032943475356004,200.31085494454751,3.5477434286058798,0.9417899175941127
2595,248.90854287091943,16.375602806118515,2111.934383662995,38.174896587309256,2.9501878295557202
2596,146.63590918030988,8.11792585222462,1236.4060014070333,22.996072963327833,1.6354473354611105
2597,231.9944408554596,15.280713894740982,1968.3942212115103,36.251278681535105,3.281544992828919
2598,238.91312613472473,16.17757650069487,2034.8111057750095,36.38031908995046,3.9465816258963633
2599,126.23070591535365,8.504394800951513,1075.6902338012578,19.880221075158794,1.3782990788226188
2600,59.8246739905277,1.506774563824612,496.9090629933839,9.618284919259468,0.9491344106933872
2601,362.0897415343791,23.126967971063667,3068.278246130247,57.80433368262459,3.1824553276749765
2602,307.5488084055173,19.715880047402635,2604.134501845058,48.6585035518846,3.2971568738919927
2603,3.638927991876622,1.3145607472614016,38.49618586129582,0.6254092114160588,0.27588497400093637
2604,272.57077438924006,18.035202221604894,2319.734991079451,42.43955194458965,3.2560837887414844
2605,227.3897490318749,15.924732666898482,1940.1270951404808,35.07451582228851,2.9632712148110105
2606,167.5217693310007,11.439100637700186,1426.753483287885,25.830980638166164,3.0030930924629575
2607,217.94947396405757,12.179440943937013,1837.034024600465,33.44136509109301,2.590166493178187
2608,82.215682650288,8.165064637245559,718.9959243637118,12.692294428847857,2.253256904726073
2609,46.77352183016124,3.60327923435989,396.49299929085674,7.77676742974759,0.9097461635590958
2610,12.336461134460817,-0.3830728166466013,98.5992312898188,1.6717959975024286,0.7279429094067829
2611,104.56303418904344,6.936367651673121,887.3687713515004,16.751668774719473,1.3616458068555417
2612,284.53949992567834,18.957114848476127,2414.306494809317,43.599316557751976,3.9330460418497286
2613,91.53765437947376,5.343208253390826,773.0767960521906,14.796945681539883,0.571756021026109
2614,194.84996701070418,14.197997585466329,1660.6421290328517,29.84928296119391,2.3669680195766043
2615,19.15693967822387,1.5950496156933625,161.36921374456278,2.973459630479758,0.7884443897816782
2616,-31.58958428668991,-0.830716529775489,-254.83883548917976,-5.210639422018951,0.05812952136313365
2617,312.001504626518,21.179245433912868,2648.461265703499,49.89649156091031,3.4084970299812123
2618,69.65894437334448,4.58584749748478,592.8429839834099,11.1027021576363,0.4394063934818053
2619,369.03535279552744,25.336419045080557,3138.5319118689517,58.18321565108583,3.98562058685455
2620,227.8323720691027,15.415846219074277,1934.4530472916788,35.63640116992682,2.466730542335175
2621,234.7907451724989,15.473741916843412,1988.4925594043943,37.1252520502313,1.9362481284468074
2622,145.08820464260583,11.614251145808243,1243.0190933884471,23.171808554159572,2.470349880073361
2623,90.00368938777675,5.990081857669405,759.1156959711708,14.171032168833706,0.8654697444380446
2624,98.85771794488804,5.293499535318255,832.0660840357847,15.615657709904413,1.767223036018247
2625,393.9054021504327,25.398355179061646,3340.8074967733173,63.08669638249751,3.3306322106036097
2626,62.20991529091406,3.9934713173480656,527.9121023375648,9.998088270208397,1.9666811645873974
2627,56.7236900072373,5.610117698597133,491.64186575220873,8.170249745927977,1.4350174513335556
2628,283.43602424863366,19.588965012645186,2412.2630368358014,44.187541339087595,3.1206573295058058
2629,36.18989410080999,2.751337326182443,310.6073291845795,6.059213876982675,0.16962904506907517
2630,-22.39027307609221,0.18678682019808956,-182.97026935512997,-4.033380578151557,0.5645415827789941
2631,281.5329171157403,17.07292549818867,2378.666684980112,44.860946053070656,2.939408226986979
2632,41.971849810977886,4.522510501130169,363.92961517856423,6.255734213222221,1.0729799831024853
2633,58.11224489807562,2.843706800502664,484.0574908467419,8.808519796233384,0.9323662155629968
2634,49.66256817646937,5.196336159657656,426.1929738810135,8.127266053036154,1.167724479692438
2635,175.57316158919264,9.460404496375686,1483.192128008099,28.392543185061818,1.7668276772331657
2636,117.31215971180616,6.3643218937515735,986.1618963525569,18.522755025109888,1.7460173464993796
2637,164.64992320706608,10.189591964411363,1391.943878987136,25.36281709745046,2.6366863992932403
2638,341.916616074741,23.43642583627302,2901.9953223515886,54.40257740303738,3.291070886153592
2639,219.12179741973995,16.491150272166287,1873.8483656500862,34.277194319273136,2.485412015472303
2640,156.61525912900123,8.078240957176005,1322.2006125790376,25.273176302200532,1.5195070142330245
2641,34.09402360598041,3.9015769337018953,297.18275297801785,4.090812293860716,1.086978106351105
2642,97.37105725873334,4.308093439041935,814.0652529285304,15.979114633512825,0.4848026076115799
2643,87.55182275926808,4.344417694407448,734.4717105029798,13.757752706862577,1.524527315415913
2644,111.73309640305527,8.248572579170709,952.1334227525448,17.456762982772908,1.2201655298955782
2645,220.16036749756094,15.246704919253242,1870.3029106789127,34.774596843150874,2.998675390565136
2646,-35.0130618982074,-2.096929322477651,-298.9179284777711,-4.563729992827826,0.8533952966127192
2647,-70.46307694023898,-3.5926464123485604,-595.6919940494789,-11.579281327057695,0.21463325395019384
2648,334.6341620872412,22.3100501659285,2839.21286845523,53.104519574675194,3.4039701784397405
2649,325.38316225549266,20.6960696492234,2756.8071331825195,51.80547385638427,3.911064071823138
2650,110.86525413878495,7.6222982445176015,941.4915313155306,16.861855971506895,1.2581951060502314
2651,54.73945335712626,2.3850192354408284,455.30132969664635,9.063954525189672,0.25965508314033015
2652,305.02715670057495,19.515809088141474,2581.386983112368,47.5352576149311,3.924661723845115
2653,228.92029603746155,16.96257245658322,1949.517713209327,35.615561577538855,2.8092525622548004
2654,274.33199368798677,18.68745797160614,2333.563080636709,43.08068606692171,3.272394779971931
2655,94.28300771326768,6.540664585575403,801.3605222724864,14.94659742553991,1.2066119560711788
2656,121.69082675635565,8.258808709112714,1034.5808145208098,18.99931392442995,1.6752662054069907
2657,224.10605992826547,16.144183557542924,1909.6192932607028,35.067218318357696,2.1954854348088415
2658,305.90337851988613,21.054157865145502,2596.691449678698,47.73258595719933,3.4078499947365875
2659,30.711898726301015,1.4378609172390904,259.17950966545186,4.684727688928662,0.28692312178884727
2660,174.11280696592172,12.143930093448844,1480.0146345938083,27.584543791475596,2.2300737850146057
2661,206.09826688448697,14.890570421202039,1757.7065377834474,31.323060386225393,3.4693365962771954
2662,175.90289396137712,11.479299289221533,1490.198200129488,27.36931236057313,1.3532916706169726
2663,383.5621903042426,25.627326462219916,3255.5977095469048,60.144953143904026,3.8005257261987295
2664,161.4450893733864,11.854371405786068,1374.540315053516,25.31226316018885,2.261021325271194
2665,323.026473495728,22.909645769020067,2747.4977680990123,50.034362230359385,3.8465009224095255
2666,54.908870542599736,3.906849231732677,470.09950688777764,7.860897849409912,1.6860291389156634
2667,173.84777714215832,10.936905504373826,1473.4296502990592,26.720094278002037,2.055204432403185
2668,119.7407947855376,7.3615556154994986,1014.3684968435122,17.985563960620194,1.7513869007665868
2669,300.1143150588528,18.89731656591986,2540.840846378372,47.19774354270025,3.856607520630474
2670,-9.164458713694971,-0.6905143740535443,-79.14835897511199,-1.1866241563504403,0.032464511364820314
2671,236.23661162684107,15.180533182205359,1999.4071599520819,35.65443323589293,2.4717520098922385
2672,112.6519797374157,8.321194567554729,958.9776825150269,17.767913833726514,1.0812980947878397
2673,259.4419414593848,16.722224110489304,2198.726353287913,41.96960756711851,3.244589915522989
2674,234.144877672667,18.63161841922832,2000.6412837460618,35.70019441308613,3.4799809345751544
2675,264.4052719415934,14.448516088931955,2228.4292246746923,40.457841449276366,2.8468563601216506
2676,69.95336987142943,4.15060017089786,590.0082741203895,11.174723721911088,1.140114051946647
2677,219.53495249533856,15.687458138085175,1873.7006351262892,34.22623749674658,2.722517249383309
2678,183.01961799480958,11.644405775799605,1549.7146122870747,28.36791573374341,2.776931431397684
2679,158.06714590611406,7.893054398185747,1324.6975022660636,25.719300247953782,1.3006987493999769
2680,128.96108119615732,8.682306394970817,1092.2125018912336,20.356955283938724,0.8040495572646971
2681,117.11359262378164,6.351630013047987,990.0789382187914,18.477203738111474,1.2233697105257022
2682,64.04152293758595,3.5939026907409675,539.8308342949957,9.317931494114536,1.0028599566872782
2683,85.38509204767243,6.963199370902117,732.947049070393,12.197249601888021,2.059195914759238
2684,162.93378657786909,13.137302005656883,1390.0370372453513,26.124577061450537,2.0953866748636067
2685,56.06045952155253,2.6283853537919413,472.68940527764175,9.05102656948051,0.04903967408279852
2686,354.3743387428381,20.93081767578904,2995.1344939163605,55.546771878450556,3.9547032972204885
2687,10.924825074692734,-0.2601823490181121,88.10036944531018,1.6931936074770437,0.572692914319604
2688,-64.26808693953127,-3.8072604014667317,-540.7370740220974,-10.523277866009453,0.11083894050895005
2689,119.36780959784437,7.9437857872538125,1018.7680929359811,19.135329341905262,1.162590252714394
2690,152.97803235123848,11.579920215237125,1308.1051348863389,24.34811159831831,1.1962579824291115
2691,179.97454686282106,9.103954962005853,1507.311292725768,28.006658673311613,1.8152642158079249
2692,181.150393302446,12.812918461823772,1541.1370402771827,26.97201716666884,2.331461354324758
2693,203.37069669046966,11.202778014010141,1714.8801075669182,32.063279154657444,1.7097249418610652
2694,93.17976088939393,7.181200262323569,797.0434600443012,14.746400615966689,1.182761255607701
2695,327.2014457052858,21.687303135916306,2775.713324485463,51.36119320610039,3.5821283010903127
2696,32.26038466774731,2.994953868017065,277.46121297804723,4.971928114026701,0.6896065766868742
2697,104.42907325774038,7.511346416004322,887.3267905351812,16.39738347616197,1.775825347046443
2698,7.408251644049254,-0.5496118999854476,58.37815081487171,0.7836124361002499,0.8379782765370214
2699,46.894752891330825,2.991394843291349,399.6688153686349,8.100255857073119,0.9357216190670874
2700,110.12065441533156,8.028660106212904,940.9317102454154,16.767544648219207,1.4831983149857684
2701,318.53394724762177,20.113107995457845,2690.679356981959,50.32500273350361,3.4264117917630794
2702,237.9674214637991,16.72458176932745,2028.2178281835977,36.58871784320204,2.695676236832682
2703,64.86871395229501,4.876919635127548,549.578861340393,10.694741651663008,0.3017729526932351
2704,-47.0115074563446,-2.985917813888702,-399.483067967594,-8.159841356611443,0.017615771568453287
2705,156.3060811467586,11.160729438544827,1329.7715426012712,24.382591192970406,1.4751672440447945
2706,332.9203639844431,22.53781604928503,2830.152608642324,52.42764891016762,3.441465848608218
2707,112.83240572369127,5.423056890945756,945.4748982943134,17.75059709281942,1.0633692359070763
2708,65.67156165709376,5.962067931919049,565.6197635866763,10.513120193472435,0.6024475592770577
2709,101.26624395801896,3.6974889407568714,851.3169901162079,15.310118653317366,1.6967948628833036
2710,-35.03657300755768,-2.9504152434721487,-304.2563457590162,-5.456925895120564,0.007315418294469467
2711,204.6379972114896,13.116058912341318,1738.6372999719363,32.15504916605121,1.863894569851369
2712,13.676389032516234,-0.7832830466411012,108.78642884206668,2.746889207588578,0.05948257522552236
2713,135.22227437579312,7.775885523090231,1138.7085689670218,21.787581529506,1.8184839867449174
2714,202.91991754924442,12.471181093457483,1712.8849166987882,30.96405458443604,2.6455918663363045
2715,79.44245959574536,6.606544844043119,682.9284645501513,11.95501863369407,0.9932190207104794
2716,352.20490456162565,21.687733399846834,2977.5265392723,56.23483523894011,3.512496501746816
2717,100.27776172561458,7.366433962788465,854.9231751622597,15.927154887053726,1.4464459696569745
2718,191.82256975712417,12.174904122707341,1626.3251923169896,30.56972116079376,2.1458082984851408
2719,215.3077457093358,15.79987201291671,1833.2054009858894,34.46628224202306,2.9489731179325185
2720,72.55629724567738,7.09689508169155,623.7659930741156,11.438498099154197,0.8693286706964662
2721,72.32136730909063,4.609758440519813,615.4204914826444,10.784695218399156,0.8672389313940614
2722,94.84851374095877,6.94874602384526,809.4881319991285,14.788855012983486,0.8135105866258177
2723,68.98078712737829,6.654448595901875,595.5315272002262,10.647479279734585,1.5073340176967327
2724,106.19031111278608,7.585254147277532,898.3058355857553,16.230114558273478,1.3611316473082433
2725,307.53342012686477,19.915987171268903,2606.092389101071,47.88227837875122,2.8553701946243235
2726,28.03396559930443,1.1022737201618276,238.4891349832947,4.152201868381587,0.2476321497709777
2727,39.104393154247006,4.7072332837459685,342.9537103004919,6.079535558447057,0.902965635869549
2728,330.5047008336272,22.250259835531345,2801.5812733602374,51.936340194634795,3.7908647993721485
2729,192.31915458966697,12.598763880745219,1628.1463571126878,30.353169783703937,1.3930480340954596
2730,111.16480880330293,8.089893565008042,946.6313882285056,17.50871923595813,1.6872102951093968
2731,15.868755749508647,2.5023788135422995,135.48069130513562,2.272207271300786,0.06796452181541301
2732,118.91579994042279,9.76586433614677,1014.8039064870759,18.869934800961516,1.2632692533285206
2733,272.5407729512933,19.1963765007986,2315.185771330049,42.23891805865183,3.600347410433873
2734,352.50363495942355,23.14624170329767,2984.954342316138,55.319284167997324,2.936325111209465
2735,146.31957549812915,10.188835567197462,1241.558318559865,22.73811506758828,1.0991830056784289
2736,317.3711516226371,19.474735470699652,2684.335008238703,50.02779183416869,2.92884830373457
2737,288.2988498895788,19.357915671745463,2445.9689286625357,44.4910710042075,3.5448959884542766
2738,176.27367516244567,13.622686367395985,1508.899673409272,26.972400810455852,2.0767484242324445
2739,281.80730122663397,19.96026545491031,2396.355017380426,43.7359909196819,3.4617318077221992
2740,116.62792229144814,6.140433195633438,980.3016561213286,18.562189554817472,1.1967454382296934
2741,57.80328401760444,3.5026016039185164,485.43625944135545,9.017362964689763,1.117266387493392
2742,182.3966695859448,9.454643783806793,1536.1739817633127,28.408987053263264,2.0366927359864873
2743,265.26146931629836,17.324296095011743,2244.8009282899598,40.64983465979277,2.447496028651954
2744,68.0306738305179,4.00730101025153,573.1645668339096,10.317493813345234,1.1294721443324907
2745,210.14360899848216,15.482348159449952,1790.5622219218596,32.970291229994366,2.790840885335111
2746,246.45404394297668,15.534798864710428,2086.4129060522005,39.29757300605201,2.4946770129698104
2747,285.62171114725214,18.199637907070002,2414.593988463394,45.478083610434794,3.610154935223041
2748,279.57721106370946,18.03707486150109,2367.890160812657,43.88209716122381,2.8855024910348854
2749,194.44646427311977,13.055887545025872,1652.0125079912195,30.375571157194383,1.9867282162622106
2750,-2.210434027602978,2.2861433826603337,-6.038205775632448,-0.6923075918235853,0.8248318769965866
2751,75.02959786759504,4.171056472514406,629.996676618692,12.503862118615936,0.8202397879494958
2752,170.66347853330538,9.421404204826928,1433.7836134300098,26.64033599141687,2.1701770830212586
2753,160.9960565646556,8.15601329597445,1349.7207911690018,25.881676889244048,1.6013094236371819
2754,295.4309449159104,18.294783425919096,2500.515669887842,47.01726951389865,3.7300856962028814
2755,123.5744584502823,8.848533600847212,1044.3069183448044,20.211998326207315,0.36566338346272387
2756,5.638919647736591,0.674872127785954,53.48742676413367,0.7930453909030067,0.4605459390831448
2757,48.9933979892795,2.3250976380593356,409.93491215501734,8.006437087392664,0.835699083028743
2758,-16.68036879649171,-0.04569323685692028,-135.96283299245349,-1.765067683239326,0.08178436383239918
2759,228.45247358072675,16.90612577635432,1948.7834711229143,35.547521804225006,2.561250350064534
2760,171.25494395966672,13.42774102269048,1468.438726477002,26.1463864759949,2.3298324426241037
2761,163.69314499027573,9.429273875819199,1377.7979566162735,25.667691576436326,1.1375695075020391
2762,81.4551215506528,4.111131914842119,690.5098779410157,13.709956095008089,1.0691103920150713
2763,22.37783526306234,3.507655877532999,202.86799564478616,3.457399176676911,1.314059758774222
2764,114.36570221411498,5.558266615896509,961.2868059248348,16.435061553678747,2.9669300065305455
2765,13.66741855179071,0.7763940339188012,112.6386943539421,2.5020785781659565,0.050916837536636006
2766,202.53976967441216,11.70125437705998,1709.8803492970615,31.378942457874093,2.6048818430362455
2767,236.250470082929,16.14284072925158,2005.1187557542682,36.2151057919584,3.62122871333853
2768,238.30497231939296,15.285547610059885,2018.5557195513363,37.73311158417977,2.3929013656258284
2769,43.414330316647074,3.8927866707447345,373.4541504442967,6.953916840539186,1.0612713619379845
2770,183.1620485648626,12.511823466483428,1552.5434101110006,28.925269836977435,2.222606875118857
2771,77.90984942900552,3.2255808127375736,652.4416003695129,11.878034008405,0.43432097899141153
2772,194.48596953122853,13.276101300568474,1652.4200527152768,29.757019375347458,2.531121950106272
2773,157.8528618786098,10.193998317141903,1337.9593007890503,24.511228650337593,2.28912232921741
2774,183.93538614072415,13.255605922999099,1564.8612285575173,28.477566990609237,2.380780728443334
2775,206.8743927869211,12.952634481388444,1748.0207493710304,32.663068909258946,2.77998400849686
2776,118.56860481563683,9.007527740009916,1015.3798581083242,17.724924813191,1.4696967320035834
2777,31.746790314030434,4.407459993398382,276.4654622544589,4.045970217416301,0.5751555342765187
2778,135.57750007994267,8.110471474757162,1141.5513030641312,21.310163305407503,0.8783160528621221
2779,20.928550396760073,1.0686276257298122,175.27606615826784,3.66702903938428,0.9656195740299545
2780,280.4610013332991,18.458105614617185,2374.88823490701,44.264536212527844,3.4381500567056777
2781,407.822546035927,27.591178031071713,3462.9892229092916,64.07254279936694,3.9930976744276627
2782,166.47399296793245,9.834302656263876,1413.7656262741127,26.673381910953882,1.4203156411532443
2783,88.66337028061072,6.693432542657856,756.5260088655565,13.000358522200484,0.9020868220558653
2784,50.221011913183155,2.5244992732355915,423.19942140745286,7.324218797712961,0.3968077586002292
2785,245.76494274061355,18.979347411079868,2102.691597885862,37.94802541387227,3.927853906460998
2786,60.04212393189439,3.3835822392928794,508.58586887390004,8.42740128639395,1.9692675063632974
2787,151.34926480186778,10.489457151678003,1286.5945780673908,24.118318573750646,2.346019053729753
2788,291.05557651831015,19.657935559097897,2474.5756415893366,45.82706730649994,2.152844210529156
2789,-20.46756106796111,-0.6868301050818272,-178.227324034226,-3.927918003586905,0.13329277755616742
2790,33.15538127528584,2.5882119637603545,283.9681091639729,5.022830180375816,0.25479571421047
2791,155.55667731358412,13.76639806318621,1332.301943279898,23.841276547784094,2.2607461307837347
2792,262.2993453097387,18.609844484746038,2230.745816461423,41.003789635606296,3.0098021333382254
2793,289.747048167359,17.380607775152466,2450.2407990025326,45.312641625905236,2.711049495190899
2794,342.9589055254519,20.648471785237355,2897.228759291086,54.72297847308924,3.609146413576361
2795,183.50531123869823,11.4406407571148,1554.6804391649782,29.33771386094912,1.2303953174272948
2796,74.19948349077863,4.914095809505118,630.1610439349482,11.043221293697643,1.3017045976968231
2797,-25.53682074500911,-0.028103672913818656,-208.87656800272615,-4.697508739027706,1.1303799341281273
2798,166.60062096517836,11.135182382752815,1413.1174420779396,26.38479556602099,1.8507378902669527
2799,332.3988849363826,20.655333695968473,2810.3358108542293,52.2523442907902,3.6817991741643987
2800,185.02263995757275,9.753438204762833,1557.3093117418957,29.90969677118008,1.3467668353906603
2801,96.20280888781907,6.592398580168776,820.5375852346729,14.374121532066969,0.8871311826723121
2802,126.37115671940373,8.573462696191362,1072.7531570963883,20.360509867264714,1.2949297764154086
2803,297.5901301159986,19.06742369868271,2517.3978858247337,46.980310988593764,3.8242096990354235
2804,241.42479511801855,15.631142125654698,2043.3443469205538,37.41754242411138,2.7209511216727114
2805,283.38643514266204,20.999031320724132,2413.593700513085,44.27011116443316,3.9042839214413494
2806,214.5549517242575,12.852834312134657,1814.66188369909,34.12341521026248,1.402339500680811
2807,67.22056438302899,5.249781330633466,568.0783354725334,10.48675469169344,1.1448598581100984
2808,6.865301389974021,-0.07115696099892088,49.33690932928323,0.048457253531105166,0.23978295323275844
2809,54.31974330057526,5.141479332116172,466.7091014795072,8.497704512011751,0.8515711153922076
2810,207.83725082860073,14.615955155393367,1770.0351769036984,33.266340168028194,1.4998578041893382
2811,281.2260069130551,18.97249344605979,2388.6324560139524,44.26289776481592,3.8883969138365178
2812,34.055035673861404,3.6663392013929403,296.9166978540406,4.667567917058122,1.1373123957632574
2813,327.97973248767056,21.66055153315241,2783.063465363621,51.72352385263091,3.919879803271966
2814,60.75962463060649,5.381131932153899,524.794415439474,8.453111986951605,1.9047624941308499
2815,251.85058803028528,16.86255354927446,2142.895901318306,39.31135002905556,3.0334982245298248
2816,67.97989565114207,4.001209125947272,574.2500770550545,11.347208043868005,0.40899433243974714
2817,36.77012047196742,0.41723615477217546,303.9764568151156,5.203848098848722,0.842137552803615
2818,321.196861859219,21.79559859453014,2733.907005902247,49.936592530276705,3.974612929579182
2819,269.23568450954605,18.982186679801686,2291.841956052627,41.85974371988158,3.235924844044363
2820,140.19793786948352,9.559984308220034,1191.4179564301512,21.4154412956854,3.0584299654116975
2821,119.44399608056077,8.977743884115686,1017.6907705993956,19.258049025476275,1.8255221588546315
2822,94.4273315197766,6.038988457914776,799.7733500312612,14.149824282644422,1.7272852753505128
2823,216.5260208037458,14.907333908930806,1836.6920628817975,34.001176878672126,2.2228867197822617
2824,192.43482684635683,12.283042434062033,1626.6925860408674,30.722760992851384,1.5534819548612613
2825,313.27869089948814,20.71141535304421,2657.581475013379,48.65757454273995,3.6723183876977323
2826,247.0787436181657,15.925624625658894,2092.6544294635924,39.143811994852044,3.066454200927291
2827,169.5016672850776,11.212351850258191,1435.5518581263982,26.23842136438906,2.0234912107013523
2828,270.04380556496244,16.525720008262567,2289.691582228731,42.47823570862198,2.2837011782722323
2829,112.28309730417442,7.348027531238361,951.2524413843621,18.070702233933464,1.4661966442781114
2830,362.33028835133524,23.43279691235431,3072.519557972656,57.606146615440906,3.8945026940645904
2831,345.32471737593096,22.514844201186328,2932.1272648296567,54.541988462942555,3.7799170491852285
2832,116.85164215114224,7.277472120820068,988.0243616839604,19.463314629368377,1.2631298373501458
2833,176.54947534323819,11.288259844644234,1498.9640973891023,26.96872643909463,2.0688170038419758
2834,77.76976548397451,4.8964718762284525,657.4305259884281,11.74105100371534,1.415860887527963
2835,225.27853817828242,14.94568462826193,1916.1427090183083,35.86612221435642,1.977899612077454
2836,222.45700304590522,16.034102288121414,1893.1641134557708,34.10483554330949,3.436343474136917
2837,378.6884150524027,26.571406266224955,3220.3524339573755,59.02449529864561,3.4253413448175434
2838,157.7466119425099,10.530728904233287,1339.35685896093,25.514733998010033,1.4654014306510112
2839,109.8126181420595,8.674508736570871,938.7124552612172,17.9406552909128,1.346165677791776
2840,-39.07431657582939,-2.567016450563658,-329.4561828290002,-6.597058839794059,0.32453010932859216
2841,316.13977376436384,21.47885573857687,2687.7033339706113,49.394084156206695,3.3929416863956137
2842,81.42241695811052,5.247449613592905,698.0261839865854,12.66058939908542,1.1287081124450742
2843,146.52654087982629,10.20822680027893,1246.4415081962984,23.056313473795957,1.930990813743374
2844,68.36413195967084,4.259075507716107,578.2032700681184,10.292817873520004,1.4364182638507037
2845,215.35848586303186,15.112821136451721,1833.1876562892323,33.709365190520934,2.1312548917704497
2846,316.38382047674173,19.2834095126424,2678.496771976884,50.33525131750931,3.979800642045624
2847,287.92340343611545,19.546404395503203,2451.1195240620673,45.45148936620217,3.1051842369501284
2848,96.45680054916804,7.160878292106827,820.977469325093,15.56046247585103,1.1911455276583194
2849,1.8131721698402448,2.394892812221177,28.892869679458954,0.21999259857429454,0.11470574979237513
2850,121.4150021575447,9.465346319704773,1036.009964842082,18.59748518405761,2.011840649509009
2851,172.32199353052047,12.459045861178952,1468.804616459361,26.23064172765674,2.1923474418817888
2852,215.71884580170922,15.198797874543091,1831.3747544221694,33.27330017756523,2.095155708259084
2853,290.18563258484767,18.315949624239156,2450.8711776232612,44.90479486193395,3.222131785141571
2854,45.73432619363013,1.8673494531770598,376.5552299127346,7.522467309734942,0.08538103779202011
2855,41.27859885915068,2.7973347967979816,350.5448676458346,6.650235156428604,0.5319001583225229
2856,294.6423879705186,19.564691448509265,2503.4479544582996,47.129017980649024,3.197137626275137
2857,389.87013625249034,27.34397483557219,3321.1868888685767,61.19050035322297,3.92462357387306
2858,180.9730726851805,14.03188157799559,1545.8011354637108,28.720486123230536,1.9123402872827189
2859,308.4952431491724,20.88123337801564,2613.0750688067897,48.13825432065394,2.9990580396037476
2860,334.4933968017226,23.96661434203447,2843.0738860775964,52.18638222055628,3.849151864369187
2861,-8.794500535914697,2.273453265367823,-64.61740499348173,-2.5498693227814844,0.7818327583210603
2862,62.2955999865974,2.156719535759921,520.9841826457152,10.802801545023229,1.0809917991385127
2863,109.66866546509931,8.858748598531859,939.0456588240646,16.73982572417446,1.9745565953233335
2864,170.8593992336484,12.114693759030814,1455.1921568488294,26.915563008573024,2.5184079376497857
2865,-11.064858971817566,-1.0573329932860487,-92.4123029825703,-1.9779376980975378,0.19833890513405183
2866,198.24996488335907,14.558523976135135,1696.658118342898,31.098525289643757,2.761922847344246
2867,200.0297936105928,13.141461397682672,1698.926392103156,31.21895176030683,2.941364319726456
2868,44.01160376363178,2.931506363031943,378.7660328886371,7.034641431243628,1.015221267075757
2869,286.0002947375181,16.77346569051796,2416.4411997711613,45.32557054059808,3.1338496948360106
2870,129.93672283007476,8.98912132402424,1102.2530857005252,20.555124864009134,2.5538582996248675
2871,50.94818302516073,5.092088361578226,437.8484839668386,7.820329204745342,1.0518432568488478
2872,325.103361129935,20.705008246258434,2751.3492050385494,50.8497349138305,3.502728453352725
2873,229.56331439176228,14.376996543900187,1944.94343097188,35.806759894477125,2.699812899580446
2874,41.67135543421795,4.440613431831335,362.9869750150113,7.1168768249425085,0.19325778186275855
2875,108.06233074611109,7.61616129982004,921.0799072035131,16.50753301745668,1.2767881837259636
2876,219.48496319455137,17.64535453717561,1877.3920324442042,34.00012848914942,2.724641095010313
2877,89.00076595070439,5.6489251628451775,755.0892299595832,13.625477489335346,1.2097867296353648
2878,393.5215188992144,26.530761092505756,3337.776265274825,61.69475837317043,3.7359230191400448
2879,314.05148451539753,19.603596399727827,2655.23025752137,49.268019454723344,3.2288861598130896
2880,-29.71155107620757,-1.466019178458882,-245.68651375784006,-4.535618196372983,0.47974145865083395
2881,345.96638502811004,19.199984574675717,2919.373100002089,54.88470615730761,3.708801351872364
2882,34.533141512204004,0.9428781513007376,280.74567055497477,5.434879145676331,0.6081502022642589
2883,232.43980248334645,15.602275349804199,1967.5473689205373,36.75648128425654,2.4894847227583905
2884,102.06894602168047,7.396545597342896,868.8970049144484,15.237632248327156,1.5843429672918208
2885,152.04292442605944,10.324172242540879,1298.2539179165788,23.80703094924999,1.828776068346711
2886,335.0864011737612,23.122540424680984,2849.1612496817615,52.53892298664942,3.0789922507368623
2887,242.83532706312917,15.563907903098082,2055.025989182395,38.46073243998319,3.2387073616020494
2888,195.52626802328976,11.250007967893625,1649.9667939245128,30.75337237482022,1.6805728171546628
2889,134.15921697505158,7.880823943660517,1132.4428346103,21.76657264371914,0.7517808038894698
2890,295.03377710990253,19.98144070080231,2504.3859609639703,46.87418047435233,3.6812780255655118
2891,156.6445787278203,13.51290450792258,1343.5410133117657,24.350620407593844,1.9060999460681947
2892,26.160161437201353,-0.40072291340729294,207.71662766976297,4.151346445921721,0.5299067241642268
2893,-12.873397533589259,-0.9550998984866386,-107.52097878512875,-2.0467280472237914,0.32478736787217377
2894,11.562412754289824,1.8969101202481915,106.72351058638517,2.035706716298983,0.44129679355510776
2895,225.39457384717085,15.479374118447755,1915.7730505833542,35.327473826669966,3.118862372218425
2896,120.36241981905955,7.16389817159069,1017.7283785802961,18.23159091800639,1.5373377371226398
2897,1.8483510768063838,-0.40394179400256314,13.96552128655895,-0.03597218833089111,0.22453632596781103
2898,186.79504616232643,13.229332633233094,1590.354442200315,29.587727346027684,2.4772486933112585
2899,141.46673130343092,10.043209588942958,1201.829246395223,21.902778661483346,1.8012083091596103
2900,108.81243771379991,6.371316368566106,914.5531501573818,17.078052976260956,0.9448249781517197
2901,13.24159619822373,3.63809291183665,126.60128289946002,0.9914416630831795,1.4381305295784927
2902,172.23094721036708,10.784508213445658,1460.7865832280888,26.48493143274314,2.5079408008882993
2903,232.3929741955238,14.49078160437782,1968.6954565856288,36.88353234538675,2.1924130967502693
2904,72.49403998738612,4.79919597204412,613.8478887648039,11.97236520617493,0.5156248003441708
2905,31.046518630227496,0.8671626796155865,258.8458463633585,4.784292680093679,1.0398834756700523
2906,197.8655397309562,12.036133780414229,1676.7144772494933,30.767779997006052,1.596605711407563
2907,393.12099250765806,27.146293205435892,3339.085233023482,62.86970852100731,3.9772580357600296
2908,270.27066207487985,16.725445064929904,2288.7433646153713,41.488848977553594,3.6335560011997634
2909,283.63581806904716,18.748983870841656,2413.255256239519,44.11696512865224,3.6544791471636517
2910,177.19406810669332,11.699504697517064,1502.163047499481,28.367591514663964,2.3327256202841067
2911,119.54287432998942,8.39325735452352,1018.1113604854149,18.36461031052286,1.5957029083873202
2912,237.55925090114303,12.876345574815529,1996.4641624365793,37.69794413928685,1.8547338796623385
2913,85.91487169819132,5.294680749211236,725.3259757811082,13.057263021930714,0.6829133670398808
2914,183.82676701994805,12.068268981125534,1557.9168157119077,28.09349452887232,3.2519348663398397
2915,49.428486349911985,3.2855969576080875,417.3457256216613,8.27429925455727,0.11212932347171556
2916,70.40774267556758,5.235734368969225,601.8564419971219,10.50143180359923,0.8867533217274408
2917,-0.14630227844685306,1.1864906783666798,9.422317466758129,-0.09382367396614111,0.2971627889263915
2918,170.9413059385138,9.990489623817318,1443.5451159613156,27.251094093991902,2.641946986388411
2919,292.7812857223806,18.850014180725672,2479.106464093844,47.3529477338784,2.2770841569756
2920,72.76842945097867,4.884522819935853,616.9575693015615,9.964671493434363,1.493954608428015
2921,290.86529834699036,19.274508360422253,2462.460603837151,45.10684524158732,3.967767407208641
2922,300.5068892934294,21.626622081466465,2554.1464649524337,47.07101493311116,3.740667816627496
2923,354.0127309441638,26.094301235610644,3013.6898623080324,54.565886443434856,3.927741569083098
2924,195.7080486926403,12.8442706051467,1659.3035462547844,31.18365316415655,0.972772682585306
2925,106.86869940144732,7.295937134314406,905.6621432352739,16.93362974694949,1.3171160418503338
2926,15.560968045600069,-0.8414815990284712,122.24132692152017,2.4520604290666586,0.4536759000216515
2927,59.96775374999346,3.697438594861097,503.86275370943673,9.083061046168895,0.7102029288811114
2928,-24.21654297939323,-2.591040325001199,-210.4132649973802,-4.075547333047318,0.11825652531310782
2929,244.22408212726648,14.733508522725055,2066.364860475252,38.05169128295598,2.999999508449241
2930,77.03844534552519,4.340424925377027,644.7208876654247,12.164565210522875,1.3688343488397599
2931,55.037962586868275,5.458759256038867,474.83626066935307,7.786727408480251,0.5374765962012087
2932,104.41262257827245,6.270664826841887,884.5401149578448,16.854266608992432,1.4773179877730689
2933,276.76332527614284,17.840390110930866,2345.840442312041,43.61117020265229,2.57017834587846
2934,181.2349818300104,13.824038130033298,1550.272555315601,28.580946864576745,2.622020819735302
2935,-10.37499752034465,-0.6945100646080804,-86.18053628540098,-1.7876712054542578,0.26109611198447524
2936,263.34128304192024,15.517125476566239,2225.56170630097,41.143200843763985,3.217740581121235
2937,149.53713568332617,10.194398939454702,1266.8037443430426,23.141032749298745,1.4399440202625886
2938,141.64341131954853,6.774522560693729,1186.951623307526,21.198064683909084,1.4623623804083299
2939,1.6595208642934745,0.9120805520895758,20.599018986685568,-0.07169516749897786,0.3931267649678949
2940,205.73793880308602,14.424038313088271,1747.5412063265169,33.076460449495784,2.2386680755576207
2941,289.31765624649364,19.575311319332492,2455.156227777621,45.53389294084887,3.5241678626845654
2942,176.37196519663766,11.246987024672237,1497.1156490337564,27.36377465440477,2.5446919490316016
2943,-42.963994988561424,-4.666970575270604,-377.6135023347889,-6.786373145358182,0.06043931190329177
2944,107.02472544431812,5.547123480553822,901.0800046567107,16.593505236081096,1.1256132276851836
2945,188.87073698617556,11.235705049108521,1599.052948590145,29.9964365771488,2.296420039644342
2946,285.61897321805924,17.879132470881395,2416.0108487154043,44.56774132128226,3.3725552643419485
2947,316.05228287585766,22.10709827374987,2682.682481116022,50.383192204209465,3.8100964153899746
2948,238.62484074959193,13.7840940160341,2016.9746912236453,36.83135543887856,2.797603284978002
2949,102.38285159554708,5.913725983255264,866.9249628743456,15.191272919966128,2.2362686857560106
2950,38.96736779287567,2.400008001316743,324.59787815718414,6.356882480627561,0.7574081881737165
2951,-29.534501521167183,-1.7941941617033534,-248.31964814053475,-5.174316462768111,0.3716384443372571
2952,205.08930605293804,13.269328737663548,1744.9948682219297,32.53973797531056,3.8833716868041646
2953,-14.105461157501852,-2.2998435295282444,-125.36241011493614,-1.6881272579316162,0.08700300282344298
2954,326.1470104745625,22.002013186480895,2764.4082189839464,50.26643304853819,3.94596940035976
2955,359.60138519142725,22.986732871063627,3043.39326491336,56.460959949382705,2.911982185157857
2956,-2.802333317870139,1.0933420443323656,-14.89957384874262,0.41282262545252335,0.12548924042630194
2957,-12.619164050996845,-1.3701118788178288,-110.40153453648763,-2.5721721117495644,0.48809400484397925
2958,-35.559086399912424,-1.401631601856617,-298.68088094884286,-5.426070899324362,0.13311152923373504
2959,295.6369319176257,19.423353497638114,2509.6108235259726,45.70563778552047,3.2919187999850044
2960,105.47609501422612,9.056020458161374,901.8084482854673,17.6526120768689,0.4906771207977254
2961,272.23919585941235,16.517791808532166,2304.898502628171,42.05431700438936,2.843604130152709
2962,133.63435327992818,9.572849145323453,1142.823340410129,21.012806220662075,1.9871578302192021
2963,277.2059101175827,19.425988633362724,2360.9937155659413,42.80853417538712,3.5722114166514434
2964,158.87228636760398,7.949847385101084,1337.2868044565269,25.593147253956573,2.067679670684542
2965,146.2774099778302,10.730809830343416,1242.6857834202847,22.87541363181491,1.864123379869541
2966,165.7039447950311,10.334211068164878,1401.208124250944,26.343824410955847,1.4907455326961387
2967,236.20825521050804,18.145288721013124,2014.8124942178458,36.45947329870313,2.6851308533003535
2968,55.90537970994288,5.500433590746326,482.5622113539579,8.194340046645712,1.350978119615244
2969,329.31761874671486,21.676551355883195,2790.6583196470915,50.90988412619076,3.6843335005782945
2970,40.85491471365258,1.3397264314358224,337.70552591418544,6.337620276754342,0.806226344270069
2971,110.9895054949995,5.889701070185829,935.8226994677494,16.92221810774869,1.3907175385347164
2972,129.93016722942843,9.705134591058028,1109.4650299411144,19.93104559536878,1.443157631222583
2973,132.4299180714742,7.519807352662465,1114.2761631572725,21.30051924212029,1.804136666094645
2974,115.59312100573221,8.416399065133787,988.0723339584724,17.674212231856533,1.8815739966905922
2975,70.42657749884992,4.111483319403627,588.9551999190605,10.698430931902015,1.056099477397618
2976,268.0209858013737,16.294101417751925,2263.5674781208986,42.298809470563015,3.450159444526372
2977,218.60926760797415,15.460789092639631,1852.645101895709,33.62841973059498,3.2893611903903848
2978,324.3570237344687,19.602131955752412,2739.8314084777326,51.52857547338789,2.6075598669251363
2979,363.91010566612164,24.134812518370424,3087.642445140429,56.35574578859726,3.762125742291343
2980,233.14246068269267,17.30092651123849,1986.9801479113294,36.69968204284895,3.3508949484164097
2981,211.93341547802302,14.015753696086591,1798.7375285667813,32.47336286452858,2.588738611041828
2982,262.2443624908941,17.898392013060786,2225.9448125656686,41.8111016352481,2.8215448678750215
2983,248.41195485837332,17.513436303072655,2113.8524155852415,39.356211768054564,3.6380228746478793
2984,-21.94980395856767,-0.5577086489159255,-182.470954917263,-3.73021935836263,0.1843116494867374
2985,258.8413942869359,18.613623780952942,2198.853146052965,40.586668453531715,3.1391558333972616
2986,232.2192199541723,15.537285980771985,1967.5131064535785,36.31808968468844,3.0335724296565174
2987,104.369856575682,9.01849505510137,892.2289603950223,16.439811060790554,0.9866686217359044
2988,64.1058010179695,5.220746039501551,548.8428541265846,10.218795059299985,0.39574827478222163
2989,89.11862806516754,7.124531173924436,761.164786597727,13.414443363882416,1.2443882096954066
2990,156.922123657288,11.0946522841382,1338.620151559057,24.946600665099957,1.7261110085368325
2991,141.722906728694,8.694145760266288,1196.4888054932962,23.375138628324876,2.2658460077874527
2992,350.8497594613575,23.25311452027792,2979.2988151333648,54.93017943048717,3.5471145001168325
2993,147.82596838100633,10.005991761137995,1254.4401675386953,23.06189073682171,2.0822040620410873
2994,138.172795169159,11.769949220349575,1185.3868464028467,21.17373609930598,2.2674409433990896
2995,161.24557021646498,9.084255404026718,1357.8008276290825,24.99426143975508,1.907780308722547
2996,299.9272801394757,19.647377258201413,2548.1704978357934,46.673364002272216,3.481631366939528
2997,273.70517728689794,19.6339711836369,2330.4824708509263,42.81499905327613,3.6713779965612603
2998,211.20817098806637,13.58804627231223,1791.0154603384606,34.086366695841896,2.445133239121031
2999,291.7735036070637,19.203921865926638,2476.9973252762256,45.74484761933392,3.3251978114132066
3000,291.26237134017384,17.608225666388257,2467.808522442276,46.17878115543922,2.925618624152782
3001,256.18422775839554,16.67391446882857,2177.067680416677,40.629362041257046,2.998098201894187
3002,96.88171013598416,6.767708737316756,821.2357353335142,15.459257499786542,1.1547005771378025
3003,353.5757295006852,23.758066272787293,3000.4106362952434,55.93788052715032,3.9626829693853636
3004,274.4284906475262,18.139546301171393,2327.3500053155076,42.624896403340394,3.4053327365895614
3005,34.04790879094784,1.6515860213333804,289.6504767059764,4.901165078127013,0.9230450904415766
3006,367.4835356294011,23.420073273418485,3119.2340048055034,58.18156618345194,3.60035097721283
3007,240.45836060688325,16.71113273373748,2042.8523649925537,37.537400246057636,2.1718768589720305
3008,102.56823414869771,5.972896822743272,867.3883206339082,15.80726532862541,1.141172979761203
3009,328.7665323524666,20.78864114640683,2782.8656560543204,52.25714826862941,3.0368389789100263
3010,92.2879325521744,5.603647338582723,780.024678500523,14.648047243120473,1.222103392182123
3011,66.89951018138711,4.04092486177106,568.6564363862583,9.8603392553444,1.1075020223625396
3012,24.76806362238965,1.8839860707496874,206.83929564580524,3.7725068368326085,0.07518518374175631
3013,289.59028321433027,22.693095148520595,2472.9394347177013,45.067391206733305,3.9764691542032047
3014,225.33524114848066,16.265733430776436,1920.8696241957184,35.96889029340111,2.1821137113352087
3015,203.90766893990804,15.17622340395827,1740.3462242507153,31.71637670981322,2.5825650970872864
3016,319.5515713731143,20.03317235353309,2703.870512510901,49.84837167132763,3.773573083945819
3017,164.00917516537575,11.289802096139372,1392.561143361102,27.13794972669355,1.0482817090271954
3018,142.8346049448037,8.7762575961975,1202.3704127036688,22.927858065150748,0.7210697217603723
3019,209.12781815987736,11.849441160716454,1763.312181786793,32.447087510628414,2.46137670438833
3020,309.497347397767,21.442843265006783,2630.3460802635796,47.177803281844874,3.8296386624999306
3021,155.67351596196838,10.136457614138363,1320.948602224208,23.25084704340206,2.028244064453522
3022,266.5566117988624,18.25982033186773,2266.9297376749055,40.44827418727394,3.536002366768854
3023,-17.23143668078568,-0.8617957439003487,-136.57938119067865,-3.057381491157116,0.28416393391482764
3024,160.51519167467103,9.793081114690182,1361.6662247515517,25.23328335489839,1.8287980483534136
3025,215.75218725504325,12.024980161158242,1818.1817783484762,33.93362116851156,2.2714821034945154
3026,118.25066184113084,6.397944058038623,996.8094004863204,18.64759271919861,1.8591859854750625
3027,31.340116542062997,4.811856808480198,283.8024077629869,5.411993478025531,1.2992889076481386
3028,179.716951365683,10.477019675330453,1519.661728074405,28.881351885681276,1.6595006895423285
3029,238.3010385758614,17.148870732566582,2027.4408886289227,37.0690023395232,3.153527415864101
3030,114.50691135129924,8.923331134102256,976.6394747479362,18.33521620647104,1.4035158519434985
3031,99.10793812109166,8.390578502894936,854.5456395911062,14.234768046721644,2.2180890401479254
3032,82.75349407949955,3.5761378885294848,689.8710009411627,13.9796977396297,0.3758592779417467
3033,188.93514568576708,12.881038469935318,1600.1359736772297,29.343737663454554,2.2723906694231553
3034,133.2326366397806,8.080637047070594,1127.5730355839607,20.707012269482725,1.3262738649276171
3035,242.6664752926068,15.798259602757021,2058.359979282514,37.98026079855211,2.52444663921109
3036,47.83198404365399,4.917842151468787,417.97984989561104,7.912610793048035,0.5425693790536852
3037,124.1917277998683,11.181796441034502,1067.8663871903655,19.347194980375455,2.5530624329913714
3038,-34.812251641107395,-3.3532517720631176,-298.7074473914355,-5.611845535404251,0.05261816354029447
3039,189.14544943043288,11.229444170968183,1596.4203745416517,29.584122802243105,2.7232886080011114
3040,224.99252975380185,15.105306175867014,1907.780701436052,35.32791855684446,2.395907942430703
3041,209.02689223416584,12.74816021965866,1772.7597755848844,31.758324536043972,3.1781326368210108
3042,195.6631167269739,14.004554097175902,1664.6214305916267,31.18023229225298,2.1631667230695046
3043,263.67431088526484,18.395335864969546,2242.485604563383,40.597615812248826,3.463286664947147
3044,160.90830356480623,10.975613234648396,1365.4212782847965,24.718392296009,1.5146919099596556
3045,102.57882066811392,8.348390912723804,876.9739674273048,15.717377610275626,1.7454381043675928
3046,298.4378234188372,19.993651107512925,2534.5269682870535,46.85620754085967,3.3801345278987958
3047,311.42739770355865,20.656154107210895,2639.459058723682,49.50118339393093,2.9734667638871666
3048,192.74948479744893,12.015857553452786,1627.5492746668162,29.401678386921503,2.9425088830315485
3049,30.904957363784998,2.203684379596761,262.62371413388377,4.820850092311018,0.899879185118925
3050,236.7630390851944,15.860867938008225,2008.9471445362904,37.72073531727302,2.651526595613336
3051,123.5131504489955,10.125200758965416,1063.7883103830536,19.817862129667695,2.236450523967327
3052,237.77679501169038,18.743925822327075,2029.1096265785425,36.763606396214364,3.777957296043403
3053,256.93919471074906,18.861323264594375,2186.3210838207197,40.870512443999004,3.0925607907160417
3054,211.0463324215914,16.438938674843136,1802.126893376354,33.468536016136085,2.736409428696074
3055,305.76876745836773,20.33248093049064,2593.9943479958424,47.92965340132848,3.579013331544391
3056,99.65596004399565,7.900180328975089,853.6064457731859,15.127090922147445,1.323816301463074
3057,72.39635459371293,5.008135277993141,620.5811012646708,11.514959871870339,0.9003329688251496
3058,208.5118577345257,16.24375157934403,1780.9746753301208,32.48070518031904,2.991363617354644
3059,79.93128606364466,6.058236328185579,682.6808720010013,13.151956732904672,0.7837526922162743
3060,234.8281545705208,16.68431136616296,2003.5825125781453,37.34480745634375,2.1937042760907906
3061,250.60646335167021,15.968680850845349,2126.1359535569554,38.77602992114736,3.6642540715788896
3062,-42.20265158058165,-1.9175076026880473,-351.8573913107041,-6.305192957750481,0.1292261354143438
3063,39.66946821190742,1.462552020136883,326.4258932870546,5.710006486695047,1.0202837581038033
3064,61.67905061744305,4.151226305147444,524.4419661622113,10.232399217107147,0.5231883973284779
3065,83.2749077602029,4.382765606057093,700.9121192169403,12.988322453427328,0.7353568424438008
3066,288.0157800904764,19.4831288162861,2445.782827216214,45.8118527884999,3.7922593710355295
3067,70.4722385159262,5.067576862757665,597.4898852251912,11.132963801564452,1.0590866064507556
3068,217.95304505298756,16.525918974670507,1862.0710930658847,33.81737837772692,3.3356172041041576
3069,208.6928445502714,14.0253347759742,1772.9272492046948,33.29534845675101,2.027392028732969
3070,283.2121554127139,18.86227268649517,2404.619390263382,44.16029066063779,3.5981101725984175
3071,274.2452675378758,19.159064285333884,2332.4024703116584,43.87175616245438,3.365759922663449
3072,90.6626363787591,6.831224541987704,779.4076210991623,13.455826715574776,1.3229725527793939
3073,291.30784715787587,19.058806725352145,2474.144204447409,45.086282451225685,3.6229721196465845
3074,258.79507061156073,16.339017499304724,2191.0265511835023,40.078427090109756,3.091772041725197
3075,202.5060404398823,12.708054266932281,1715.2584731763218,32.113415959644016,1.8119219411222565
3076,294.8612940939325,20.0479940610614,2509.5279987985837,46.78636554394419,3.4172070012064517
3077,284.32670607885154,19.564040028674594,2413.824075441511,44.180501502451115,3.4792703909213536
3078,268.58598793382447,19.24933360310178,2283.386266861967,42.83475956133998,3.025321734605115
3079,57.92574946205532,6.049153116204585,503.78111792646496,9.09945726066572,0.13535123278993888
3080,91.85750512729184,6.065287153487505,778.245662029572,14.998331298305823,0.8120596179578712
3081,278.7521216098726,17.94431773921009,2367.6484779555403,44.061995818403595,2.544273040448621
3082,34.740479708582214,4.101701943560263,305.99812801402675,4.831677228631263,0.3788966551042878
3083,80.34852922329691,6.144561360256895,690.6282426927999,12.334276521950924,1.7267832995526615
3084,12.697515552448467,1.9590977319147749,110.30630311634785,0.5528271243475098,0.8169135364751514
3085,-33.60787592398738,-2.6082139210734834,-286.07946940497607,-5.371999522101281,0.006454639053617317
3086,252.67667960261187,17.528849555613462,2146.5927925477176,40.375607500705314,2.1944062685435908
3087,289.5829127088111,19.54126891813175,2456.977211077987,45.87880017927941,2.2216418900971235
3088,200.73903024867144,14.567919453750232,1706.0669761614313,32.1451392102265,2.831296937707802
3089,157.1702428726007,11.306298469322613,1335.1277547175687,24.05954286951527,2.4709274617419945
3090,229.98657051835323,15.61850411175289,1952.3194152173078,36.08785078479349,2.608800851129708
3091,101.54907075531777,6.947251602359159,862.7222655728273,15.504206245854807,1.5073850377422273
3092,268.51006773710697,17.902971856365397,2275.855227370292,41.9312580124927,3.909188131067794
3093,50.3878180679664,3.976591512934818,430.2803012525232,7.833414936079176,1.6364836190798182
3094,122.18262045028884,8.643780973762933,1034.8532000812659,19.29248489933142,1.3157479788714421
3095,134.16651607483146,7.252068354299141,1127.4384446277825,21.056986657531976,1.0315582596456978
3096,206.5507862139978,15.55737467793849,1757.7414331659993,32.10378601206737,2.0920544078949797
3097,76.83648372003596,5.528685901752372,654.2360464207277,10.48911792027711,0.8987643035472592
3098,123.15397092482586,7.324910730874712,1044.9905483956059,18.72805015777002,1.3091910953564168
3099,250.1693138487779,17.799134133884337,2129.4783401086306,38.94756565654185,2.6471745142004144
3100,129.61835151614187,6.4043213350745285,1091.1493829509095,21.438703242680397,1.0471533804436564
3101,104.76286254300236,4.9850559654721245,879.6333737316837,16.043779998006602,0.772916895938796
3102,292.08570106537934,19.497784100971742,2475.8053023226075,45.21431857873394,3.7298446477889957
3103,37.375470889196066,1.9408986697570871,310.5851919322207,6.181203049719737,0.25893789216549346
3104,148.152010285277,9.880167073734125,1259.13899123779,23.243831604426497,1.8530067586750087
3105,267.53963459907436,19.12640359465985,2279.770299178547,41.86769745318478,3.757354064093769
3106,291.05606033476556,20.374447948572342,2471.959215690864,46.224579690424896,2.898891285506961
3107,57.3874105176665,4.355471893416186,491.7925453059891,9.30105483075366,0.596049789297775
3108,208.04813535334821,11.850945558540335,1754.6890375200926,32.56156074386931,1.1718303527619849
3109,68.16899489643487,4.145602948824371,573.6991040720551,11.543360130818819,0.3877530832574574
3110,274.17718172351044,17.576355800928496,2325.256736361648,43.29068181667025,2.356052989655008
3111,56.25720837859577,4.225091714167602,476.9483996480907,9.035167005159414,0.6646244028403578
3112,436.88839907573777,27.10372095871997,3698.3584194199207,68.26637115057297,3.96817319964055
3113,153.1371984559056,11.32633770817456,1304.3254206413872,23.68000569067898,3.036731064782977
3114,281.90087064065034,19.219669223416243,2392.882245473084,44.79048659047516,2.918343678181179
3115,116.9877337771448,10.272823481567357,998.6691990688453,18.162560576370304,1.4424923102560347
3116,69.04934852644163,3.9269480239782126,584.6408623910808,10.670177477780669,1.4739208161163013
3117,160.49893529066307,10.706494888039177,1363.4934683045528,24.590901302230126,2.021996568308112
3118,77.7693678073324,5.2341920105441115,660.6668598449239,11.884768492945451,0.4221770046263438
3119,219.2064142171947,12.991843207936526,1850.402922513778,34.779960971938145,1.7540461905781983
3120,219.1995550201081,13.110768589414407,1851.7327808148023,34.69856337836766,2.2881451595141495
3121,-11.678395514453957,-1.1464142093866156,-98.39490312803851,-1.8917315474344454,0.3137856933558436
3122,219.3384051389832,12.98753026102573,1852.9098319479642,35.18689569350592,1.6898223432795492
3123,92.10513199430368,4.855382280144311,776.5113676266146,13.830071970653513,1.5477566728770373
3124,114.29121087136414,8.731726792873184,977.435405415805,16.590367876132174,2.473701560993341
3125,313.45995057337694,22.152064187790483,2665.822850535177,49.5088851783291,3.137761956865699
3126,163.92569038809626,10.636737111980338,1388.0726545342036,25.991042116408174,2.0333873361376122
3127,245.81149079789796,15.082926411726294,2082.953634398851,38.632950614364944,3.495886858150997
3128,163.61399943349883,12.336095995642687,1393.7377334900286,25.475574951843615,2.4080031989943733
3129,56.21135784379379,4.533316167087104,482.8869517505666,8.632161791710475,0.9688263468459084
3130,-85.82197577683353,-4.308554397112314,-717.996001299767,-13.430507647170156,0.1437931915929016
3131,228.1621338421706,15.738797911309522,1937.721679376035,35.910601537215776,2.3735685623891474
3132,51.24484432731507,4.633847729820818,445.62076374167896,8.026715293143024,0.4761639427225073
3133,366.68264798514537,24.523263632905152,3114.4098937690396,58.7027097037296,3.1759490045046452
3134,65.09311175509264,1.8047848312637735,544.5115398002077,10.918728433430656,0.3267356359912492
3135,308.5740226764953,19.881579771004837,2619.133562789591,47.98494814826373,3.8173510174849703
3136,229.79728951705417,15.462636336522385,1949.3943025962358,35.56018770118019,3.347255060815956
3137,140.65606795306073,11.547246306571115,1209.0968190929607,21.644426678061087,2.8299636050475985
3138,279.50758884278457,18.534814892606715,2371.3318697999994,44.034848760613336,3.128937651279478
3139,86.65372949092706,7.416163866374582,746.7693309183735,12.617137749233738,1.6966451322313825
3140,162.99441832703837,11.994343727851408,1390.766894032994,24.72858397531361,3.1395028903844935
3141,125.7588350995274,9.512403044585412,1079.7138070568187,19.490433673097723,1.4334715212195408
3142,149.3427907336284,10.63906842148433,1272.8449619018024,23.773268646726514,1.5030718530721279
3143,81.0328858684854,7.376908259384589,693.6661760222811,12.492456214512714,1.5183191430222513
3144,189.97290822489904,14.728737506463268,1621.13818388687,30.053109740633275,2.2458895291053125
3145,292.6301039784684,20.792037296977647,2495.6185124458016,45.25567937027718,3.210537638640998
3146,35.30008111360423,2.142955315615551,298.9376339418888,5.3504267990268755,0.6156280403664067
3147,184.23061213355567,12.318046771646529,1567.2633781513236,27.871481176029754,2.745711054558911
3148,164.65499241627865,11.896250651925962,1405.283782997909,25.012516056354695,1.458139429001633
3149,232.39823133171032,13.647221553067174,1961.5499011419943,37.07606168492556,2.2248878362925044
3150,195.41664447361757,12.71558422246817,1656.729534308268,31.166437620605972,2.829086304200713
3151,123.23190958591445,7.490186940148622,1039.4270333024115,18.98082518135171,1.531331784509109
3152,338.75649249230366,21.74474491593772,2871.560414596046,54.53999725660514,3.1451945824402494
3153,310.5981089376827,20.737737448638654,2634.927557984384,49.0647077386476,3.6142292705568373
3154,280.9959248176999,18.730285711815274,2392.59878917646,44.439462107784934,3.0969135921162665
3155,142.35584083535687,9.156258290464788,1211.46104719883,22.548543984700444,1.2835643633786669
3156,171.90161447184343,13.348436850913501,1469.9741559321003,26.887879610327108,1.8468186856987332
3157,126.1190155701183,7.863023500207689,1069.278352270671,19.74267517374297,2.099390756590663
3158,302.7104767441942,21.483553174693494,2573.2459599700605,47.76737699408625,3.165995733195118
3159,9.191746676096272,2.2841035510416785,84.34144861205566,1.7934493723449418,0.2568450226348036
3160,264.7273543040195,17.92282427510722,2251.204149632658,41.22079703001516,3.211231927985267
3161,54.54145462186261,3.969422779844697,465.59114221374836,8.171784738119472,1.56199275193361
3162,77.04208364608888,5.111871213632039,656.4728831549448,12.929372689922923,0.023661228308713422
3163,149.0998860025716,10.600912878145046,1265.7650657284219,24.02531429937667,1.3175742753597426
3164,231.4093132259835,15.378028633364726,1965.7268145001938,35.25064153526077,3.490311899523904
3165,176.21064991165997,11.258972232158357,1495.8032891937441,28.154837526247892,0.9750519415671031
3166,291.4948810538274,21.76895544499957,2487.739135666314,46.14661274461044,3.772128144404545
3167,336.93217389294813,21.965988371583656,2858.5838277922794,52.27620363640398,3.6854687735174183
3168,230.4580923691246,16.83045392641152,1963.578077544128,35.38829165547741,3.3807324534845122
3169,341.0004214609003,22.697133247515254,2894.406451504205,54.108675514496426,3.9644551923455493
3170,36.31350102963602,3.785822725255415,317.57174108279423,5.178371894198226,0.22963475836170266
3171,241.88357300073727,17.582694009944937,2058.2569134582013,37.87173109332883,3.659719856116658
3172,64.7159017878153,5.074480954229543,556.8448157237501,9.385838914792446,1.1984757613885222
3173,78.57708493507371,3.991371413212953,660.6688176735015,12.539756806792639,0.7518117384869321
3174,238.92277480970932,17.248810945049954,2036.0797327958849,37.41190456423302,2.3853656026057877
3175,218.60472752971992,15.78858656153903,1860.4434694235463,34.43896414013395,2.513104336795909
3176,29.714369849034977,2.677601618789261,254.7745232640731,4.082752340592854,0.9078501482861334
3177,305.9907711010367,20.804554449291647,2602.5660333094443,48.546653232885994,3.0167052383847914
3178,205.80967737025824,14.36035561226027,1754.668034542999,31.146292053278074,2.753538208026343
3179,215.6049296870106,14.903926928144296,1830.925481806019,33.1459092045355,2.560639715423892
3180,143.01622261293778,10.8367459106864,1221.9991604716706,21.15005446634614,2.497757673226442
3181,32.614023102135036,3.1265288551956383,282.41315894911395,5.624828122772724,0.8713410915425057
3182,134.78347832228934,8.76018674261795,1142.76945401751,21.702310626991608,1.2057421199316556
3183,233.11902184069834,15.488080784581133,1976.2124045660105,35.71034399837489,3.387172711670454
3184,178.42654854733146,10.543186347284884,1508.8055264667662,27.850439494622165,2.7632310107524023
3185,80.25798901156762,4.851561931065103,680.442682063309,12.827775396552285,0.3415592774279932
3186,50.15595371846936,3.263088520629975,422.57937873683755,7.475038213953753,1.1382239415916273
3187,172.32081671031028,11.5213453246823,1458.6227347923436,27.624651248395928,1.2648191268299778
3188,111.76193857373732,7.787295444650487,947.8177800233952,18.34832971864663,0.40217060454590303
3189,107.1211837515477,4.619588619734909,891.9623810725121,17.11311967661898,0.19888103999361118
3190,108.49406093634836,5.517917062079004,912.9102611872179,16.42941294932772,1.5910478686415024
3191,287.7511783368313,16.241939941764045,2425.839373358992,44.787929442201246,3.2825984670220905
3192,76.66309008918907,6.224797063948826,658.3618614757653,12.244340964523465,1.850304999191093
3193,263.6269401731643,18.62272524473453,2240.0941016203556,40.98239068550801,3.691675118392398
3194,348.0987626526543,24.761453502041526,2961.7536518305355,55.000360513030415,3.864005370968525
3195,314.2953037545684,19.57374696300123,2657.5309591250093,49.2141456794028,2.8498721036815584
3196,80.61298826024317,5.180855950653401,683.848133795802,12.300959214837304,1.1527525537597207
3197,-31.28690410219054,-0.2632559826916603,-257.86730246294553,-6.132564187841124,0.23103217639878482
3198,156.87667147095735,8.412285380885466,1322.7985672497011,24.843078458049728,1.5974088978331111
3199,134.98787746004152,10.580074960725875,1157.031849109547,21.074056320997453,1.789578662652279
3200,66.80295972951258,3.8681160831511825,561.2162138676496,10.52765477808427,0.8510308492565639
3201,-39.33311511472215,-2.194456015214997,-325.4821656153513,-6.730302828470305,0.4245163071397142
3202,261.2703388088369,18.003376880339403,2224.788363938893,40.75662319300676,3.09537739575152
3203,103.75813711130762,6.2570616166375785,879.4942292158937,17.57126382826096,1.2614912027525298
3204,184.7093968938532,12.219333539352693,1562.4775015085245,29.57041986983564,1.7139621131335674
3205,224.12125590511732,13.533197446403282,1896.5448956434914,34.45070986473823,2.8829907482192305
3206,238.75621216494747,16.126946646717435,2025.0415005054613,37.211246242347144,3.527830033987307
3207,144.2982961610036,8.40718860965622,1219.04287857485,22.83487402747218,2.470409100580344
3208,242.51340043323455,16.5700246510316,2060.6601957404596,38.79902457418019,2.397759035673678
3209,66.09311502274863,3.1519067863687673,556.9189193551999,10.369985405838442,0.6296003466523192
3210,87.5835607515685,6.573162708924708,749.6848468096231,13.805586973108493,1.2711060555791205
3211,136.909269372813,9.30603526220017,1163.0549511808742,20.92804446984575,2.1616315511587816
3212,21.549063419233725,0.9904376233268353,184.59051763548496,3.1910952582798138,0.36056565908038607
3213,188.58411999861335,12.236976245835606,1600.266484793473,29.38111441015578,2.3794951697935667
3214,14.858277872565269,0.9226851783194334,120.58504839886226,2.1097961802444622,0.2981104420630576
3215,316.5542003081503,19.463085941282873,2679.7806542264675,50.53227566784641,2.1541693899996366
3216,221.02320406526744,14.354056210404226,1870.3086748812639,34.85540690251004,1.7890356657902378
3217,314.36187006661834,21.86873447932709,2672.4201818948904,49.861711807670645,3.6314488548955723
3218,68.64901210579238,3.5417278695325956,579.3932799444594,11.171773033176848,0.17077894516112524
3219,32.88778396484483,2.237883965328874,279.8129011654545,5.103877741985561,0.09872961757884768
3220,244.33537171306875,17.124711378800697,2076.956666172667,37.36815411009823,3.5529862106568615
3221,63.28103723510024,5.499014616938479,543.3998632921583,9.747708953488772,1.7931847456281012
3222,191.0097830980626,12.268259088362342,1620.6503213636352,29.117422320804472,2.507854071334453
3223,332.45630910162384,23.295840638894553,2826.4037991691075,52.09952195978792,3.6124264361839944
3224,67.5943051633342,3.7744324828300395,566.0980130020287,10.596731991349168,0.8193015832842985
3225,-51.12695475823421,-4.1785375089057215,-436.5595876664213,-8.912543848440565,0.17158780201141388
3226,193.79642239783237,11.422966973202692,1635.5589291786969,30.57256323620284,2.2792888579306716
3227,195.32989594350477,13.870802087581296,1665.0293538865446,29.156153095793634,3.6077670479171715
3228,116.51675167242122,8.308614986112877,993.3503694690085,19.05416348732403,0.8341184212318207
3229,172.7434737127612,8.944821128692666,1450.2185820321556,27.341992408518262,1.5819544606277085
3230,-10.739061741753169,-1.1925062071805461,-87.92939360138166,-0.6860029490975679,0.08536669224860516
3231,126.78414762330178,9.399247681428912,1082.1528082900518,20.133816682242774,0.5238372929731261
3232,150.72458989070083,10.717145618016872,1282.9059762056681,23.84340865615026,0.9047977839544634
3233,123.7895817996043,10.838587516739132,1063.9540053633716,18.554318915702858,2.244964764406953
3234,167.34227028698416,11.460106554397914,1421.0698301681236,25.31783344432407,2.5367595602966557
3235,40.652307176345964,2.63957044739208,348.9399097215462,6.036285569275568,1.0868052018088
3236,17.209392131814628,1.4941186924079974,148.53412625147934,1.9092170647195936,0.8308734422450894
3237,299.37982290923765,19.90021124915386,2544.489556604332,46.84293528388125,3.7852783403040764
3238,155.16904806928707,11.856608232337122,1322.620934728028,25.059163677042324,1.7944272278107558
3239,151.08051823915645,9.212689036561907,1274.9385463675796,24.06261325774925,1.1403071360873462
3240,265.6584235356448,15.933839564988391,2244.8603699015243,41.4414306667536,2.8882621669238393
3241,154.26406565239685,11.933121391755813,1321.0431014545898,23.218296761313308,2.5480209148500355
3242,167.80863697856336,10.084788675800066,1417.0364565983123,26.638695576434095,1.9931230521563061
3243,214.99857740780374,16.137347819852355,1834.7085683762264,33.226429114528464,2.337940250366686
3244,-4.3388632908313,-0.05918283356798526,-31.76651820694708,-1.3951066756549064,0.054994919191121205
3245,44.01299594003276,1.1666213712601574,362.599665505891,6.629878557434818,0.7014186110983514
3246,222.29981159648767,14.679380289109865,1883.1342922425915,35.1317200635726,2.9349824444190906
3247,39.882730490213035,1.0968063032480804,328.0073379803619,4.969642331032182,0.4560985004731761
3248,193.1849400811467,14.102278384983734,1647.2906909629087,29.798971866910964,2.931415710323461
3249,132.87433799915473,8.479856196603754,1126.2890536625719,19.758523813559677,1.9850299147899624
3250,165.53705596951204,10.989509833148352,1398.8069679501002,26.139635138531258,0.5491471495947442
3251,202.56671702688112,12.763986590254072,1713.9784251083902,32.067160183172305,2.6218461377206275
3252,252.7378322825466,16.319735792428954,2144.563109460885,40.50960980476889,2.5504693441299837
3253,361.26914207111383,24.97293446724168,3067.9928543745114,57.228796500856674,3.928864041352963
3254,31.875213518572654,2.7752193771458877,276.0767221391355,3.8000706614879194,0.8476464968781001
3255,157.1338107027747,10.989973108473496,1334.7701993996309,25.4926811084679,0.742180757302922
3256,173.00154048254785,9.822202609031038,1461.591106504705,26.672593355160146,1.5267106550122662
3257,62.39277026584652,4.408940916938949,526.4949479750538,10.545410900040043,0.6714946669898763
3258,370.9610924591109,24.038277751180985,3141.8863532866403,57.27485050255137,3.4440525583230643
3259,335.534137031017,21.610518022946714,2846.253927427278,52.18351352529528,3.927049961298839
3260,245.2094989894356,15.855326410664588,2075.6229771353305,38.093154534762846,3.366655373097914
3261,273.4741736297091,18.220072321092562,2320.1694568940425,43.414958017743096,3.245662332536772
3262,144.65015833494337,9.504431557868068,1226.559314631904,22.91514414623453,2.251659962634425
3263,304.2686297637483,19.59968229873796,2582.259563463527,47.665254658181574,3.797803717753087
3264,43.2834888542923,3.7051978975581403,371.2674408900809,6.610344058130508,0.9606105823572566
3265,-69.16641326527346,-4.144962526010794,-588.0822437574938,-11.688527403190784,0.4788537379230182
3266,163.86072553070773,10.509950849384687,1387.6121277149998,25.89847415119163,0.9701397488863628
3267,199.09663945888036,13.10046853648833,1688.4345425676413,32.187849691465416,1.995722115003526
3268,152.56940174408504,11.442596682290333,1299.4355633143834,23.349420335922503,1.9743650678505702
3269,78.95623009437051,3.2028109099928432,656.8658619067506,12.654626558349781,0.5480002068525347
3270,175.68677010617336,13.402953126946507,1501.092042105221,28.175058393291376,1.8909884886239734
3271,75.91262723528914,3.1129760425335564,634.4932592912605,11.15160622048594,0.9141868767650947
3272,285.29041898703395,18.2334068572411,2412.894910969767,44.71019861871168,2.032277889050654
3273,214.28874768416975,13.319303332269666,1811.529856321655,34.11011565002626,1.8341909883703313
3274,268.24226534033926,19.10808070706205,2283.9653403935567,41.86596627331986,3.8469268732135142
3275,131.63930687517865,7.848514504311112,1111.6741363294757,20.32007673830193,1.9186776046500085
3276,248.1925307329691,16.346233695901642,2101.4462888125177,38.14623163531005,3.0917113328412023
3277,115.24970737624098,7.844291217754165,978.6899468941778,18.507003003578397,1.6399291321925134
3278,114.3064060058836,6.104395793092373,964.7612774650638,18.657902682308794,1.4905019179821597
3279,146.03224161964008,9.005657113453031,1237.765447594098,23.13006506404397,0.646699874723677
3280,148.14558881060395,8.484353928628975,1247.8743880860147,23.865420024907458,1.1175754308208412
3281,100.58472305352909,8.12896613981341,857.138625071914,15.237332062807207,1.9202810490244975
3282,231.37691075490307,13.741131568628386,1959.7247239932185,36.55926951600828,2.4918494329705805
3283,59.85589861867843,4.245943829695327,511.86916030860743,9.451263748601928,0.1106930851287431
3284,225.11478137280008,14.28695190898087,1910.8590510613794,35.6733729290459,3.3898506374583897
3285,296.0378894741819,19.644079299544114,2515.0411001299144,46.75216631521666,3.208669296685286
3286,127.15177585333221,7.55685872036791,1078.4042164025002,21.505592685398902,0.2207931744028806
3287,-5.257786808408514,-1.1671921643207916,-49.57003160689521,-1.361477405751859,0.37591416702512737
3288,38.33650225850003,0.021512880182336103,306.2223907993388,5.495767399521961,0.2432899873115244
3289,174.5601478467081,14.863370897703607,1497.0932154704496,26.837200732065863,1.9918531711138652
3290,91.93739587654896,4.803286113257067,771.1580835018613,14.410023196666412,0.9039168296797424
3291,162.30783536227332,11.646263848292659,1378.0092267742848,24.7557378265926,2.9276516379022186
3292,180.5369214936965,10.685711898139843,1522.5087228920265,28.044228074492963,1.9689756067478994
3293,185.97707819085358,10.245015114313725,1561.6589325020198,28.32951296666079,2.693395436442156
3294,292.4207094527097,17.94258849295584,2475.9301945225166,45.983744728022884,3.223704264994049
3295,153.1770914327417,8.581049615676875,1289.9194761564984,24.384382826586926,0.7447982643544773
3296,52.29559926593212,3.796395722973563,443.9592651172263,8.633469708668384,0.5126927785951225
3297,264.38122998129825,17.460705095453285,2250.0576203358205,41.24104929585394,3.9580479092670213
3298,165.27042266256282,12.455009698094116,1410.7014172548425,26.497528869228294,1.4770206271594586
3299,222.95142251396206,16.286190520022775,1896.9925308303204,34.028623801623866,2.081042950330603
3300,55.81831496179901,2.7664283811954102,465.9940864909651,9.506796738994275,0.2718087586543234
3301,90.30323792156062,5.771038260681808,761.4964753296545,14.248109585154516,1.152297444217257
3302,318.172800589316,21.610161300851548,2698.9523567545034,50.11317805803174,3.577290590815071
3303,-38.99983605987564,-1.203880292168913,-324.94537242817506,-6.1717207399424305,0.5663000777284215
3304,131.55074665703657,8.225867541164614,1114.8137209173349,20.78346301839279,1.7844715593082232
3305,97.25247285024417,5.985433822841102,816.7822091761815,15.457068110830376,0.054430037704892076
3306,326.08002299307617,19.32245552516503,2751.8911903606627,51.919906284801975,3.280734037933599
3307,263.51833745389996,19.863063217625054,2251.2593797310687,40.49593252841964,3.2648822514516946
3308,268.9759386935007,17.03597838496114,2271.2948317906194,42.111051803244635,3.429938802037225
3309,408.06298543925936,25.683278625733188,3455.561472053534,64.90229657648788,2.96095436152545
3310,124.78859341669208,8.566359702280302,1064.1524492135454,19.202187403366267,2.5334883383641387
3311,69.28283655843765,7.941587971979379,595.9205284538356,10.231657040887189,0.41761032470129367
3312,258.2604930051113,18.104303191044234,2201.842293548594,40.08141401196723,3.2621069936931155
3313,334.5085686597385,19.902911615976443,2827.9013044644507,53.447362082750104,2.962172915624015
3314,167.02206303737933,10.494757539622396,1411.9098888167498,26.04647333603884,1.97255414372794
3315,48.93428147987808,4.401333983607927,423.8926793764677,7.815078576199958,0.6629478720106152
3316,324.40781320860674,21.23814624726229,2749.7099917338105,50.94443127551607,3.5391032370651576
3317,106.68686290690032,4.157407684434332,891.0025742235803,18.68446850261345,0.17793005961683983
3318,227.86591629166696,14.584577427998006,1933.023794457965,35.90188600064813,2.5848073981504007
3319,62.851552070310866,4.96198468616725,541.9693858104303,9.415547001298007,1.6259303357107324
3320,352.47303407647115,23.2810396542997,2983.3280217273573,57.05766408975749,3.7690948605620007
3321,73.0734683632705,5.429040535593656,622.7307806145633,11.578428601919748,0.9194780895760717
3322,220.6549804494606,14.38640580633743,1875.0447225484038,34.54031295223415,2.4926301621128264
3323,-5.4710255944669495,1.500086650585784,-31.996274125395228,-1.680454898119193,1.3302272780791813
3324,48.37121173763427,3.646385398763301,412.87403410994165,8.06489977815079,0.45550697195018985
3325,76.90804456575485,6.724319166022389,658.2446885026931,11.53433750540816,1.280984301652846
3326,132.5291218995759,8.613713512112849,1124.375175388637,21.516549555943566,1.2946158696827328
3327,188.85520166774782,10.876312713228401,1599.3379657168784,29.487269903611917,2.1658936350668343
3328,232.77791504955312,16.12774070970007,1979.9233473585928,37.21023300041449,2.7422983483304035
3329,-63.10986297814585,-3.5147132476174745,-532.2694243716428,-9.472281631563387,0.13191591488311172
3330,309.2300433898858,21.778153377381017,2626.8595028310447,48.708276882286356,3.649171202050876
3331,114.334625046373,5.44518715359166,959.2572674386353,18.205622798112177,1.5435823844731207
3332,269.9881898087403,17.58693677617729,2288.174822539694,41.39008436132445,3.4620294123675377
3333,163.2051826033092,10.262884252022443,1383.9692553985833,25.947744561092566,1.7040390839297253
3334,178.47585613945307,13.453605946399044,1524.7102002328281,27.892455303176742,2.7192410188940936
3335,259.09147171025586,19.580017931592042,2210.1644295353126,40.39561584662397,3.183310036780045
3336,156.65964655790657,10.153486829118963,1327.992583803861,25.016621401372266,1.6767215185346012
3337,185.8685215152482,13.691176532776176,1575.719460577042,29.26302568886614,1.4734597479154368
3338,154.15965104588054,9.785602282618171,1302.791481672374,25.46131280314343,1.1952268008129239
3339,206.56481127815562,13.439262575153396,1751.1058771854596,32.183258416568876,2.139628318330476
3340,-4.962271213194635,0.41737942377231185,-35.768231900897376,-1.2417260117517506,1.0560487400957066
3341,199.26691091628211,11.318719883325478,1682.3576586944355,31.58879432495723,1.5441057969389202
3342,47.205577728354,5.059071004411931,411.21960492136367,6.422026927126632,0.885390569764744
3343,239.20966466132475,15.480730292060123,2030.0838173841673,36.63229628134148,2.7885917511233607
3344,301.27227768321706,20.328945653222934,2556.666401229378,48.965076276579595,3.2001804178586397
3345,196.78468492389658,15.402039523877272,1684.4777535219373,30.79244288308287,3.5568530686855753
3346,153.99499462196783,11.018800898246367,1312.780956092583,23.566977113937636,2.8707095220079535
3347,18.018769509501393,2.0320890170657484,161.20973928994573,3.493799626104866,0.33933570666743984
3348,44.77471655642338,5.6251779205288,392.86155377610277,6.448883988568881,0.9739253231027774
3349,203.4129402815313,12.098183600031923,1720.0576641503983,32.43576348019619,2.001219151076463
3350,78.46791431438749,2.520311084271901,653.1324513817806,12.661536311605802,0.3196645548479511
3351,81.55854811303662,5.721418828167194,689.103271733304,12.340554203206848,0.8834072985462744
3352,236.62754902873633,15.737459229426317,2009.357346952316,37.05109581497647,3.1211334513048548
3353,87.72785564837588,8.358944482270083,756.6785041715267,12.565858255737258,1.0351341298256411
3354,4.110806680871701,0.11152267259641835,38.20968544302576,0.20421987315857382,0.19307147898087296
3355,222.98874374886742,15.08812952166195,1892.247089422417,33.89565846927594,3.0124006233896536
3356,122.80077436312817,6.841830509555205,1032.9713152928323,19.161014698905984,1.6636058028475822
3357,21.621607036023356,2.015037812321164,183.2246374935496,2.955413311946727,0.046862357474527716
3358,82.52701102587147,5.513069710192598,702.8134555572682,13.675001412877293,1.311231411248503
3359,51.494580333243334,4.885383691751034,444.74434873601325,7.914104434744517,0.286863342319295
3360,78.23286500928346,6.98408041303367,670.7272448270814,12.824217656868349,0.5629549866367909
3361,92.74521144722345,8.554746202790176,799.4350985644228,14.498094963300737,0.9425128173025841
3362,244.17597367274584,14.636759202438967,2060.143084396678,37.09536250316097,2.932952064402534
3363,170.84156031115612,11.356909416279278,1451.5318071818801,27.151364184933794,1.8985923791026207
3364,300.4524518054575,20.71658759799696,2553.7225018885747,46.80851828764617,3.571870079736727
3365,90.35991907313753,3.4350518051845014,749.1050340991777,14.076173089384865,0.7251568149402834
3366,135.93969389833097,10.998284790983444,1164.3931963509199,21.68719425131912,2.484318646044321
3367,75.72533268694245,6.039319024293286,649.7741752942502,11.883360565860869,0.24064506205237057
3368,150.90993493493923,10.404320324885816,1284.3421321610292,23.25032366997032,1.104520186136773
3369,257.9981480630567,17.406525175929186,2191.4318043954245,40.867923359342925,3.0467139681606907
3370,251.81993903618027,16.085633851665513,2129.951684043651,39.72416734034623,3.5010917709287694
3371,-4.287327217148674,0.012087700070729568,-38.853255000231655,-0.38012229792730534,0.4631855640046165
3372,67.31071101442461,6.04419656265525,578.7142001001241,9.9769106309663,1.4966392864908333
3373,221.56515718464607,15.660233902881107,1883.0066973709977,35.000222090616404,2.919986053744516
3374,192.6558955100646,14.20749057666765,1644.8267053053091,30.14808140039977,3.0970013778564005
3375,214.4459902167707,14.938322582560978,1824.0201040124643,32.978825485402105,3.167285185779531
3376,36.33767578127918,2.1413706177817176,304.35170648343774,5.89184611719519,0.5997930429845404
3377,229.4467612311082,16.73661343797222,1950.4136011248083,35.88518754524098,2.471460056682324
3378,72.97292116044653,4.421342015449367,622.840528908115,11.662487788807635,1.0470903392951487
3379,310.0538496774997,19.569140229760347,2631.3526334584694,48.53674453746139,3.595366660554548
3380,86.31036096258873,5.955444729318174,734.9161186380773,14.061400232492351,1.3413837682672267
3381,269.2081200918608,16.419255824542518,2274.874520730553,42.43530118386382,2.975166327723642
3382,124.34898298823195,8.700652683003556,1052.7720908170306,19.91856307986596,1.3746652117040785
3383,318.11925883567983,21.21952500250663,2702.654003265177,50.18048702552368,3.1902936451951343
3384,155.25275708884374,8.913914844337464,1312.371795554376,24.12296329677064,1.6013122035320273
3385,161.10201928410268,9.21796578398693,1360.8642551902296,24.907738459913332,2.4703783297896447
3386,100.98809369455923,5.944599239752902,856.097697608864,15.724149635277259,0.6240263184387684
3387,-35.083659644616546,-1.2588189823840275,-291.2383141673135,-5.967751410375222,0.2579768933419504
3388,257.67443222099575,17.64430691456281,2189.2583330339066,41.56110042794494,2.732730434610724
3389,153.220262079548,10.231886729294207,1299.307546711929,22.761682446235994,2.598957391540641
3390,12.44750504398137,0.5611224878403887,109.86383517334377,1.724852174792812,0.7893636803889028
3391,219.75606385013168,15.4620719135265,1872.731712448062,35.00347500204945,2.5108648986429616
3392,47.5951064105168,4.911950263369863,410.7267643948019,7.419086630332206,1.1149729028170547
3393,166.3399320152137,10.86060551167321,1409.0282194738104,25.66323031454389,2.084890100611128
3394,365.7187320970023,25.936472651242575,3110.339754904238,57.85323800598612,3.8737051191180916
3395,211.9069329273454,12.942529189384144,1794.7930700132008,33.66883213326748,2.6897756284678134
3396,210.75123879827945,14.655384793586268,1796.1038317109071,31.575908091650735,2.390218375120916
3397,-47.74977513557663,-0.7881276571423748,-388.74052855728695,-9.064583908423256,0.20040817689200363
3398,144.12507973764855,9.743558275202016,1221.1549104871901,23.768465842003774,0.9831976960643489
3399,12.174821125495722,0.7283797457851404,110.25213904754531,1.0836229667643629,0.014279040248853736
3400,202.44209772410528,16.57099967505142,1736.3752340187384,31.321490095406766,3.028154306507767
3401,200.88144830647826,13.171021788745346,1707.874067775183,31.04025367736416,2.9041331645891586
3402,39.88112618707309,2.1408455265194535,337.75741526225283,5.668807421301631,1.214243653887705
3403,366.9721557133907,24.526188303668814,3117.6041187250344,57.19823839924749,3.909833334646678
3404,-29.499891340415815,-0.4018736546224421,-244.66103879565316,-4.791501542069529,0.07279261969238782
3405,254.8690446628585,13.269134365189739,2148.0400017294105,39.37462344754472,2.7333008090298634
3406,154.5893443237514,9.68195219637624,1314.5978657429073,23.568964880994415,2.2275326029853697
3407,91.49500700907709,5.097936044097513,771.0622395212653,14.996051398414473,0.8267652380625301
3408,172.68520500589733,12.224395880826187,1471.47943308855,26.946607971999647,1.8475113579904643
3409,227.44077727703188,15.401884953934362,1928.9231263255429,35.82545830240936,2.460297383159443
3410,100.97843557191285,9.632268485117809,868.0905713614699,15.169004213126042,1.6668724863593654
3411,279.55501126441095,19.19007958345222,2373.7815104554415,44.00045837370749,3.020738991122779
3412,121.83354584557617,6.542101745674471,1021.3847359853517,18.450736755581936,1.3097071101162823
3413,-24.835894343107178,-1.372951779282507,-205.6347151516951,-5.184888805747576,0.46441698824572786
3414,135.4614095488467,7.150571927895903,1142.5430863475601,20.406738335950322,1.262699757313797
3415,123.26037564084228,8.229375267806033,1045.6736172986919,19.134704231269996,0.8903069225005829
3416,146.3155765570408,10.216797676765937,1245.9121303454908,22.850006130702653,1.8277283750076618
3417,66.31611713542023,2.441674676682587,548.8869427420661,10.684159811939079,0.7241171194354568
3418,42.3244387574624,3.5697575246300035,361.86615167293206,6.5720010635346675,1.5090853991429207
3419,136.4778578410153,8.848249752280356,1157.9918967340984,22.06476989225053,1.6790745496709687
3420,-46.87507438903333,-2.835185099408789,-394.49877696443565,-7.304498775837173,1.0147095800741703
3421,191.85959691206065,13.16494268903769,1625.6038038496624,30.247680848159554,2.8021400707009985
3422,311.6315256858763,19.802611184412545,2642.891000236521,49.171033696199615,3.6602322335020854
3423,159.43676407067613,10.796364810740137,1352.3763318450644,26.03222626873068,1.005333767103588
3424,265.1568959769445,17.98598385155203,2250.991206251391,41.40718929060313,2.8148647706010177
3425,165.23048443707555,12.49308556610286,1409.2671210063486,25.28574814611062,2.3722744764705856
3426,246.47268307171734,16.195005615433303,2090.794887905681,38.59631111950661,2.3945729918504215
3427,13.331990135007821,2.6012089644760588,123.19270482635332,1.7530954428185357,1.0244047708019361
3428,237.91534842546693,16.336973824650197,2023.8314770472984,37.91821439154969,3.1438147029683043
3429,160.8366787333425,10.398701105419386,1358.6162508439281,25.78115815109109,0.7059866571476343
3430,220.81628352132012,15.577011582189284,1880.972620011411,34.62803080356816,2.7349179508956847
3431,298.60959438284385,19.685729921415007,2538.7536201247276,46.22265775002642,3.4095935877731702
3432,226.5127372318802,14.851466473330284,1917.0534206880193,35.55567237806554,3.117197835835147
3433,178.67760721521395,10.794461649905632,1511.3923084307507,27.746770350774938,1.0983670189483363
3434,131.44625429463127,7.948799208918427,1112.1834523997745,21.168592798837295,1.844788768671449
3435,208.51135711760975,13.827703695729145,1763.3927620322365,32.75159525870844,2.497240125881794
3436,196.58094365911424,10.62560634472888,1652.6111901665358,31.09901018275564,2.3824115142603652
3437,138.5497159813101,10.086764147709792,1175.895738558841,21.38175241819476,1.7399552214416838
3438,272.0183903940503,18.87770915863847,2318.495018787487,41.8710284166976,3.478004091675591
3439,362.8606103219129,23.846713429286744,3082.691776304444,57.31803863932359,3.9806255805616373
3440,188.73426324510493,11.13600703566063,1590.5747857115261,29.605912784714988,1.924876405707411
3441,264.9754754172739,19.01711894528099,2259.646341813218,41.676197080485,3.169085091792175
3442,45.97159921750228,4.607102975706013,391.9219985792174,6.2443652781499015,1.1461826894668325
3443,201.0662840770841,12.643684128002022,1698.766045867643,30.210578648529253,3.2112414263555515
3444,403.34572187380877,24.451393404578752,3412.4097116287953,64.17640568255756,3.799081473932001
3445,270.9750960944831,16.241064558391844,2288.1882582467124,42.83513776699607,2.7544738122715193
3446,200.7619993898087,13.285018935516451,1701.5787755436793,30.332759229130062,3.3487730359246917
3447,76.80558256695352,4.796575246347624,647.9561130004975,11.843951350466579,0.9417899162442143
3448,47.09249025069182,3.1437436085692285,402.18589253977467,7.43631653934565,0.6072139437690738
3449,218.57935137938534,15.392044192779606,1862.7261196846998,34.73563690421986,2.367998552421036
3450,280.10309715338036,17.800887121386967,2372.833947816134,43.97254311896179,2.812430097154424
3451,229.26022679118608,12.772622302797204,1933.0631652550146,36.032443786565494,2.815402462675582
3452,120.30882333012295,7.637194611055518,1020.0135370454162,19.874196048781464,0.8635605659196832
3453,199.47509416968106,14.074950796559818,1701.4933929616504,30.816254221697736,2.8839650950687408
3454,43.127947731973585,3.493460121517277,367.6490793575159,7.131107396640801,0.34697711978034107
3455,118.03274555101522,3.670135013495769,980.5233974672707,18.43669024863377,1.1943799730777886
3456,105.23079931675782,6.496413329677992,886.3517122838842,16.500903471794967,0.784206901086542
3457,328.6663307934516,20.35374155360551,2774.7493704729195,52.06419577470498,3.5074938551460115
3458,67.50102458442655,5.168454653753091,574.9299616697007,10.103129574039656,1.4110037037548637
3459,72.12872766049735,3.7692688907646716,604.7759412512588,10.748304692527533,0.7596395560667997
3460,100.86395118216012,3.9956364459974747,842.4447622026629,15.77750167333533,1.2207217075241537
3461,86.1538610312559,6.298750950875215,733.4046237309195,13.989162933541731,1.3531426213672968
3462,209.05500449849458,13.094125842802882,1768.0978890234178,32.57943959283812,3.0415483613904826
3463,216.00118056749122,14.515047864039456,1830.448424089154,33.51660716816997,2.974437618265162
3464,222.04579460918288,15.327375315596674,1888.4253146844092,34.3795108556984,3.454795967373193
3465,233.02068122881013,17.007528237257034,1984.1749683106939,37.5630254250986,2.408764643158744
3466,250.5256445249493,16.608803924777742,2127.8347463973814,40.21947214100596,2.2985312266887274
3467,138.27627905736648,9.376710322913288,1173.6756216224849,22.265085274881812,0.7148398522569135
3468,423.21376604563335,26.82723414215034,3584.801412067082,67.52406072207322,3.933934019946767
3469,319.6969923269042,20.252557660085238,2709.286264659069,50.853234472469225,3.795891998719387
3470,43.38308078848297,-0.2487754521986092,351.8252294105742,5.948272950356744,0.10761783823412108
3471,152.46047431717716,10.772464123087884,1295.1400290042545,24.00956329485217,2.2122094223681374
3472,218.00099920084764,14.51799065764072,1849.7320922709068,33.12909930852126,3.194301953438757
3473,135.1714300737586,10.929162242879002,1157.6229260877878,21.215444006869017,2.4639841373398332
3474,306.94649648056316,20.072211004214317,2600.6577830474052,48.1054914239182,3.9175884667377603
3475,138.1901563755728,9.221479765482387,1176.127603498734,21.999739395568305,1.9450628167714163
3476,236.20335922004966,17.47680789306509,2012.3519949312388,36.84416107580151,2.6408116398739643
3477,-23.086325381711386,0.0204813568431943,-186.6162322171377,-2.7454573972293232,0.29736918095616893
3478,161.11022673896122,10.445485349206857,1372.2573506507038,24.0952013267609,2.484723602023869
3479,90.65805206342097,8.316088234040386,782.9657084013521,13.899502689667873,1.3548991012861062
3480,336.34242598875124,22.699216445900355,2853.4288449075875,52.771377655973986,3.8669891777753675
3481,108.8820109518873,7.701668942168862,924.2197750339408,17.22869681130746,1.7198719948917591
3482,142.7880431164825,8.045250509317889,1203.602396459425,22.660160212503435,2.0524530795925227
3483,108.7799933759749,7.700585046298164,927.5783554348361,16.401850827528374,2.1633580702546933
3484,151.36254882714758,11.801422471739375,1297.6376313748995,23.558356154297456,2.001806785949954
3485,319.6275297903774,23.59278375465724,2723.236371548141,49.85285340659152,3.798705711511001
3486,347.8319139797953,23.256643098153383,2950.677295835369,55.13842563108793,3.4258911622747026
3487,258.6314713577697,19.515056982814045,2206.042166579497,41.04676420336876,2.677305937911114
3488,161.74459268866164,10.758770169743258,1368.885701591488,25.47808923659912,2.6075480722925595
3489,62.78913488267384,5.83741620167619,545.2122448755905,9.1920449551946,1.0724035844973399
3490,253.03822283686026,17.982683882287017,2146.9258737527143,39.110467464893986,3.259686712246481
3491,103.95890765162446,8.372906611403511,886.0122401785128,16.410377964538874,0.5864226485348301
3492,-21.11141318707093,1.9005595927337429,-154.15012317697915,-3.5349863029750646,0.2344814394617556
3493,94.5338923934417,8.042628181155095,814.191910992261,14.267249978168262,1.7805551398582962
3494,37.86651408829392,1.1274103498193753,306.8376827627305,6.38936789581254,0.3642108314118744
3495,154.3264334913607,10.083892184896918,1308.796267701332,23.537550569056528,2.332012470201221
3496,106.2397171908002,6.606342640396214,899.7253134603017,16.28463452514606,1.8287365115312322
3497,347.39645776619153,22.429524056348818,2945.3378250310425,54.87290567315072,3.5327195372019444
3498,158.48337483345975,11.978843478558309,1350.9394564606846,24.442940972891826,2.2808239172121425
3499,89.02131710818615,6.586217584799731,756.3915851873431,14.131178649756004,1.4683272592496976
3500,30.89530900487161,3.311865383321999,269.39733509910906,4.573100406209523,0.17949948129966442
3501,-51.64659035151146,-4.7221283853111204,-447.2363040606848,-7.927823350524287,0.0026397227432202186
3502,51.42450363931247,4.706141702953996,438.6311520476225,7.694349919633915,1.0172184956104218
3503,262.62987985249987,15.990549647759646,2223.754376678587,42.47504171536645,2.320299579986449
3504,246.53557230040045,15.340094127443908,2092.0883773127216,37.99058422714739,2.3000173932436887
3505,-76.83875532698617,-4.76926727160788,-648.4728416888428,-12.34765754661059,0.25215257910791955
3506,249.33076659779567,17.317201997051676,2118.1462766127906,38.628861091712814,2.8372513843456333
3507,291.68924897556684,20.276840810444792,2481.768561112804,46.111362638575535,3.2136402752483106
3508,131.0989466795507,8.691856650825626,1109.726198746632,20.975729176658938,1.7397489129671948
3509,100.82287940230809,7.646720328829762,865.6884347253648,15.98521336671989,1.4583301639995412
3510,187.0574369485249,14.685026865760722,1601.9399815128484,29.180135330331503,2.0097073495106366
3511,44.77160376027088,2.8566384581675868,378.63584610166544,6.440605174471489,1.0775310296692746
3512,79.32654765711526,6.30319662467388,678.3640919714387,12.677999020597188,0.8039532768896094
3513,263.4376737069629,16.60227576569193,2229.483855148679,41.52784889422736,3.082307967119952
3514,119.09998468947889,7.804043048336945,1007.6989716046028,18.477137856649836,1.5143340844046764
3515,277.3497417224256,17.510515668687393,2348.630618326755,43.59330706840995,3.6273965739585368
3516,136.39149777506734,9.416755604705228,1160.3091795615478,21.628167344149134,2.0179826839746347
3517,262.45701758996205,16.59381431225323,2222.5540749815004,40.48359543174378,3.4335269917623075
3518,105.53100831704816,6.478831709836665,890.9890885621214,16.556229778300754,1.862140869953806
3519,32.48399543149855,1.9313345797378139,269.66818879035304,4.770893988364301,0.32306197245739376
3520,196.87955147500503,13.0646440086474,1670.1005091521247,30.618390314921538,2.174177237908448
3521,296.8959881111349,19.555064184356365,2522.2431695864116,46.86464641541892,3.52749630985181
3522,96.88650298460396,8.233266651276343,829.4558350547336,14.584680274563068,1.1306879785946866
3523,60.50608351458612,3.392331989925669,505.2932992700247,9.351062315726022,1.5234219843745302
3524,312.82691430680444,21.574043626892028,2662.5447914251577,49.7942668764989,3.6403448030818613
3525,245.62468486904814,16.384741768050716,2083.2498675854567,38.20583859772812,2.4058634056189634
3526,174.66501975340393,12.133813130036764,1484.6572070953289,27.127354181212425,2.8593966654064356
3527,38.298363888333526,4.068407456046849,336.14978255389593,6.784969303794698,1.0441423654791389
3528,253.15503629051054,18.075866354220782,2156.725925217185,40.0831988934867,2.773748880163477
3529,216.4029396490785,13.868626884480175,1832.1017600317052,33.63272945620007,2.293743883991081
3530,204.20151770927282,11.405281847065691,1722.3902938392246,31.516564730876905,2.4608266484763837
3531,21.57694406485409,2.242472535335922,191.50509222767434,3.335683489985058,0.10390390939304073
3532,97.54933529619422,6.338079749465597,820.8401720572102,15.334769291221495,1.0454500336416572
3533,172.97686007408032,11.391702969782457,1466.5109664818676,27.82337756442429,0.7901114858790206
3534,63.7048100980056,6.563832585448186,555.4517512770202,10.31925307468206,0.6889963819411848
3535,60.48620259722878,3.6185677331542356,515.0935441255883,9.9895391597342,0.47044398962557166
3536,381.9782555560282,24.9702651359381,3234.737967208289,60.4303728735981,3.117317356674168
3537,253.1622052697146,17.21071958014431,2151.59327534216,39.281539760291416,3.6673610195804742
3538,259.0526278765748,16.115055500418542,2191.5228441982717,42.482462353248614,2.5572833195104194
3539,349.4774833060937,25.00276699874348,2976.732444666577,54.59868478492563,3.4655720426466483
3540,243.90565426172057,16.901496499736837,2071.187767285935,38.24612726151973,2.7246003246520867
3541,181.7477067779014,12.20692700071498,1539.9206839475976,28.704808012771498,1.8429563939088447
3542,112.6099492753477,5.789069628711416,944.2503579740422,18.60750882030175,0.6130577947093663
3543,280.5467967892581,17.950481696098926,2371.1197410763784,44.767597351008256,3.1888332287594445
3544,156.1651115421241,8.536451636419473,1317.2587323528567,23.497936230293863,1.473938844574747
3545,352.51048925043756,22.390555907582453,2986.078973685386,55.88738332119712,3.631434309115371
3546,188.32695947515708,12.600626951837897,1606.8487886480912,29.209590222188357,3.696717103132657
3547,10.060380852344093,1.328587600870231,86.5900244065837,1.3077756870432902,0.0864455469389731
3548,63.475644572284494,5.759686339159042,550.371267918393,8.78329501350306,1.781928876976545
3549,73.5239187004071,6.000242511188462,628.7729825484299,11.784070710303535,0.9343260993195059
3550,241.54850101526424,15.203828285803494,2048.0469513284606,37.44085739544803,3.054183269005177
3551,142.65672887968307,9.115576420030628,1209.105941814787,22.857302463259074,1.436231031848104
3552,327.6291744729318,22.659119826916125,2784.391759073877,50.41100314999048,3.7441063258225036
3553,276.61623236815313,16.646098007637427,2338.2754464153736,44.09602845883548,2.8532983493057005
3554,198.44662229854532,13.490313458380971,1682.144016819908,31.398557854160135,2.614901118994377
3555,93.87332572211622,3.831264927089114,777.0053478306204,14.892329148725617,0.6054162978724729
3556,-2.736620735786656,0.013014305808606963,-22.08547527565734,-0.45476703502754673,0.0911789973977859
3557,88.94421812490795,6.031498569251751,757.7308639925764,14.176521910695852,0.43099619182859694
3558,209.30226467263,14.399842208119221,1778.008759921564,33.46231618677915,2.4189810041952735
3559,146.37187339011604,11.7312580481696,1248.5347415760625,21.5720783088851,2.112130890667412
3560,155.76997943863688,10.92029830221718,1325.4034881068383,24.32332100383135,1.8756995998771573
3561,278.95456272787465,18.270761900954014,2365.0598918496403,43.81846597292581,3.069859567990486
3562,72.66172062742177,3.582236017656046,614.8345708983773,11.475422608889339,0.3577032459414764
3563,121.08020803709303,7.170634369683826,1029.1686340393821,19.764812730753757,0.5582882808858058
3564,108.91173251701487,6.436902601878097,919.167715756523,17.58679602991654,0.6944773731601419
3565,119.24247836212295,5.145038700954316,999.0469145035784,18.865062334741197,0.27888597796233094
3566,262.71043740902724,16.252769380065455,2222.2867351801515,40.734587675387985,2.7884187642602574
3567,249.6217125032729,14.20045915155879,2104.8461661099936,39.26229462835633,1.680516363264716
3568,168.61243963144446,12.197167548925982,1433.6088764629867,25.126874432893512,2.056085059704068
3569,173.7874156442858,14.264609373772895,1488.9601671726366,27.030518556473197,2.4084472030045205
3570,386.1070019063771,25.149593093649646,3272.6447434494844,60.62363841857384,3.9722744784167556
3571,76.001069892845,6.05234263408756,652.9875142199517,12.635017844895575,0.8224215514515447
3572,210.99594942178516,13.931520129723419,1792.9844748306932,33.36778127771063,1.8576254939730763
3573,261.6308764146662,16.17457676183483,2213.1041506920933,40.741881842822266,2.778087376548692
3574,324.36342832031477,21.23202574422513,2751.7453791846224,51.47511910169214,3.802132006225804
3575,125.29029307439795,7.435340818396728,1059.1906696527394,20.389186853496206,0.5639840302885029
3576,373.95915152599036,23.166182183507654,3168.7745017977177,58.97153795950841,3.195960999270317
3577,355.2132435190746,23.80203674904779,3015.929561632836,55.89210009833137,3.769954770901263
3578,13.023837514596131,-0.3199244398411203,108.5845191371532,2.768657439589413,0.28789164590572236
3579,281.5388149590412,19.17350783234581,2392.3974706605027,43.83159520310386,3.909646733980412
3580,-2.3268888613352225,0.4145011466134547,-11.70633116134453,0.16614987434613804,0.5558627122967414
3581,15.255440607835139,0.27275336349310986,133.11336131141803,2.1209761177821083,0.2797625813715432
3582,83.77309035496175,5.147702876583444,713.9695247110776,13.607842913539134,0.37839603303351677
3583,214.10451953242384,12.749086611214093,1806.2684265936098,33.8478608698716,2.2102329386620316
3584,302.6040015169476,20.228482046087723,2566.9036263178145,47.28024483618103,3.735429919685376
3585,302.70098485676874,19.441151559317845,2567.6514711600003,46.787046015598364,3.5811904120491547
3586,-17.68152191074249,-1.3818781869378607,-152.3933627888222,-3.44118657803683,0.5102078683610638
3587,120.2818140530589,7.4472670129066785,1015.558243212845,19.096901955334708,1.4213138016296747
3588,24.643698910691388,3.0496837052133663,218.46533525711826,3.4502246697089793,1.0662884647854458
3589,47.13195396043272,3.1819859685995016,397.3873300662365,6.539800460294537,0.4078396422936308
3590,89.13796215469165,6.714443717576927,765.0244271578134,13.314161688774423,0.7257107153983942
3591,214.94782633465462,14.456261107007867,1825.3298074845661,33.81084450429381,2.724794866271386
3592,201.26602503512393,14.385255424265381,1707.5421693675078,31.72212630358763,2.626881033132767
3593,272.1428058434024,19.960254818189767,2315.5659367951466,42.22774712417384,3.1920510453216955
3594,49.69152444541278,2.509115298668453,420.070337912881,7.497502699597795,1.7867791910552628
3595,298.15517972327103,20.24945666996492,2529.252531551183,46.067013710997784,3.446027231011512
3596,153.95484367516983,9.32253111130444,1302.570971448449,22.799702623172333,1.6658846592151448
3597,201.95597533366706,13.169247182664595,1713.3517932387172,32.259525304042995,1.2108719765391287
3598,-9.019546560008436,2.2168866079680254,-58.864691774141775,-1.7752609891198095,0.6394204174833753
3599,100.13305403176543,4.685938480676585,840.6384502304477,16.19871672128113,0.9591001907982313
3600,212.55015669117964,14.16799884950486,1801.8135504406393,33.43571710719622,2.230786600855294
3601,228.13562954211142,15.771991771453663,1940.2830523924054,34.1854566924645,3.5415240985279213
3602,139.93414202101684,10.313072688843974,1191.6643464224292,21.364326976085653,1.2803863298209364
3603,149.9796809266384,8.852723914805642,1268.5165538935644,23.897836079580987,1.011720958895752
3604,85.62416244208723,6.46863449516175,729.1509216467042,13.216735958392166,1.1776201687004977
3605,363.6925642922912,23.875237973034555,3084.9876355205633,56.5761193982961,3.987129398492864
3606,369.7201100417176,22.54004113073494,3122.975367673505,58.42529094656365,3.4311639284921203
3607,126.32354167330527,7.891148358396916,1071.3517428580146,20.027351070317327,2.042373162064232
3608,-8.997511388816429,0.018722475799936245,-71.67137931533536,-1.2011720653044986,0.3775576552600284
3609,358.3403679817065,24.71256865745363,3045.375149911805,56.15125068100871,3.61123492122259
3610,198.1054413513868,12.884252901678781,1679.464884194627,31.402241779326587,1.8302518138956345
3611,75.83951400042557,5.236004615409268,648.0497886734215,11.552575785805432,0.8588923139797742
3612,233.32263255208383,15.3833451645031,1975.7301679695524,36.377849108510034,3.06295759237624
3613,74.74283517381915,5.431124857116915,638.9828839481111,12.136695185067396,0.5027084369938191
3614,62.735463829779654,4.536325237747099,536.3027114718707,9.58078538039521,0.21466694156223154
3615,327.1542514344519,19.316201627367516,2765.596412487313,50.439733349398495,3.885780863240717
3616,157.84603737656317,9.740602557345358,1331.3042662864586,24.926327589381092,1.903097032205014
3617,157.1758570028492,10.161932539406038,1327.8559067252156,24.164434962537904,2.3033697734959606
3618,109.8064016019476,8.679608100511734,939.3504821694745,17.075123864695747,1.9446982102655603
3619,49.67528506054634,1.321458691152289,409.35173913369925,8.406364267729813,0.30407323037826517
3620,109.30773103958806,6.200097873251776,918.1481508614148,18.140470009321923,1.8586039263490424
3621,-6.6417916707850715,-0.32926448493460225,-52.47555786153923,-1.106352713953739,0.1855244230552766
3622,353.0641907132984,22.969905377633918,2997.869100937817,55.14887172415376,3.848665763046747
3623,190.8443794305557,11.885103461367176,1617.413761848501,30.655414883584733,2.583609628015378
3624,258.1442513117478,16.31517749735128,2188.379705639076,41.2741666025423,2.536434807474673
3625,236.61860105054018,17.82430706091392,2016.5401180488575,37.652419120072466,2.2291520865310184
3626,262.9582089235828,18.9183577723936,2239.131039119074,40.46279471422407,3.45347151154446
3627,170.0512734574492,14.155970793363716,1456.4323281647098,26.382905079214837,2.774197075377548
3628,233.54215379112117,16.17110371779401,1987.7232753628853,35.221578630629004,3.5132172908942803
3629,30.059792067881,1.3456409466103505,248.85489655352177,4.776449650405283,0.7849728316212166
3630,106.52514344282966,6.546113629434499,899.3384818523432,17.174602343408694,0.8598386826595603
3631,112.15904877478499,6.334284017229802,943.6404520277116,17.185110919645297,2.0516899552215255
3632,-7.463608124209847,0.3014835319656619,-65.13833474510787,-0.8637063888786128,0.2636245806904598
3633,299.3627146512499,19.573547165532407,2538.3529658177886,46.06084172457976,3.963091903683445
3634,133.2533790712961,10.608750494276272,1136.0504883617396,20.652425634330672,1.4960171272294507
3635,323.3329918223868,20.26775011223758,2735.165328243177,50.6570054492007,3.8455158835495027
3636,109.91795268639916,5.1573690438739135,918.112381219207,17.947780888269474,0.6778072836273625
3637,66.6597833772486,4.388876264586316,568.0536570812233,10.474421484426912,0.505445970562405
3638,355.1834354619929,24.066636523584805,3017.6001398675617,56.14040023781808,3.7601911216150223
3639,-34.439694694174705,-3.4685196316582165,-299.5809618928995,-5.70111153815355,0.1516566455756161
3640,192.2040921563537,12.850035110236878,1628.8629157490207,31.49330558134538,0.5394768587389152
3641,179.36452367639302,9.937132954441816,1511.621016595238,27.185631791958375,2.092752883980048
3642,386.30465629770157,25.841368391311114,3280.436471013519,61.80571355336884,3.9998408897022784
3643,63.59258340408409,6.250519902572104,549.0300812573923,9.631453203913303,1.4406873153262594
3644,32.410965202589615,3.1713432741481205,280.9281138101424,4.912361991642128,1.4541025533963796
3645,179.61871354836984,13.779937417476233,1531.2300431516712,27.608213585455367,2.9172515875605978
3646,177.5180547648856,13.534694137772625,1512.9290129206136,27.886537622754194,2.241631383854658
3647,120.61514845480582,7.0871735261328705,1017.0630167794504,18.651054590371558,1.5299412742462701
3648,121.98289168549701,8.443191661464265,1038.5572196689504,20.562944166490293,0.6548348182832062
3649,29.102055661841213,1.564205188098343,243.50464759367335,3.879644176702573,0.2401709481768144
3650,81.99249488346345,6.81090398392913,706.69166072783,11.803584837613645,1.4283649385657782
3651,93.69550700194982,5.735747966049145,794.7473393790101,15.589613474159137,0.4185083612433256
3652,108.75248367325747,7.059411936786557,920.0854897488583,16.623912132522587,1.3586212248960354
3653,10.08771432905646,1.0563390922212914,90.86332257791003,1.3993930387361393,0.7327587198567209
3654,245.42843613483197,16.290234303763846,2083.103329596271,38.54363622348618,3.3131407348320736
3655,93.45998074006076,5.6627377642334125,789.4492872219673,14.43069060621173,1.330792743230476
3656,54.69891527502578,3.0606136647477973,459.9295308087146,8.634522152858668,1.494739023847996
3657,209.5899681871525,15.31265970351043,1785.1670040418483,33.40025679886624,2.5303058490469175
3658,161.25673625748192,12.312679998387793,1377.864807068686,26.037369919233047,1.5420843851796153
3659,87.03462568961756,5.801984460664766,740.3391202792645,13.489071170471947,0.9456962679815395
3660,49.49569116123121,3.492842328659064,419.85216308607147,8.004821142249876,0.7055159890606495
3661,101.62585830887105,6.6919875320088185,863.9009848096013,16.524986770735282,1.0992802784589122
3662,264.406587916649,16.390892797452775,2240.2211111185616,41.94899497152443,2.42071577301474
3663,320.0320435718161,23.22367335610886,2726.3383791851675,50.46086678880338,3.9956537671557264
3664,199.1399313824668,13.232389286681782,1691.9872658594438,31.411039579578812,2.3517399211689907
3665,174.61097522242136,12.567597916227221,1485.264053481357,27.274672190383285,1.7088397144032048
3666,186.63632850085654,12.052787000147616,1582.6426192601346,29.378042469044924,1.5420194192969032
3667,6.75309847989327,-0.4793783816851547,46.72424800293044,0.40784019595914955,0.13289466918060278
3668,99.71095878402564,6.866950036820269,847.1073084146968,15.852068339170023,0.4207714180774387
3669,70.82944907460242,3.095201557494155,588.5113976157369,10.473416885437848,0.7911408780861171
3670,135.64022712242948,8.426168510387736,1145.9865291883116,21.33872863780434,2.327004401784628
3671,128.15353739244642,7.869967225469131,1077.3289164950252,20.538015127299445,1.2311265911359466
3672,88.63193785685264,5.61733591567619,748.5831533710705,14.075272426470278,0.6607881323788782
3673,312.10985168124813,20.21441327719782,2647.344498592951,49.373841061143594,2.7069495094223566
3674,374.8944726624567,24.023882968509874,3169.5425568352784,58.774347571815206,3.362618372365246
3675,315.5543838249721,19.85219470306323,2669.5899003480554,48.97816847297386,3.70837356356518
3676,84.82954883077986,4.849584683563369,713.3888832552909,13.28852021497919,0.9936858878403436
3677,205.55793690430687,14.74282223702901,1754.0545174792646,31.143436565704754,2.179047785185415
3678,71.49218709052877,5.0341241484713874,607.7262500786001,11.585235736002113,1.24109132990151
3679,321.1254793954744,21.68609649390972,2726.293373313004,50.758060503997974,3.477827576409118
3680,232.96170157431456,16.038453235074247,1982.9084434387273,36.48734826264519,2.5913026339754683
3681,-83.15249644167274,-5.310306766030088,-707.6599129790857,-13.21140748901105,0.5104805006666275
3682,98.09276991963392,6.486145717844867,832.5508651884238,15.494039270780185,1.5974664826964058
3683,15.29659988176072,1.9554200664883519,131.11431538407453,1.44405487575174,0.8333462143572179
3684,201.97452220322762,14.346758414712426,1721.513556282936,31.453863782824573,3.0117868405253265
3685,274.88590868345074,18.544656234459183,2336.2181851265786,42.839419697243954,3.692001377612135
3686,168.0593279009325,10.973975152384924,1424.7746269239165,25.867094236273083,2.794314093680305
3687,81.44456188105771,4.4270548371017835,690.7516139893585,12.770935363410493,0.12871660109437677
3688,208.3954884951846,13.227518752772978,1760.305029338182,32.76584391749134,3.1005103114974917
3689,27.155703282036658,2.786296918558514,236.57715275361284,4.4995228409641665,0.3078059081480795
3690,200.9250599195939,13.561942264037189,1705.0849567610871,31.28730353933101,2.23610691811901
3691,303.21468797374365,19.820718846806617,2570.153602290331,47.49922720781406,2.822758386992826
3692,231.03650930471514,14.576488727549336,1956.3728007527225,35.837459635670214,2.864883639198664
3693,125.70041006062701,7.5028277415537605,1063.0243566604613,20.16017063439448,1.455065276485083
3694,210.37120690111453,12.210641468973073,1777.6789849007484,33.248930915063625,2.041481662344988
3695,-57.59732699430262,-1.5500799633328024,-473.25471036371613,-9.018975878480427,0.28082422444504473
3696,182.8037881019178,10.527436195782021,1542.0946030790876,28.71566528320917,2.3930515793912623
3697,226.16922140699683,13.440671515757101,1905.7164580294223,35.352517838548934,2.8191957270737906
3698,335.04405673996774,20.579277022899884,2834.129425672623,53.20551372073382,3.4575310898904434
3699,142.6298544124292,10.610893304611913,1219.0302963672434,22.51567158700367,0.8872969419635628
3700,218.53258818356989,14.433900997080592,1854.4613655780024,35.240649790153206,2.478191833582703
3701,135.30767690686923,6.6651025511128505,1135.7919532600329,21.266663959542022,1.6076079222130417
3702,291.64693538646065,17.7404602427101,2465.2558488321615,45.60374068438866,3.025876591789789
3703,252.34599449679826,17.927312865406495,2148.2016349317514,39.396280435117745,3.3304571289404
3704,190.90811996183535,12.327602335950068,1615.588198897484,30.47864820602728,1.907030125684709
3705,20.860406716645873,1.4477375659484544,179.94962751029084,2.919343884769811,0.30059640784875485
3706,104.1663726528215,7.966240327363815,889.1157051219147,15.458668891154757,1.7221704258614694
3707,113.61656817051642,7.802798987459342,964.7847247000767,16.835279477848083,1.5786732439505382
3708,201.77115070040875,14.416037692870725,1718.3231546307077,31.44612280223882,3.012296420531802
3709,260.8645052342174,17.343542889470807,2214.4684695814685,40.20225364096613,3.300272609299054
3710,45.84293376779539,4.784529704104628,400.57667529340887,7.8777630239475265,1.4761119954414537
3711,253.72298530686766,16.513456436112662,2148.7644733534817,39.316358566484155,3.2219942205586993
3712,242.32435814240995,17.454103318481252,2063.3567210728806,37.77897477985116,3.339160466430794
3713,14.813531206466894,1.3914835087620143,130.06674647851696,1.567171707954901,0.6113764699258537
3714,84.34908470934575,6.306988101965625,721.2949835378708,12.71367753559909,1.610900037751684
3715,65.47011333568491,4.890844070816929,557.2450467495657,10.389043772393837,1.4005373701843196
3716,252.15485207481169,13.926088624901762,2126.010585452739,39.211319269637315,2.8135627866015414
3717,120.04070427900201,7.137451933508059,1016.462604986557,19.487822893962402,0.11125579640904526
3718,39.016911864118576,0.41829154819882963,320.84509412520487,6.92553080416766,0.18680839391914894
3719,93.45373290604489,5.573326175559644,782.3173856656626,14.49605275762217,1.059610394454643
3720,100.03196348841256,7.544607012203381,856.6151700782012,14.687511758014733,1.8898841410351603
3721,297.14344597250926,19.586003849914338,2521.7305698691976,46.873381491369614,2.6284001317637107
3722,291.6331325615272,17.947298405413612,2469.827423013178,46.735199082507926,2.9114765662698
3723,120.98278056961594,7.716409393783667,1023.5945357202154,18.740342394981948,1.5925538583021899
3724,59.99721147605666,4.124179565725021,512.19775623542,9.172024519153783,0.9896064671511522
3725,76.4260472773099,4.1144458889509,643.0835627233797,11.487578378930014,0.2475918211704724
3726,311.60051609604164,22.970298367497158,2652.604476536977,47.92418536311793,3.6671128207600727
3727,32.472857870149134,2.671705683165567,273.4427736764049,5.170546718032897,0.8313014272609873
3728,80.99756241689887,2.529648867818002,669.6778489895805,12.623893848370749,0.4383537545014935
3729,141.2436802335365,9.79752863611425,1201.1970766308339,21.351018485180365,1.6731931052191436
3730,319.57217325899654,19.26984281332609,2711.3654644831886,49.58354474119418,3.749277745957934
3731,93.60800460434012,2.6945018755463215,776.6800415634162,14.772394090873922,0.4303175053335657
3732,271.85805113650287,17.941347948730673,2310.709639913886,41.5003612165824,3.5592236581931345
3733,257.07109470841675,18.794238299577593,2187.913621661417,39.89028441454406,3.4830714965120047
3734,271.1710074318141,21.530901415669263,2313.8034044975375,41.74986699422788,3.7895552946700013
3735,35.375165745892204,1.9964661521756368,294.42953789650363,5.814301536182032,0.3848090801365007
3736,231.4402190999182,16.756675307488962,1974.327668401119,36.592166277330804,2.2505539084404553
3737,243.8888686913841,16.970045846780394,2068.7753882399275,38.52172900969893,2.287219462577925
3738,426.5810118259277,28.26248085840918,3620.6802980979405,66.5079537515127,3.6884065989894324
3739,155.95975958614883,8.570007492512207,1310.4057455773134,24.81168403235059,2.0869565973874793
3740,260.9798619441588,15.400271460353165,2202.7337470254333,41.05205382294583,2.134127132662066
3741,182.73969965878808,10.043537934798128,1545.2214746611173,29.167673491569648,1.7009685200010272
3742,319.91342974024343,20.402649907584983,2714.8570101488945,50.395953908356,3.178911397337616
3743,39.005774590151134,2.4059149739937347,330.48889620258916,6.376058706929106,1.8661144591457886
3744,157.40151248640535,9.519388026641527,1330.6025093773785,23.64449427366359,2.0019963434875674
3745,41.367163298913574,3.57257285086132,354.2670420351864,6.95466173280436,0.18015226020996788
3746,210.5533562563314,14.003203956968115,1782.618780089583,32.69562986489109,2.088924877121618
3747,246.1520073089587,19.0871381874091,2096.648239360932,39.73438743024258,3.4089767731020717
3748,211.5515990449507,14.906643447060542,1801.1954948167847,32.91919376405781,2.236290378215811
3749,219.34865176319005,13.459374824712565,1852.8374307262816,34.56865212776096,2.6538914948167585
3750,228.17207932787076,16.174820042739153,1945.146298245819,35.38873758445799,2.2136185634437218
3751,272.01958971270415,19.48337601162578,2315.9162962978066,42.58572000590944,3.0689310729492614
3752,236.5717136307897,13.827910595024807,1997.7042597065824,36.92506015578296,3.7213374443979643
3753,166.08468824379838,8.601885088900302,1397.812227493468,25.7466378922189,1.901490808761682
3754,195.39804393742037,13.62275153316541,1664.500912852932,30.103166478663578,2.7888620277438263
3755,43.46470183699034,3.461160811375441,371.36986977725724,6.910199249767134,0.0664617181735685
3756,81.50158390267951,6.12874193857367,699.7795537899614,11.7482233861842,1.795348453359844
3757,136.07679015633002,9.645265783710553,1161.1438363650411,20.610901872118937,2.3925557749805164
3758,99.44646084221253,7.031320979938181,849.1728614873414,15.600203536867403,0.8411436409935829
3759,16.15698932988767,-1.097120939968475,131.21176974634014,1.8278120667675704,0.10404560677008146
3760,135.95334495206822,9.642551546894047,1156.7962531332244,20.01520638395548,1.818933540712262
3761,134.86834694151733,8.464620544193469,1143.2127987309245,21.05089540169017,1.971968822698409
3762,120.5680700166735,5.39808769453895,1013.2419020433921,19.360100288763615,0.8796342383497162
3763,222.67477554371902,16.42651600936499,1901.5056954221943,35.04117352419271,3.082493555286846
3764,64.24272486405141,4.404819336161603,544.4998396047322,9.24202675318573,1.0357882350073297
3765,183.42252438237787,13.520084465847372,1564.1876377778594,28.50374860793391,1.0970598769795235
3766,56.26390125342318,3.214812975708969,479.5390338576385,8.353095762348108,1.0924907584377772
3767,27.28454627802882,1.1410224790524262,228.17218356269723,4.84924701283394,0.8877299421831557
3768,278.9505164575229,17.603056754717365,2359.5321346766927,44.138360676880694,2.7250701293544517
3769,276.73860657779085,18.928005681999768,2351.517312242355,43.57188058451929,3.8343304498439443
3770,193.43597482429013,13.586374324741627,1646.4050236157589,30.34200823328275,2.8238180955572894
3771,210.07220933489225,13.91099638179898,1782.6920315117877,33.743985750610186,1.6300235419637583
3772,144.80245583320757,10.251534511683815,1236.9425747689775,21.857717621606852,2.690324357502244
3773,282.26298557379266,20.512570733475812,2405.3242392109332,44.72055563166432,3.517393668489391
3774,193.14765840079468,12.356494655423267,1633.8000166135823,30.286014764751048,2.5741089743260237
3775,7.035148557004582,0.18290276820712936,60.85175202159697,1.1708571471674198,0.882213409362945
3776,219.3766495718019,13.398215951309403,1860.684506133205,34.14886378659289,3.12386848111422
3777,41.27955646118744,1.1734194979235317,341.66892565040456,7.010134989835732,0.19625661289758778
3778,31.461371038636685,3.0395607509989233,266.1130014107853,4.383371716482596,0.398946382904223
3779,269.20298040662226,19.10800739932194,2294.0617566984256,42.333736795049184,2.394697458462413
3780,106.50264727659814,8.258848711251614,910.529726824165,16.175348739178954,1.738525397291896
3781,172.73174571197703,12.278053428058907,1469.9839053065652,25.782897841625008,2.635292506487416
3782,380.6405869123707,23.041282031643362,3216.0938979550215,60.37328678787942,3.2822787657746315
3783,-54.573076255465146,-2.2962176380858486,-461.2695275094042,-9.908425910753891,0.23292617489369283
3784,67.45427351666277,4.015037827399155,570.9562407382513,10.282041804439347,0.4964941418822755
3785,33.292089546392205,0.937067249565867,274.39623470331605,5.362955635868778,0.5786151288440671
3786,155.2501325743651,9.943034345282133,1313.0358009534455,24.643949290431824,0.962663430377622
3787,166.70553251201991,10.71340612410119,1413.6715083005276,25.25731026693351,2.8428682880323155
3788,212.63911451056453,14.406131242082772,1807.2381067836086,33.373394845217575,2.4173627251070635
3789,129.02346251197568,6.226456328804327,1086.2230016216558,19.00345158310032,2.1953341971471056
3790,311.2815702118944,20.406048346777336,2640.474402823639,49.144140704183485,3.4333783974104035
3791,237.24838920776543,16.229254871316364,2013.5526231622173,37.282264022422275,3.0571925190783134
3792,197.88178058900615,13.198942723205917,1678.491520498357,30.64385859391149,3.614216059222463
3793,230.0765138380712,13.324596968453836,1942.6335307904694,36.030391785354546,3.058342888441214
3794,265.6446161532919,17.619874751186014,2260.9802122678607,42.21286857643236,3.3691869561993344
3795,40.196876166727435,3.2015454292741654,340.5350700075542,5.854788209222735,0.4808470187198708
3796,-8.497017229114702,-0.4316023845574486,-73.8608419396489,-1.9322155638407394,0.19521604270294723
3797,51.846512767678554,2.3162140940087355,434.2258950673624,8.476047376741011,0.5547017649443413
3798,196.76860762579025,13.143472744919865,1671.7870852995375,30.518837869474293,2.7646860114386183
3799,97.54387893778376,7.387003122887391,840.1107562463498,14.083779663437863,1.740495149424616
3800,-34.86996189028466,-0.8994024719477971,-288.27482331734507,-4.900464705935116,0.08491279285120878
3801,-25.060427488452078,-0.36767652175068366,-206.58802612697315,-4.222399770573016,0.21457930020044902
3802,366.8339762019841,24.226994437382462,3110.4435063761816,57.50500154694003,3.5495676199431654
3803,105.54534084211531,6.15533535290133,893.9001987192594,16.071936138123903,1.9323429970021828
3804,278.03801204941436,17.314029845746468,2353.1609284803644,43.91906680781802,3.2942936983027944
3805,205.04217775909578,13.342143197807898,1735.8836923073516,32.75989841013772,1.7968830471198753
3806,323.1066932745262,22.1683564299989,2742.922058027016,50.92169207652314,3.2723540098395696
3807,237.82527623589712,15.483163708172796,2015.8879658769677,36.90263012436768,3.6400631534187515
3808,165.260796989254,11.366926037886598,1409.2832237238076,25.96362958815681,2.179464972245347
3809,258.83942145039833,19.73399197270293,2208.7146509532445,41.08541904865795,2.838006336724693
3810,157.779267427906,11.711740723127159,1342.042679187545,24.352626038607884,2.187394060156961
3811,110.71492209237766,7.5757939347920065,940.7366203512681,17.623841395869185,0.5944773665554961
3812,143.08282284368408,8.069591569341673,1204.0322519076442,22.733362849117647,1.124817481372371
3813,137.24548227584623,7.979044068375287,1161.829148153508,21.50016758546211,1.610749959761125
3814,14.724222062969014,2.8141432117277945,134.33562316945583,2.421548159239806,0.39375635300949163
3815,43.8394415438534,2.805699425113221,373.2886555186689,6.9591710312052575,0.8266315603522001
3816,259.98706309845016,15.157253400952957,2196.1639871259968,40.036975154038146,3.073330189744678
3817,101.24544011816698,5.643752340258446,852.735138867958,16.187219123115383,0.4556701600188302
3818,97.197893810332,7.361699026544901,831.7388551386867,13.308458448966,2.766561849902367
3819,185.13052567536937,12.660949913950837,1574.8505648810587,28.703081632027114,2.5102955786865917
3820,70.50990854498842,7.173892990839382,606.8758929533935,10.892258435208579,0.01120823988091324
3821,255.94425514600886,15.868537261990912,2163.9266661926426,40.21667722151216,2.7854029381636027
3822,359.5334701678638,23.58688413872352,3049.4623280847386,57.13164723467202,3.743235976423343
3823,345.5684708700229,21.81032781721907,2926.3417700015893,54.22544740323277,3.6860293403776394
3824,44.37782822776007,3.4323718694947063,377.8678762833931,7.185206185201988,0.6023497151405612
3825,104.0645183308408,4.644789591759247,872.3748545653189,16.34865951100587,0.6686095914364847
3826,-48.272531740453445,-4.219834227268063,-411.67401151298765,-8.310831973944392,0.11074227934244751
3827,185.87570617173571,14.001450700375063,1587.7257010757937,28.778456893615644,2.462271025906169
3828,152.33188063513865,10.068277064652797,1293.396488503162,23.544969746873853,2.325966283768353
3829,183.1198867740858,12.06601665996667,1555.0331530971268,28.465581883308566,2.111332767178878
3830,206.964591676426,14.055502759562746,1756.0623231582833,33.097532521342416,1.818442774713792
3831,173.5237715098644,10.731089099591815,1467.683262189253,27.47445508433399,1.6400355431493416
3832,183.3857052555356,14.23334877638248,1563.2951947991407,27.94887381272933,2.8654298704451002
3833,335.48436284393426,20.93630596724536,2841.0462373154473,51.74792349614673,3.5688524060575157
3834,249.6469786276974,17.564911604862264,2125.529693619954,39.5115515242407,2.4970083066271194
3835,160.28805711970116,9.418433962424846,1354.1057697006343,24.943100041811185,0.7313101616182944
3836,250.62838001391472,16.21773428897177,2126.073928493492,39.44723186084306,2.060015809154602
3837,72.59221737854251,5.81559581274771,619.5441426117908,11.662428568455809,1.5418874730284275
3838,177.14789700626667,12.665260319287112,1507.4994464319811,27.474115781113042,2.763309589495402
3839,213.61707552070663,14.69925875871617,1815.2232250197121,34.1654375506497,2.4342532814768165
3840,299.2125190587533,20.071211753077712,2539.5185963716954,47.05125354240869,3.09729884280239
3841,245.2755584895125,16.539328788095357,2083.872780227762,38.010936979329585,3.1932063932985626
3842,346.5299031197147,21.884876882883056,2931.9205714018613,54.70935073034627,2.9705080120537612
3843,291.36168938927614,18.16426227509941,2464.0535651068717,45.811193572114874,3.0098357180632105
3844,300.6186012427556,20.686060230209662,2561.7471364894504,47.61804740571638,3.304017219000084
3845,342.4674776863512,23.426813243780572,2906.245018170023,54.62182419304311,3.674309905641878
3846,-20.408991012810862,-4.428247252778614,-192.8128956028744,-2.98667054720322,0.2025817980745801
3847,327.6553704275832,20.592768999179892,2776.694337572122,52.37997239255262,3.0840848005088266
3848,123.24703347084058,5.32771845359577,1028.54987395287,20.483828422407097,1.165479908577875
3849,249.18262373574072,17.9038569991067,2122.4601658212255,39.75451968011602,2.5322394108683985
3850,188.40741098182275,12.337820443738744,1597.7614616571066,29.925990490336495,1.8282500876633465
3851,105.52090944189749,7.253323164532452,899.3284572413811,17.50344273502778,1.3614349881116388
3852,42.391191813018125,1.3032067173843767,355.23376512630983,7.111325458912507,0.2050010397241846
3853,189.14779349737242,13.348963663328188,1605.641840123421,29.86934599279622,1.8239523370620212
3854,239.19407947596628,15.873868104628333,2027.4100184182455,37.773246996349215,2.821383105421086
3855,65.72629655070476,5.807851183308437,561.422124453192,10.173738800110902,1.4094802078102866
3856,337.87566675107814,21.655460942469006,2865.8796116788844,52.6799465146883,3.9927943595236695
3857,150.86856933775363,9.396178092199388,1279.026140208701,24.112807544668645,2.1645648462818072
3858,245.095112309196,15.49578114307232,2072.3873201491356,37.45051410353854,2.4638810255260464
3859,252.1729882374224,17.695823172131103,2147.5881299486887,39.28880012427262,2.7303321058406094
3860,-26.409732995787877,-2.710361282842578,-236.05064458439253,-3.772669139192541,0.0820705479617434
3861,300.8208678778015,20.0719580936731,2553.4865223915267,46.895680231640185,2.738321475090309
3862,313.19453227848,22.06289399981685,2661.970608241791,49.25043019800163,3.388948044388921
3863,121.3385362531416,7.8657997490930835,1030.0224940523187,19.111020741982497,1.1140869008731338
3864,119.2046985272958,8.320565422586984,1016.5189974107972,18.71649468859579,1.2177937795222284
3865,176.8271148304163,12.806208991386692,1505.5045341023927,28.891393902524978,1.4883178816637788
3866,304.21358729625285,21.443644468537585,2585.493142005458,46.90768463337861,3.89240401788016
3867,102.92171394655259,9.259468635022369,891.1804993765383,15.96005518289399,1.7496099142866832
3868,169.78488474482876,10.38332167261936,1440.5511502118843,26.745326829956028,1.7209058646339184
3869,240.05629063750584,15.806498013377393,2030.294238919362,37.45719665121779,2.5833353476772505
3870,50.253357335969646,4.143469285265858,428.2912258822048,7.749721524090698,0.01967479968507213
3871,-31.092243083781145,-1.5710120008294277,-259.54459675001664,-5.124844357625934,0.06564683820207673
3872,204.69498035865746,14.034278486780542,1739.44352534314,33.04245110130821,2.476636665366032
3873,143.98875824098664,11.20640600607953,1228.379027033462,24.023810726427545,0.8198584655594918
3874,279.01122079677157,18.35778981447957,2368.5863141922746,43.99388635331493,2.6668353368722424
3875,283.00848192406414,19.14031688987897,2403.212564426073,43.86689835625204,3.612032140042178
3876,228.7861237672584,15.384345950710454,1944.8550346989402,35.590853002546694,3.0329996742721828
3877,66.84782596894036,4.142941429234371,565.3130482465252,9.775885878401814,1.2023006169621904
3878,107.31586102443427,8.20274324201302,916.429971555901,16.63659869906003,1.7237805716649452
3879,168.7827933856914,10.513113047058516,1429.607586867415,26.847439691861247,1.9232363043241336
3880,381.09741534768585,24.204383580898938,3229.479624696941,60.945325392337374,3.780111267572439
3881,6.89998680443066,1.5360855807309046,66.12699189371963,1.2538554068134422,0.1577778370237919
3882,39.91190607509198,4.259965417111573,349.67010976524966,6.3264103028123095,0.6545749517787334
3883,241.07331081312014,13.686088001016168,2033.2555552505173,37.60321515366142,2.538160725523853
3884,213.12255204207167,15.611252511336538,1815.8158387113865,34.470901858415026,2.0019457919412607
3885,232.84009973615227,15.949151083326969,1975.3726697776342,35.80934038473391,2.5269575481266355
3886,111.21656381342886,6.999696006081764,946.3927617739089,16.574527364783037,2.0594453303053815
3887,179.7209659181541,13.21870241800375,1529.637337468881,27.409591783972672,2.5769951240355193
3888,105.2665678245206,6.136979618401077,891.0092760451851,16.979362562806518,1.1046711647239267
3889,44.711981426805046,4.296245176132016,385.55997325904997,7.142870137815423,1.2644554890682254
3890,50.826469348831274,3.1161708420955385,425.32325701204377,6.946025943154656,1.2404082261976344
3891,343.8218402368128,23.600729381448122,2921.2696482016386,53.87969202916878,3.4246071399755236
3892,57.96817465469054,2.931287829036436,488.5833046243607,9.540330089451066,0.5070030560964178
3893,275.9607937567935,17.95192418918112,2341.294287182757,44.79986793804332,2.5747358967631517
3894,115.19485534694468,9.085803383532149,988.8796449002302,18.042931990665537,1.8936640291617697
3895,183.6004728792911,10.598189770358337,1550.825461555643,28.710190619928202,2.7533658796487264
3896,252.71878546957842,17.528023971565716,2147.5498076276563,39.417599407904646,3.067924908797712
3897,-31.26373038895891,-1.4619104009176347,-265.174495765023,-5.053134848079324,0.08545076497775428
3898,249.2617613162013,16.82466140315145,2118.7986007098575,38.98314671011037,3.020439121514474
3899,251.14805789397812,16.344160886880275,2128.8298727692363,39.35896799430101,3.8357409534390206
3900,317.2858247622545,18.77142801902977,2679.692650495875,49.1455842029802,3.691849298629744
3901,286.6390695156079,18.858381389090972,2426.8381160084873,44.956574259635396,3.732833177692555
3902,179.22253211618627,12.326214773746148,1520.4585346425254,28.269613547432385,1.4473570943830523
3903,28.35315009516669,1.8350311867374027,239.30232915571884,4.86653842477018,0.21601009816793226
3904,104.34373145690685,6.1562745595008,881.1466941835537,16.099404741111066,1.1583778360491235
3905,221.72306911241756,13.169612203684345,1874.5099097810419,34.931173832036215,2.920103669562922
3906,97.15131643493916,9.069977115719036,831.6083307218156,15.382013645319661,0.6850100696309624
3907,122.64110747827529,9.515182208084243,1046.573885358664,19.435388681803893,2.2078069509980667
3908,329.36704253607047,20.673453914504833,2787.7166603495116,52.40347254481344,2.899607031931022
3909,143.43581776932012,10.708950295942305,1223.3925982161102,21.6328173413361,2.574192483932705
3910,68.77351452004852,5.067107400426925,589.4264908684721,10.655283808624956,1.618416252738911
3911,134.4584049069213,8.740401736270057,1137.3416373279663,20.95155266236375,1.305475429997749
3912,256.4792117463796,17.74200620558539,2177.2336033352076,39.89898523568231,2.8671960836774293
3913,94.66427721293933,5.017215139889501,797.0738766249508,14.63420490398421,0.8387335558366122
3914,123.8564053239264,9.342512907077511,1057.4153130644268,19.28148348213482,1.5971548083557958
3915,88.53436839921714,7.141965057234804,757.1234293825084,14.078618174966353,0.8395436583210518
3916,319.3643449829511,20.557865459910985,2705.397207734567,51.36523842192938,3.4234323981966788
3917,-18.233449615905798,1.1694178399278623,-143.95029803606164,-3.232723101708614,0.3088137568068179
3918,-59.84666206677237,-2.3804968645463,-500.2929092360417,-9.047539966698846,0.03294940703545812
3919,124.75354324191163,10.054120548582194,1070.2380930755185,19.630596239997,1.0417179701473631
3920,295.6879979740148,20.0392594473386,2506.845559973752,45.77330968308254,3.845323714400709
3921,342.9745945054645,22.434727410701964,2907.720170566722,54.26226949583671,3.3186074601800772
3922,206.44686953392326,15.090329149130097,1759.7709159520873,31.393021032087546,2.9632160170263964
3923,120.64057398614449,5.905947248040307,1011.8655261437802,19.40951258965313,2.0504684208694908
3924,8.796508470195302,1.5151153043739867,78.7532698251424,0.9307626425363278,0.847888191273733
3925,46.20419785202202,2.2631595317404636,385.6707104757536,7.5766846764784015,0.15732549576060917
3926,144.58809294830894,10.197173081731716,1231.8265233588843,22.191951428927794,2.77043271471623
3927,122.89247026005474,9.177545696495013,1051.3968396227365,18.21963687192791,2.465348995877244
3928,323.1184873586256,23.064071373497473,2752.052775892303,50.88826443351672,3.6794630878586023
3929,206.5264339206314,13.584855234650718,1758.2990910774975,31.752364742185918,2.452698067346016
3930,235.5061583080696,14.759164359947498,1992.8610716447529,36.08708620483709,3.535193325618315
3931,185.73784785250632,11.258833992191654,1571.015629943404,28.398753955668873,2.6743090593067973
3932,9.577719304355885,-0.06336740623853387,77.67418746283872,1.7929518526113792,0.7284319813410649
3933,240.44509309525384,17.751061059420937,2047.4460608653042,37.50201699489817,2.982780334568983
3934,319.4780055351032,22.711132348653365,2717.324719139804,50.09928109237086,3.778217069577058
3935,121.52464630181808,7.647095191369184,1027.5512191892474,19.100243308775312,1.654013984139373
3936,115.5965409970371,7.291662680980149,972.7288882757895,18.30707585334441,0.535938813842586
3937,236.4667954397187,15.472069194029228,2001.3092411536118,36.53830276739779,2.44367469727645
3938,155.12684618143354,10.93731339391429,1316.126374746414,24.700754728931532,1.8776549745388222
3939,144.62376859696957,7.582635017462501,1209.8561967863625,22.6747721157123,1.6383835889612817
3940,87.80854822020216,6.718512055390143,754.31203030571,13.95182411758362,1.192481686295805
3941,166.20235477331772,11.250586184412848,1415.1286395569155,26.56834092446061,1.6436703328468316
3942,259.2198961654663,17.61410144824768,2201.4527492409275,40.5478675746322,3.381836057937464
3943,259.6540768769766,17.0590805632637,2201.9940722776932,40.456183038921445,2.5316039749224997
3944,213.2754023245062,15.162081277712169,1816.0120136675835,32.99093377138091,3.0493043931181085
3945,100.91708218999793,8.639450121628041,865.7951108252895,16.058930217749758,0.6437763042118787
3946,232.5466497096085,15.950471215359403,1971.2473311162025,36.9950564106911,2.5148020629848387
3947,389.3992723351778,24.56951213404567,3297.7691755257933,61.137637784582,3.463997306065243
3948,-15.014797107489555,0.16079049300995507,-122.12760036630588,-3.524325665866666,0.7696174048707118
3949,2.911583832217302,0.1673138373158739,23.326203636810995,0.840114243673509,0.019756257868719818
3950,31.781667059198863,0.5938033185726468,263.7371673271316,4.3460820420286534,0.4660912782136486
3951,195.45243224789107,12.974035687974254,1657.8505327352264,29.61157160127233,2.490705464958837
3952,63.33508995484841,4.267140801714874,537.3489714884438,10.075152840888396,1.1319750433312987
3953,240.45648893937394,14.036317314888738,2031.4780148458904,37.391588074712956,2.7634261301809944
3954,244.15842393149276,15.885560541540777,2071.2285072648338,38.0810524808929,2.528256271936591
3955,83.41551214388492,4.394868591806633,700.9709694274019,12.190019868757865,2.5811306168754733
3956,302.7331936183103,17.685017311356425,2560.700835204678,48.06586507470374,2.3096488660472594
3957,4.5709271126280635,0.36928678238927537,33.082733261251214,-0.3324688421456462,0.6270035058030721
3958,155.48504172556315,11.541982673986741,1326.94659458654,23.215061552696138,2.715618263495193
3959,215.4265318606795,13.736952843679983,1828.277089242332,33.01941684115776,3.4767811932504236
3960,202.56019149607746,14.564751662735011,1723.8068576365588,32.495827168574294,2.0525172040366013
3961,240.33602613934067,17.16065667744972,2044.1377422750713,37.523871103791926,3.047326234012456
3962,263.87331978160887,19.002366934733065,2242.9366315781176,40.73098247001897,3.6704219261536144
3963,87.60074914683288,6.399753475320807,749.2133959884719,13.519921701252201,2.729725442464126
3964,324.0438035124594,19.97081940970896,2741.4082630443336,51.04786382144398,3.9475384512891667
3965,87.34618475071639,7.700753033837613,748.637671412991,14.358618720507472,1.4488198606489888
3966,219.58790322477216,14.919779079542064,1868.2017938830843,34.40527409254102,3.3051696692130594
3967,20.54638590886828,-0.6378213597250824,162.67331010412033,3.44674174490006,0.027634447515819893
3968,182.13829433045004,11.632337936904467,1542.60504674062,28.945590539877582,2.4415507721719503
3969,108.6845049769577,6.836353540482648,923.2873292413032,17.513823602287705,0.884905720117823
3970,210.91622030437313,15.915588864309047,1797.216350688167,32.74643118887512,2.7524682755443415
3971,114.98188200378095,7.518625627780904,975.9281582011254,17.608233478339507,0.9339443595695407
3972,70.80215848399781,5.026860977440681,601.7294743591044,11.328384546754972,1.1980517325797782
3973,262.2812160550155,14.918293280586353,2210.7570841113993,42.01444222983123,3.5931335249777483
3974,72.64853644079591,4.7693830650848845,615.9356710998288,11.253996448565175,0.3807624997160577
3975,94.81199312472454,5.741257060020712,802.90197854592,14.945189743301714,0.9524930055378906
3976,40.26605946242617,1.4784540834074171,334.4211880536905,6.938484857770181,0.3056547600163628
3977,267.7277854897085,18.446780732218457,2276.330785283206,41.744521729479864,3.2669644491703873
3978,65.9475560671786,3.977346009445637,559.3437307778519,10.58032219331795,0.6699194726156459
3979,20.03405501784742,1.9897313073033733,172.07062602359463,2.5750357727606183,0.46664058289000154
3980,266.83868566208196,19.827958134729663,2274.509229347177,41.02755317897915,3.635835432452004
3981,91.09127249918032,5.932954037959756,773.7131726295843,14.679809123143635,0.8833029695145602
3982,-17.134694982285097,0.017454706929812325,-142.57753273225532,-4.017243124122489,0.789627986256674
3983,328.46918887915206,22.52961955645273,2796.0688762512145,51.68158377950555,3.7328355968992346
3984,208.86530928472217,13.051379613503975,1762.2545169474183,31.276617093754254,2.885740634813429
3985,347.07183426591115,24.037985660229243,2948.6981709517213,54.92731829853461,3.8011773449942012
3986,298.93757894683347,18.785656138665654,2531.0926000102663,46.855148324862974,2.971416557264462
3987,20.420777005661474,2.523955541193393,178.6413408210715,2.942157022345146,0.2155638755701763
3988,107.54381194836873,7.424484071891171,909.8234076627326,16.89843178290678,1.6644333002502547
3989,341.5173185820976,23.790038318849184,2903.9852458951436,53.584421553929644,3.516790166470963
3990,327.8263968727654,21.47208591431823,2778.477812209712,52.164473011911504,3.2675893476277458
3991,82.56928962419354,6.699084259047218,704.0740006508845,12.671185495407363,1.6926924894530542
3992,36.46480471525948,1.7089958549091029,305.139891888912,5.33312562689583,0.70516786537415
3993,14.515143079997777,-0.04073937344689593,120.48104202280958,1.5814495557539303,0.49309729597797247
3994,57.49832641607294,5.699301718830901,501.2538293767612,7.292749834101939,2.4115199453421656
3995,294.4823443584865,19.30655190508233,2495.2348936797616,46.83562629504498,3.135493953205899
3996,114.06501816700852,6.838706678482769,964.6778622388734,18.655628604493714,1.4907725383115547
3997,61.85036465772091,3.4949006594653036,526.0267206858348,10.260198132481015,0.17396658037880508
3998,58.168900454850196,4.891270139700388,496.8711606606606,9.273272262202065,1.039701176572593
3999,173.5255618912743,12.20911715552218,1473.5634762424618,26.55991542347527,1.7741342190528817
4000,56.41857274925525,4.915164340450843,488.23556172437316,8.474916850899394,0.856645144198172
4001,301.39913775525906,19.398451798692196,2550.372864327518,47.37436417476908,3.4539079417015888
4002,43.36290210768808,3.991166249868015,373.1426456893432,6.1886594575975815,0.7960298276496114
4003,363.5029876159463,23.68993378961409,3077.0335215474815,56.96099841971689,3.630000762830357
4004,153.26810626572794,10.084203559378343,1294.5918500918972,24.23298386656948,1.300820296718752
4005,146.6463130923754,9.340562374962612,1240.937869379431,23.27932398255662,1.9539884062321686
4006,-20.639675265540614,-0.04014690517643099,-166.87388122742627,-4.306828357500611,0.08332352947071842
4007,141.61261014221975,8.477782896958281,1200.4485107219516,22.41270263471278,2.33204705596765
4008,70.85116314468934,5.445574545826992,600.8667058042054,10.74335774524415,1.3909852239035785
4009,155.7954420428224,9.977402502412907,1323.4177708181508,24.628720906420558,1.9385497686900348
4010,157.17263714443018,9.94018037812204,1333.722752163209,25.239479259033022,1.3710313347514722
4011,-6.505373956996154,2.412583280399475,-44.25584762361044,-1.3277670744510175,0.31294942669757164
4012,193.44397440583165,14.11389794236413,1645.4571353362007,30.211254871157564,2.2249571060511695
4013,58.64352855776927,2.854635922658744,494.31504056124055,8.159524304016342,1.6484479420666944
4014,277.18880163074954,21.346753950359087,2362.236820792088,42.27118357395308,3.9664461955068893
4015,149.5375336201244,11.430235595425373,1269.819951014481,23.242141981427558,1.0590573726498542
4016,150.43687182903977,11.829104833340232,1284.7083675482002,24.927536806948503,2.345592225455408
4017,274.3177758587657,18.517297336151678,2324.2207015143053,43.600488277733945,2.982978225494468
4018,266.2239489704974,19.385685168608152,2266.3843178631573,41.954450244244555,3.2733053504719054
4019,14.36039113624306,1.6845132081208538,125.6248416112441,2.2721056511029913,0.5293392711135096
4020,172.9013643743245,13.258531794166542,1474.9772458782418,27.139973232378093,1.9613203425995378
4021,232.85247182340768,14.712552766194907,1971.4266524494901,36.531817546495695,2.8085408951887993
4022,266.29268669894697,20.162762553913378,2269.0322080160745,42.48867699702136,3.016795763953345
4023,201.95825562415294,12.768485560933833,1709.9709770655415,31.926538954375317,1.4619374197705275
4024,138.38518378618576,9.115570567322948,1169.6584658548018,22.07991651699773,1.4668540519933426
4025,58.17977253514093,3.785755053188665,493.2057739898659,9.444226342810754,0.7553216267066185
4026,70.31225468462857,4.31783232146671,592.3660697845787,12.006613470700511,1.3460053693145588
4027,59.065985668080636,3.997276458507752,504.3710429781643,10.364673736827214,0.33078593059532935
4028,28.12053122120848,2.1257103507335557,243.46714534291064,4.112026702101309,0.2211898329000337
4029,220.95090911062087,16.066809471626154,1881.5719835150592,34.96240539680484,2.722470208377516
4030,275.5820993310647,18.0886677550553,2344.308177930693,43.75601760290213,2.543402397526322
4031,249.80436279819492,16.795980549114525,2121.6630796762834,39.54246967524359,2.084325408526212
4032,319.6184277925442,22.444387564006878,2714.9530166263053,50.8985827723389,3.3288075836967974
4033,78.08777964627866,3.5889144752658044,650.0865531707688,12.828172439297392,1.2428906458516096
4034,287.57762330486884,20.319812136072343,2445.572233955118,44.697226465766555,3.9218258230836134
4035,172.7984002263967,11.526305546022687,1461.2291137349368,27.12347834843633,1.7645216149106773
4036,211.5047349543265,15.287309228722734,1801.7633389806365,33.026347805284914,3.3184139053443813
4037,233.87845840349647,16.716905062781,1996.1427729993059,37.11729969687434,2.8054257262127478
4038,18.071591728682133,0.796382400137865,149.81231282150335,2.687918439469785,0.4143574270584156
4039,5.922090618645991,1.8219572552779804,56.056055305129554,0.6696218890713261,0.5023126855987217
4040,98.81204514586561,5.531664920722598,830.682526549999,14.612320057627308,1.576273773026843
4041,230.2884098418351,15.646963945368,1953.423252672381,34.900930168780135,3.329397690434251
4042,75.25284612816296,4.190741929310011,633.9280222949651,12.281114939206951,0.37298334643314757
4043,74.96108292616266,3.7139848998801313,625.3673149653658,10.634050271299035,1.8371331542819753
4044,204.1746748889788,12.539109971955053,1722.153234410157,31.585918804764976,2.1219211353072747
4045,37.273545936757884,2.7451914179154304,319.27212110713225,5.279146915335749,0.6069122350057112
4046,92.11039886799885,4.388020242931891,770.0075198654689,14.761941047333508,1.1811263998809745
4047,64.92227137670434,3.209763576054578,546.5784950631931,10.040607129475532,0.004349988419705575
4048,239.96560005337366,15.483387982004906,2036.2139452140907,38.42415364568605,2.2255892094534846
4049,272.02770723428023,19.216125958430112,2314.780156081109,42.50824409918042,3.9194653621670184
4050,197.38158030340762,12.756699319259388,1671.3067664924106,31.99479576438311,1.8428802417255468
4051,201.41558384145563,13.021147788134346,1710.5620868423548,30.811797390334878,2.970588421995319
4052,371.7948632539613,23.867958118183815,3150.3699539812415,58.295519333245075,3.6284919158266513
4053,226.0838759732923,13.66864541829429,1914.2869952818173,34.53232094060779,2.7262391416875507
4054,218.00490330847,15.204157399467498,1856.9451481051892,34.15256398040889,1.7736121576957773
4055,-68.59533045458979,-5.616722984943014,-584.4073568316651,-10.346510090195283,0.11055338231429568
4056,26.71825829507928,2.448126492815235,227.09940284793734,4.550642371160598,0.09862495438771468
4057,277.64842004061484,18.41473368364529,2353.3292723750924,43.921906911421054,2.592955470426469
4058,260.1159044079495,16.256398948618966,2201.5372233154726,41.72986958900897,3.392034976116097
4059,46.938396698571744,4.143057247922807,401.57853776218866,7.399135091146915,0.02744128493087894
4060,234.47452625123063,16.236486750624607,1993.4114808800075,36.92533357424104,3.609253272645244
4061,225.6731209185505,15.692005902857074,1916.710249102807,35.130153992588596,2.866751132092546
4062,212.43811045407043,14.187919592844409,1805.1974086103514,32.94665436858436,3.4487984689499824
4063,192.3976369737415,10.908719241595783,1618.289057131508,30.813763767728016,1.5199711811482657
4064,265.69775426813305,19.39018937100774,2263.043143582969,41.62793067507438,2.621636525585679
4065,177.68175054670692,10.968943900736603,1504.3086827069708,27.843487682367947,2.585132846202083
4066,258.0157146613189,15.677779344159642,2179.9752276780696,40.389216181752744,2.3177029724073948
4067,202.46205967630965,12.458497968963577,1714.9508569266072,31.376399023784604,2.49769208236138
4068,8.17080249752882,0.09756778808424305,71.55226937065315,0.6291280470940714,0.08189921273879897
4069,215.09673690735647,12.847877072604687,1812.671120786906,32.975037013680655,2.397726807799111
4070,51.90160969887472,5.95676954901709,455.76584531168777,7.835071383173822,0.056296670492792966
4071,320.3443289090253,19.947636618771988,2717.024422523988,50.95007069816426,3.3308697932759266
4072,242.96749620887095,15.347980533056617,2058.2253358648068,37.59758243177605,2.4297619778597976
4073,280.6837281271616,17.55419082532887,2373.8081780117677,44.23538838284878,2.7808393986333857
4074,14.978384344318826,0.020044804535472416,125.71562530751294,1.6281816349211717,0.1786006028812439
4075,272.03758480621804,18.544652960079276,2317.3526882835818,42.65695015978297,3.0699431286038426
4076,271.46121965421827,17.800947465611184,2300.5441877224926,42.31874988987078,3.6656523077970027
4077,306.25932186739374,21.818737271570612,2611.0194799790684,47.814839219489805,3.9510679613807205
4078,158.19489945933404,8.823846527359695,1330.807260185956,24.6399234227183,1.460870733713488
4079,111.83697818552866,6.87232991023988,947.1235295986639,17.627223154877516,1.2609548414186431
4080,128.89552104718962,10.186676163593475,1107.3227631522388,20.670861918583615,1.824251429372869
4081,318.0774359194114,20.30974287050915,2698.8347025338753,48.80096603178826,3.782882511020997
4082,137.70482702857086,10.56103494899334,1174.683759426577,21.886354732014397,1.583563200609433
4083,194.71414769278041,12.796197530847875,1652.1149151479788,29.53378286707085,2.290247191496681
4084,148.16160411165512,10.878978173713588,1260.4669317540481,22.77159335169446,1.5461091739076336
4085,303.65187903041164,19.07202100088451,2567.301380136606,48.67283586965842,3.4333967327321173
4086,209.3516321799521,13.874180667426678,1780.0328785236086,33.34618972238578,2.774738407994096
4087,37.560132364290986,3.2062553729286654,326.4305677335905,5.243098997618539,0.8714549540325054
4088,33.420422082554815,3.367255457149789,289.84644088978024,4.455855546710357,1.3254893053971295
4089,318.3639586608855,20.854126667584232,2703.066988191253,49.420365314050294,3.9286091122030053
4090,242.14471506714358,16.122933481475133,2061.0618114484037,38.13548519125955,2.897123861197556
4091,308.61392147548423,20.65789995837365,2620.95476607122,48.11807283930812,3.4559687834232378
4092,275.3590858538846,16.101024141019174,2324.827125457164,44.4580169766208,3.2431820645132166
4093,297.38623141937245,21.344386654760058,2527.565528520412,46.52071212480598,2.9330882156022864
4094,119.18989317943425,5.8285029425370904,998.9282644885375,18.89659195579504,0.8676098118999551
4095,68.33269283910946,5.60438927312301,591.8007151429836,10.152570890596314,0.8339129023278313
4096,297.03406458783775,18.307547256769872,2515.6645049410645,47.01645809458342,3.1129685527226076
4097,105.76733116560247,6.10647088327061,898.302569671912,17.008155423062625,0.5616382653115397
4098,288.5486558087343,19.976204206435895,2454.470168782171,46.13305448820937,3.0981169089080627
4099,74.13588917792063,5.857023313320737,633.8937136162335,10.964814506687995,0.9392429566786298
4100,313.359872280927,20.14140470861898,2658.028174444789,48.76510585238612,3.780852290195013
4101,157.52337127909178,10.533790574009446,1338.4038439067133,25.132220474595073,1.9943338073053898
4102,178.04840646919263,10.357384894686641,1501.952047721563,26.774405591557823,2.9076072957330097
4103,179.89771151104537,12.368514819527423,1532.5247728147406,28.355749520375028,1.5593376216520807
4104,206.05903594503775,15.137390623898504,1757.1039323344303,31.875893335318533,3.816256723742085
4105,293.35573215176396,17.89310594255552,2479.461470287461,45.737615752472394,3.1480446655679937
4106,61.01736478077758,5.002528398052134,525.3078015632984,9.932761953347057,0.6793702369871202
4107,87.57113111262049,6.673836335663024,745.758735162009,14.099048704408592,0.9407969973683219
4108,75.13040369640187,5.445566023362417,641.0308030447801,12.80183301950386,0.5089520871913562
4109,342.46642444431956,22.558982576089697,2905.3448196300233,54.066376646742484,3.5211065161333726
4110,33.938272423258184,3.0295249119826027,296.5297018438658,5.258028460709639,0.8167870268251467
4111,253.26881699703853,17.278491095635182,2153.2714457873803,39.387630089407615,3.878521480619127
4112,233.27362805697226,16.828691956693454,1992.6957023851337,35.90245686276092,3.388879471755432
4113,293.34230110271176,18.515492987886645,2481.6711169314694,46.888794614825024,2.9737119039995283
4114,17.379654539237595,0.696666867003009,143.01005711285035,3.3764117532884637,0.2690715123237597
4115,72.05820530437859,5.453306385343264,612.5883893720701,11.323792959691621,0.8740407970933886
4116,147.4272187113639,8.20076526377009,1249.524219964935,23.158815306704376,2.0029353204010287
4117,234.97423391522696,14.064756142310163,1987.4123573254492,36.84727407652165,2.8744151097602972
4118,243.13009729858953,15.244757412999581,2058.3613385324506,37.75644599971928,3.3058440734877084
4119,171.2256850159893,12.488106096340127,1461.6012049669469,26.914614052695935,1.008598737852127
4120,70.77034565382634,4.5725767903490535,601.0406957785408,11.859505133178674,0.7265953380822849
4121,-7.317665410218558,-1.2735081299748863,-59.243929042433024,-2.5522298088933053,0.3250788009888277
4122,146.2303295417747,9.309734233825685,1238.1047966554354,22.626022580842918,1.5130815179305759
4123,10.728102620180243,-0.44105719563601653,84.32438768479842,1.407920650391939,1.0245745874113217
4124,192.92929176998388,13.790168548277782,1634.4444303684077,30.157546300118312,2.5604812277877067
4125,329.1091508575128,22.371005451113327,2794.9340011230784,51.90175764685606,3.2578334778188136
4126,98.51141919371241,6.855421162370314,837.8099603819942,14.845776468091188,1.1162442569928328
4127,218.60233051607037,15.698175234367467,1859.248199256869,33.78187514044931,2.961597339433389
4128,200.11283959313462,12.271545717036538,1698.1421501791447,31.020762116949793,3.044839440112587
4129,245.86844503309192,16.48383295185725,2088.1001671096155,38.65568667121638,3.342650072044847
4130,282.06675187233986,18.904085357561407,2396.119198188419,43.18497862443785,3.5732396083119236
4131,58.67843511169298,5.700401054995824,509.54663523422647,9.868621382774815,0.0026772390560041437
4132,197.1533303554394,12.637048975719495,1669.669553297228,32.06105980884454,2.2870782940137544
4133,190.05814051242254,11.970322089870816,1611.1890746677295,28.961667640539805,2.9171935543490406
4134,33.77268700942066,1.5529609497699979,285.1217907612792,4.465390098069863,0.5679395025065936
4135,282.0912774589319,19.088048125302812,2388.9332868064844,43.89509413923639,3.392644905426723
4136,194.51712305739514,12.80307053192477,1652.2621753631624,31.123804749811402,1.7235323091122488
4137,187.2338152099822,12.581429987303602,1593.2853095814917,28.37485342492397,2.2243444441949545
4138,276.8341783173634,20.250067814410215,2358.409405048872,43.512490000124565,3.323641938475213
4139,329.19175122643145,22.637773771127176,2801.2591698000274,52.55435448300745,3.812760289184869
4140,165.44347706832406,12.310591330043469,1412.5890100714048,25.250952162684012,2.1793366060688966
4141,290.14529831275144,20.57852583258901,2463.04551673518,44.96195829859051,3.7542840786848815
4142,174.6775206998301,10.72861657817538,1474.4913390403026,27.30766145127324,2.2666313816132195
4143,110.57346511864503,8.839915313636626,947.3817038588681,16.58389942370374,2.0256014414132792
4144,49.29082263069807,5.454616461922768,430.19969392944563,7.160734765358585,0.2616587866157394
4145,303.1730644559223,21.207739656253235,2575.3781324985334,47.91651864706027,3.68016966101535
4146,-18.221584177184074,-1.804950509762517,-160.7994680829998,-4.441215786051095,0.6315713067809754
4147,112.58319355574721,7.07672713320712,955.1623087860847,18.584162413904433,1.4275792459682362
4148,129.73637797504023,6.514940212268163,1088.588978029019,20.14271033490083,1.841955419968615
4149,351.28103979304547,22.264598784959368,2979.024270005446,55.60063197602976,3.4272324774096203
4150,0.697001982538016,-0.2265721556055551,4.276971161294696,0.5546221977230212,0.19798007278015595
4151,57.440912618775926,4.049486984584839,493.01113770995903,8.918471738497194,0.7422952968720438
4152,264.9679576245827,18.196484496783206,2249.266024436623,41.38389660890678,3.5254093307672467
4153,291.64896013398703,19.352179525044097,2475.163284059222,46.10467693109466,3.4502786281632765
4154,170.39874439745688,12.568842153177496,1452.2726518408622,26.59657153721255,1.5444323632018158
4155,307.9633359375795,21.373964922132092,2615.4603173050846,49.01496306868504,2.7563473756865755
4156,192.38997826314454,12.969790012733647,1629.5089740617543,30.056609282945427,1.7052904330077743
4157,306.19039383977645,23.19763663825463,2614.653037312946,49.185184287315664,3.313704132751768
4158,131.05279953600123,7.569317130807322,1105.0658032803456,21.5564291519958,0.1310398457969688
4159,298.2226270631061,21.618447282827127,2533.773943607337,45.81137917925585,3.478460890810579
4160,311.0973308549837,20.6546949940317,2638.921091634122,49.25971827514344,3.6282222933756385
4161,276.9604191761607,20.79483639374751,2358.4108043702445,43.75162753487234,3.1548432942146536
4162,76.85019924209611,6.333828498666827,658.1386997513623,11.42396966651869,1.2702130087236538
4163,311.612831291078,21.54239259637926,2648.5446363746855,48.78427078790094,3.831456989735905
4164,311.2117807826043,21.731247755532284,2652.6045345749767,48.97176786396241,3.8168407524465695
4165,165.46498702682658,10.49786818682519,1404.8731886226603,26.174865511779167,1.9039297273960374
4166,38.23612033765424,4.054588225867535,330.52533211182146,5.455995576650188,1.0692882394869114
4167,44.10105590429826,3.1031482156946377,380.68431847093484,7.152249976408902,0.3172357884231305
4168,245.35265990638254,17.013890521498887,2083.9479700867832,37.88090021327097,2.755113779512496
4169,123.69013301134339,8.226271304210236,1043.027513148205,19.186611314299235,1.3275867741943541
4170,12.024195353672033,0.29999884349455197,99.60715819250333,2.437035328144856,0.25666698819729916
4171,122.99476963106588,8.38009528040822,1043.7173253441592,19.418544167452012,0.9420766991264862
4172,28.1641877465111,1.29555644538195,240.12635102839909,4.495852405035318,0.49481430155874273
4173,19.9609723591636,2.7143673953511627,173.81807113613243,3.5214064481040275,0.6250020606947344
4174,245.08889602575445,17.675585895140518,2085.921162988166,38.28850040330722,2.610273247164809
4175,311.71991649162703,19.56644975845748,2638.9740234192027,48.76562486010181,3.4769014784893297
4176,187.55642209206874,12.810475563910586,1591.9012627299135,30.05712702721699,1.6863998798405424
4177,211.81345519735615,10.836292269310633,1781.3485669691638,34.60668309837274,2.141415302460338
4178,115.08337123901465,8.429140166343522,981.2464712991161,17.38312668801122,2.022154294386897
4179,43.89866010014631,0.5014831567058706,362.17311938031673,6.332052774760687,0.14389866693990427
4180,97.7308819121471,5.352406155865271,824.8846655197907,15.62308535026046,0.599154638512899
4181,193.49545782320465,14.366034280732364,1653.0034968576092,29.695114032782953,2.1181343213010777
4182,-50.41574050742861,-2.9694633624044,-423.450068141859,-9.384159515961892,0.2175479204124482
4183,18.489550979831478,0.9755822823980376,149.9180400748084,2.3946531198861547,0.1554235847433425
4184,110.84334370253718,6.916544405304845,941.7509813774004,17.847555082165727,1.1411261943002118
4185,19.74719221363344,-0.10048286802042472,165.33154310717035,3.1891773203546245,0.09673732416080183
4186,284.99451009948683,21.838983095691095,2440.7981618511185,45.025616834488,3.245894397260686
4187,175.9231798607497,11.247947740882733,1495.167362019448,27.657801625116086,2.1040644994206326
4188,340.52165239243993,22.679739097222544,2891.4168900057643,53.520028877281064,3.7508531804562084
4189,181.2786306345001,10.886164544499502,1534.7627438763486,28.8003870348275,1.5985432171410094
4190,243.46888541454658,17.844067496429055,2073.0925175905963,37.48035129801407,3.2450559132890797
4191,55.02406632777543,2.893400239168578,463.30165956398974,8.96876204439447,1.66471583794777
4192,194.41234570980905,12.797743378499522,1650.4755587327722,30.39318214787312,2.9348076727829597
4193,33.17267854761264,2.9057847668697696,285.02179544711174,5.326017764448942,0.317482874934357
4194,110.80041412326686,6.357179676484655,935.3484262004807,16.82484210382884,1.0466610915884975
4195,251.20310531581188,16.548805718000985,2137.7650072566134,38.81521700308157,2.5300911786531577
4196,217.46297454905616,13.205532328334211,1843.0948552755824,33.181042726458045,2.4231082489315376
4197,219.14741273854332,13.083739240278152,1846.5444231630888,34.263478652598735,2.0171615859967367
4198,33.61109222343453,1.520725267644396,282.11136752679266,5.412610788832453,0.9955291065430267
4199,235.27734825569226,15.280909384489817,1999.5470655649535,37.10961937057282,2.158323136407199
4200,266.71138791535145,19.12484920629862,2266.424316364792,41.57236113410261,2.935413205295201
4201,65.83847172962956,4.7796202902533,559.6501724529876,9.845184671475197,0.11612232279568468
4202,224.2827608440049,13.24745657196462,1889.8903325800188,35.68631880019855,2.7352108067296546
4203,278.4092518455208,19.22014875985632,2365.7917549132103,43.705679071354695,3.166254890239623
4204,195.5698605769243,14.002436320341868,1667.4645521821337,31.181999443965587,1.8532552929284467
4205,88.5346835615272,6.236203804974857,752.8596102648297,13.525322450570016,1.6062506888517154
4206,273.11579905836084,17.36515606641267,2316.1106336019907,43.05426839457876,3.355978692108373
4207,-3.4190704289052394,1.0882260145805884,-24.849775897875162,-0.9851393431318565,0.5058560675127581
4208,288.4963415613745,18.13431830521513,2443.712847522142,45.594378007558845,2.4465614480652347
4209,45.55379536211854,1.1743349056564876,377.1093999879153,7.073285034507454,1.0428646917626017
4210,238.43845626379925,15.407037841543172,2022.7608313899696,37.48691156334596,2.9227538566431823
4211,130.6344772104899,10.588021219774461,1123.8904402865733,19.696255908417143,1.8796252878608444
4212,74.08224182671594,5.344334448267986,629.0734478618923,11.885011297300796,0.31337200978296753
4213,110.66204490872201,8.375591667286889,946.3376617339063,17.501288162675458,0.353872363486595
4214,200.11537098003438,14.496067942109198,1699.2619212342584,31.61384654696424,2.1464355961365733
4215,144.62901391154415,10.692685533194911,1231.2697909085082,21.841121654897744,2.3266616100320143
4216,143.84915150422614,8.448116563083799,1214.2878521063012,23.110162941871472,1.5068998327593883
4217,182.90609489136003,13.219424430399789,1560.8180736990905,27.893820172575,2.65895315765969
4218,78.42954663610344,5.787708008206129,671.4471986568863,12.64347561047816,1.1561869536267162
4219,191.32945710232224,13.90223036133209,1628.5236863772654,30.718835872151104,1.682910343135894
4220,303.4637733930672,20.830662050773988,2579.0352576253954,48.5624332405363,2.794247434265903
4221,221.75977492474436,15.414918728845876,1885.6109451475772,34.12665116236496,3.164139959644483
4222,246.71383446152228,16.8642283359695,2097.251558875869,37.66231954271125,3.148031401063008
4223,15.5493227202138,-1.3405363362076341,115.15475007730798,2.8800438561532413,0.30262973651156644
4224,26.565356440669817,2.0837292766556232,224.61784765782355,3.582773259516882,0.4542577961040397
4225,291.47650942307627,20.119779305729935,2470.3259236212616,45.72935150488155,3.526119078395299
4226,-26.037403964426225,-1.4816975245500408,-220.61448945582364,-4.4748787418971805,0.21399947667667796
4227,350.7313493542399,22.111953169215454,2972.5312093546363,54.592404803967575,3.668318880717224
4228,275.8927172933241,18.99062435773608,2348.160679901882,43.42199902788596,3.198646041382954
4229,317.29408631008977,22.996831993108756,2701.4017092295608,49.17950898046185,3.372412868194901
4230,213.29279000060598,12.989031068336189,1801.7739520867121,33.8992891862948,2.1831767269778255
4231,214.15371480353855,14.679923828577323,1816.7104994638637,32.579893199177626,3.3983537677420843
4232,139.5120089582248,8.636365150104165,1182.7817451148169,21.924467449410507,0.6771478500456443
4233,54.086182396453836,3.7504895244050918,460.67146792688806,7.837709628336722,1.7456399456666039
4234,136.4406210409008,8.808119236524757,1155.9793865151526,22.581062717436666,1.24654618924018
4235,72.43588662462429,6.842041454857023,624.423829081393,11.246034328195183,0.8623944765817813
4236,252.76684309015135,16.735983951998104,2149.3357032917875,39.07750790272265,2.6682152211609482
4237,118.50751252481307,5.300857909415031,987.2992964665951,19.861051795238218,0.7115908897903358
4238,275.4437192848253,19.61771741792782,2345.9180888548817,43.18639681545569,2.8647531078174495
4239,96.9620589007168,7.624147499423087,828.7455003356478,14.80226632115549,1.4624514865647877
4240,11.404065735452498,2.0431006694272287,104.35408301805589,1.7330250228524955,0.4616082419382379
4241,309.1375806479097,20.964442489617667,2623.3853535441535,48.41593010540416,3.464931191503013
4242,193.39506534908543,12.65847369666936,1644.6477486681308,28.66622213501142,2.1481345052585974
4243,149.75884029932158,12.044104969827071,1280.6161212869267,24.283377954607964,1.745150817145094
4244,258.3027658456759,16.033337274942028,2184.108617070149,40.90362044151676,2.058296413750255
4245,242.68407352380197,17.318929979446754,2056.565128465969,37.70117009300385,3.330869628711456
4246,223.2523527111175,14.222079530768667,1890.4318025443245,34.9139098173571,1.9499870415677099
4247,242.4629441331025,16.293723211706805,2059.041969837699,37.50422166921539,3.271749014260277
4248,255.75216283305673,17.4286769404743,2172.7702380136993,40.15197350337593,3.013178875697466
4249,45.29223854263573,1.7330460745514527,377.0806762378746,7.794688505779166,0.05245290861305962
4250,194.0013125763681,12.081790535850873,1640.8389207585747,30.01493400983139,2.8851823835028845
4251,292.7205497141718,19.61100329589073,2483.0213736150718,46.43922615255577,2.5901148816755755
4252,287.2434481242887,15.764375303492818,2419.480231140411,45.96731943226729,2.721798741664859
4253,146.72521803581748,8.19744356378244,1235.5070181437657,23.26675793028456,1.9869455673303436
4254,40.078180723446536,2.0109168416170995,343.247433792322,5.725843228680146,0.7415261858208311
4255,105.58334876586764,8.235424730389532,901.8261880272626,15.48719857681891,1.8591701020945433
4256,64.83172828583746,6.123724319538676,557.9775677516258,10.676958005540733,1.3213698300724106
4257,382.34500622904,25.01273394988649,3243.600569507792,59.85056196933941,3.954693580765469
4258,281.23962657402626,17.687594074794063,2380.051311499432,44.32461103764396,3.4084123948669287
4259,133.62282752003756,9.39663540659755,1139.9390477687896,20.239150405657615,1.4049412265609442
4260,98.93135289502192,5.9216917555151465,835.6081475432327,17.009985375495212,0.6404615103051441
4261,71.2455152836515,4.943094222090989,602.7061944518648,11.792376673083965,0.7649535451683307
4262,141.83507512105953,9.73166369366663,1205.8420803272552,21.800447697239765,2.842249319197528
4263,58.986017761931635,3.7529762409665297,507.09083212631754,10.014482859089084,0.6530724311687939
4264,88.36524477915748,4.42201624986261,743.1667732027594,13.735692850726263,0.6308464819770543
4265,252.4203602962077,17.708681952472404,2147.779251829206,39.1798209932529,3.778287311691431
4266,250.57128645419243,17.305207257655447,2131.644841513943,39.37577692436138,2.306766403405033
4267,214.84196714871229,13.650483506438672,1821.9235337677444,33.1372571441061,2.495322448727158
4268,224.23693698056132,14.322128422922598,1905.1692438756409,35.90421900994986,2.50980348545552
4269,53.52226895539408,3.5267018254360187,451.43389536606173,8.230395391332602,0.6047861901476881
4270,179.21631972430276,11.864144104453787,1531.5838908894254,28.388788222885776,2.311240805181727
4271,-36.14754423258489,-1.7562092640981155,-308.0904224030634,-5.909791179711904,0.5713224050279706
4272,110.99784752486354,6.636602286960921,939.1269310432045,17.799092567721388,0.916245962847519
4273,130.83705477939156,7.515882215980397,1104.148134561962,21.14678249012781,1.325105516754577
4274,190.67708239839,12.041197152677718,1617.0924420024085,29.43502609236599,2.3073612219006034
4275,70.29640299566823,5.779080358043059,596.0626665235475,11.904752934361502,0.36362131207961124
4276,107.01764851790902,6.581056678136987,905.8736382125093,17.03587598334592,1.2037398225883087
4277,24.960434024299357,2.439193597747659,216.37721957544758,4.0462698680904134,0.9750621209232593
4278,135.81640133525784,9.812518603444047,1156.2647310986847,21.852382523932743,2.000272494111874
4279,350.26236727867234,23.453859708554177,2970.6460745612267,55.32908788636419,3.5903659949074127
4280,333.45066482617545,23.166224298650118,2831.02880172107,52.10527889251694,3.7705889914222004
4281,287.39798760227717,20.57944980213739,2448.2843191544816,43.728189487176024,3.723091091021228
4282,298.28086482510776,19.21563758288444,2523.882837187448,46.83329334940321,3.17172094872834
4283,292.24684615006095,19.443467027776865,2481.8734578117133,45.67222571161393,3.1706493995472598
4284,292.93954414293273,19.96286705178236,2489.7237094631646,46.801376176157085,3.16861582760325
4285,207.85509439647208,13.99841599863542,1765.4108774062686,32.77116797419308,1.7010771731077345
4286,190.50351510369975,13.40377655158312,1619.3123629670142,30.0903488789268,2.199601662820342
4287,322.7760197046554,21.49020816870563,2741.2658536801528,51.507754111359006,3.4184665378627037
4288,144.7237073498202,9.224677278608429,1233.5756934508047,22.281889925364737,2.2187326129881586
4289,173.7309493143543,11.378365674346073,1471.186199980095,26.8612324571194,1.4810576558464348
4290,63.47751634473248,6.377901241428495,544.7007041288915,9.634736750712152,0.5765219683426053
4291,274.674569990388,19.644235661121918,2337.8326179052297,43.02835076617257,3.6614997942530634
4292,226.3140172987663,15.126238998080503,1923.4322435579625,35.25788899691128,2.9289101647981863
4293,16.08007162295117,1.8407582840612373,142.00653539299418,2.009299430053957,0.7428676776551439
4294,67.58957540195635,5.6795184389760385,580.2315796189114,11.683979671342188,0.3656422241068875
4295,82.33974358221347,5.184258239094729,696.5121628455869,12.922321708621034,0.7783056894009301
4296,87.46964531698677,7.462656774214331,753.3728667555632,13.393852395364657,2.0674984899177815
4297,198.10767097318558,12.570356172391083,1680.572375478981,30.462084111548194,1.7732711858746013
4298,195.193785991097,11.39474902465452,1648.871935434796,29.39021121630426,2.5209846090467614
4299,4.995497278663945,0.09789561855866641,37.23577151400528,0.7303723864939295,0.10755329460298935
4300,246.79167168219843,17.34369173430352,2100.188215645349,38.234965222487205,2.853132945629495
4301,313.7145501927026,18.556934921063657,2652.118752215576,48.98591964713493,3.705632255911688
4302,253.6852800794114,16.03286830668301,2152.2967990017146,40.778023807416076,2.7998565069617762
4303,282.3046524311945,21.10612450827331,2400.0522246994447,43.92440479073622,3.689934920657446
4304,67.45450724970411,6.331169593256325,576.3874583779549,9.873892581931846,0.7513927738986941
4305,254.0676533879361,16.292760009028207,2153.700926145224,40.00509956951045,2.7233823140806432
4306,230.31184145758004,14.625695588261928,1954.0677932982007,35.571360923954295,2.9549227656391466
4307,156.49525718671097,11.097429823157356,1331.417029184288,23.72609990741916,2.483470110923486
4308,232.00076362776744,13.516391913299323,1957.2252010139684,36.29790286524543,3.4874894996660077
4309,270.8132912170811,16.876992078884896,2288.7746444233567,42.71364406993122,2.648313181972713
4310,198.32533193914728,15.648187275826045,1697.0360204868723,30.18017750258199,2.8372075305404523
4311,238.84766460694698,12.731568568917282,2012.85997621127,37.812461752418955,2.013405042016737
4312,247.6194401487491,17.668375646217488,2108.774724271375,39.14061241017255,2.55286092499832
4313,237.11333040121244,15.312062608511791,2009.9107521544067,35.62804879272626,3.142752773070819
4314,51.33197785564359,4.4671230812369105,444.2180613507655,8.367184156215627,0.19949329222696122
4315,77.65042220021257,4.397454661362715,657.4963433301389,12.295362817938768,0.12133940295531875
4316,281.80020331235113,20.18921360029047,2398.575739835268,43.18959989214338,3.7193753794054065
4317,-10.6150872869189,0.3477923725447942,-85.92063680473309,-1.6546769867849416,0.4461460179539145
4318,241.6268114342897,14.868830869051227,2043.0093685184308,38.0816580514336,2.4514961765874927
4319,338.34259211534425,19.84459422815683,2859.4578869815646,53.65508361308019,3.423470055929816
4320,55.67683673915712,5.362766532115517,477.68209297674605,8.393263424473762,1.057858926307126
4321,119.95520878394377,9.107663447521183,1019.778793191623,18.314060002093623,2.559204133524571
4322,261.04323568482664,15.781393000987503,2204.409235028817,41.06130318825628,2.3502738517655324
4323,48.61941644818404,2.877703458023449,409.95947884924493,7.549973401633005,0.40276433008371315
4324,177.9215082521039,12.405735860122723,1514.374354917956,28.25239203887778,1.5748368340917205
4325,129.10571286210322,8.842995857515232,1098.48928987124,18.828774002240642,1.7139496408000476
4326,48.28002071142312,5.926214820378718,424.77466080939234,7.505842152398147,0.9953923250318235
4327,342.92288433776383,22.58542622708967,2904.8152473878936,54.642545507633386,3.3050303804645575
4328,196.96771321136126,11.835530546188068,1667.7495750768364,30.582337162269923,2.3547497891483014
4329,4.712834662759116,0.1826964554419172,40.64021932538192,0.06511430598235735,0.0780032569066984
4330,199.89808158042723,13.294886381690059,1695.994479184748,30.945107103865045,2.3913348786146913
4331,112.73470104319674,9.886239371634272,971.7522413442575,17.494221707187776,1.3318918256390053
4332,69.815163876335,2.8619884606538912,582.0975954666276,11.20278652449522,0.7258503406616321
4333,88.23126820190461,7.106406384328263,754.3855812967137,13.577447328745114,1.4275474683875244
4334,165.2813251416601,13.346616062733574,1414.2599908052637,25.12031736568425,1.4818915000608328
4335,99.78417198372547,7.85599637827362,852.3540656216039,15.219600989747377,1.056277751558421
4336,257.28922383000497,17.204390769696236,2185.455155926286,40.71656539966529,3.6420228846914884
4337,373.19961229066354,26.19892903358114,3174.1845144495674,59.364060297037014,3.905037758545307
4338,119.8889738794031,6.975654803163713,1012.2518609936504,18.445198571227916,1.3145640237687628
4339,148.58317373377105,10.637465792997,1263.1512502648154,23.691770140668616,1.517720548659847
4340,237.88624060747853,15.138790626285296,2009.503138506393,37.496408525184876,2.896219010027385
4341,203.49081972999326,10.081970085736632,1704.943863368615,32.682406418086174,0.9909370454041992
4342,14.891741396707474,2.037667283678998,135.9573166531812,1.0775585973961892,0.9245549414036445
4343,91.5718058690402,6.265423261339033,783.5991852811337,13.845667657886693,1.5494712637774124
4344,182.15277811429723,14.320701700784912,1560.5273274031515,29.558610692055666,2.47613627797804
4345,312.37154846810637,20.782919367131896,2649.648661079819,48.363840511345074,3.6991771712680053
4346,311.6918119747175,22.357745079000953,2659.108367303837,48.34295519108713,3.931916389865661
4347,112.12982582294082,7.012586446259071,950.3285622687497,18.827780140511823,0.8842747531250454
4348,292.95273754034895,18.50650370868494,2472.7437576974335,47.23550017971542,2.7699904304830354
4349,111.96589906448716,7.5448461462614524,952.4648181267063,18.2961906619592,0.6927590363328826
4350,93.96601778185372,7.442163934409581,799.6632514668811,13.949660386220533,1.6421290000710833
4351,168.6621249409279,11.6594081360398,1429.4189205573819,25.335207042806395,2.6454973094337175
4352,178.51059525001892,11.82470321853489,1514.7834546288266,27.396601525345776,1.8811867834546585
4353,24.850097814951923,1.427379920473685,205.5571413150603,3.3151051160196285,0.6284335078704841
4354,66.84939992276527,3.1452867286350954,562.0553561328705,10.337092206024032,0.9634818604208082
4355,127.2550630541,10.44922236167209,1086.1348293651513,19.66780867842916,2.2417864385467525
4356,227.04646930911167,15.534541286787524,1930.3038339819145,34.87467994201616,2.9839338539573945
4357,98.70457397230476,5.766091727277802,835.7745981018588,15.596674948581917,1.344865414660303
4358,187.72087147063027,11.65923521982756,1587.5103631387558,29.2853160112719,2.1060832748194103
4359,328.82053944044003,22.7802916736209,2796.2645286302213,50.211909817514666,3.6007816157586285
4360,15.963332153405377,2.560819526473015,143.31063471479436,2.664346236460755,0.7996880408362346
4361,157.51700629323437,10.805911886280041,1340.310372263554,25.955354493319557,1.291608831435505
4362,128.37672292480545,10.287772429920292,1098.9710782545937,19.110939700107757,1.7632356053910199
4363,82.2307253060305,4.877573600670293,690.9119696580891,12.812420560923258,0.8566432951950778
4364,67.7943699108401,5.5159989523679975,584.985136765675,10.472202328867121,0.5226124267019574
4365,230.58019195250893,14.978474158737356,1955.423794262348,36.50282008278733,3.153005216810174
4366,250.80850288286643,16.839553454029645,2122.640569635898,39.14215046730822,2.368611033923107
4367,110.70351029507488,10.207154736422735,955.7846364158427,16.74199856384221,1.266496592091264
4368,134.7072006988224,10.965825739836555,1160.029001686334,21.336064029123925,1.7340509886570636
4369,157.10879404728476,8.728758961271392,1325.5024148437053,24.031159916128345,1.41697572994486
4370,333.4587734106073,21.541586849711347,2825.1909243474543,53.00647500659893,3.8925478907309383
4371,-23.474686555357962,0.3826170310833996,-183.96858114152954,-5.110515295530748,0.8295053294802286
4372,108.15674704965897,6.768386044090988,917.0329004692378,16.4046755040418,1.1134514286750945
4373,269.02593591573384,20.377600033745637,2296.7082156796723,42.83260551498764,2.7772928714961713
4374,304.5655949092334,18.588958584163283,2580.368530449829,47.502589978859326,3.2338280988768973
4375,330.7128522223039,20.76751197476789,2803.3852435269496,52.458907014785765,3.50353431524113
4376,268.1111793159101,19.299349839679813,2286.1421628486623,42.249020080120694,3.079348295292526
4377,329.569172269264,21.27570658152179,2792.6716924300213,51.69698421671627,3.905800252200078
4378,214.94384988999906,14.485221839205884,1826.4247358582736,33.7467193114948,1.823256703842954
4379,152.38078224728466,12.071686229119344,1301.8295203952578,23.851435639023073,1.78428760378047
4380,174.34704514899,10.817372821621836,1477.4645485039935,26.86162347992208,2.8094578097324847
4381,246.4094888281822,14.950710299166825,2078.092097748744,39.089981211888286,2.9920369395767668
4382,105.60985903833517,6.080190065645326,894.3425285091955,16.69272701982427,1.0808967134813479
4383,373.0561951754297,24.104785757137872,3160.1956906307237,58.71117941924203,3.6554425342015286
4384,112.4513355904413,5.980431509619525,944.1629990132102,17.83640043130832,0.8072660113214525
4385,153.35893476352567,12.098764694865888,1311.5787267762867,24.006318082238586,2.1849341871755046
4386,184.24283776749172,12.613482386980598,1571.4885853571413,29.176983459920354,1.3016990345739745
4387,279.38489202123213,17.049435243396974,2367.022588225902,43.58237198258179,3.3247869378260395
4388,51.068993256642784,0.9742321900266514,421.9202110816045,8.802573888866887,0.1782575329906968
4389,229.57470199844772,15.498006540134412,1946.7522677965758,35.38792372559868,3.2997166076327247
4390,262.40783140637916,17.520526378334683,2229.686618368274,42.14400105208594,2.4797508925683176
4391,345.3823496576536,24.823274625720497,2939.5371052831974,54.88466160499323,3.3528283139881396
4392,57.05013523045114,0.9800566996446718,470.69988991059165,8.748173499282544,0.6563267236636556
4393,120.75848370559585,8.78298280055158,1026.0757489278035,19.685712815417343,0.37270625885955244
4394,309.28001831815743,20.567683847953045,2625.7682103033144,49.22037395038318,3.5070587847218984
4395,29.44291301387193,-0.44958387621233875,237.62015172133474,4.544116076370775,0.6807970817414017
4396,224.06018852646105,15.3715304911181,1900.4882276794933,35.44118830755483,3.078732704021175
4397,264.10096170150007,18.810590457268457,2248.62058337749,40.839786447787574,3.443817457828989
4398,258.24898483727793,17.77517044915269,2198.265520585441,40.04807274622832,3.1965371412925503
4399,230.02647845183668,13.611534823694397,1946.0012453079619,36.386792023171814,1.7208628316074792
4400,197.53519150141994,13.607756373964136,1678.2134642172539,30.42401547926883,2.8701426040097027
4401,252.6919435530398,15.080087659221054,2134.9093904367996,40.20198261311572,3.33439614201899
4402,38.70402671383004,2.07030909955221,329.12427916998325,6.06482798913995,0.2512820853839064
4403,2.4759141583427957,0.8487511020185484,27.538668416668017,0.16642867255477256,0.0881953957288566
4404,-12.655406332445375,-1.5609866605464195,-113.4176559062852,-2.0510176093855215,0.002639282174474289
4405,172.22151517467358,11.79314190768498,1462.8038018338514,27.464558977928085,2.4409528842587767
4406,201.5215116628853,11.423945008858011,1698.8354183353563,32.30459216835227,1.435387681539872
4407,130.40812290184894,7.0239151766528956,1093.8756715544998,20.45952655260552,1.4849539791683153
4408,66.48795512706823,5.5625213021987445,567.5956632012739,10.785911892392019,0.5576443978408792
4409,228.64724366724482,14.11216622940881,1937.5240720280972,35.47799978634894,2.7508207096774377
4410,202.25917398530575,14.672292887415711,1726.4157507873413,31.866272164994626,2.9595431318004843
4411,240.14374036203304,15.762653503341605,2037.550910841607,36.617470554146855,3.252952212846539
4412,272.22351581264047,19.57014758114287,2323.218277592979,41.802888757991944,3.329947322529391
4413,91.96684512622372,8.570894197828975,793.262225246637,13.970374247708715,0.8246464475612618
4414,98.85400240752473,6.432369213224057,834.8104557072683,14.684448942978413,1.61607621958502
4415,-1.593093820828946,0.11446201213516305,-16.84206568108031,-0.5202154293707737,0.18611606168920947
4416,240.8907025490896,18.109424426866433,2059.3506575056435,38.68248249567418,3.072560374790927
4417,345.4225010869446,22.840845847610602,2931.2585733280634,54.316963627702975,3.0584266610258912
4418,114.81523515447796,6.617477074425974,965.9589374493459,17.667914915122118,1.501829526757064
4419,126.04098355206875,7.576560629931025,1064.1965048910827,19.90815664708102,1.800813834977939
4420,-16.75381385427731,-1.0633138295871527,-144.42808934841,-2.3344853145489597,0.39989807633935204
4421,92.07121620513192,7.702474853108058,792.4668032526193,15.29478471721195,0.9684027254128882
4422,254.4110649536516,17.469695823400354,2161.1858267754,40.370363666378516,3.309864593621508
4423,10.167103295247161,-1.7641783515831433,73.53310577670078,0.05000405585660861,0.3863575743174068
4424,115.6997972907931,8.045122381073508,984.3455196710528,17.9148915387813,1.4397549206565818
4425,200.79632304170147,12.989104246459469,1705.2055521517923,30.750426735990235,3.142686566687423
4426,54.80168504371968,4.3110504162374585,471.2384756878392,8.924174205409514,0.9895884335348479
4427,-32.37390391905607,-2.157605291844912,-275.33896414764433,-5.687569472129155,1.0957350795766403
4428,281.019398955705,17.937201220788385,2380.4864665954356,44.036842251311484,3.8430142560089804
4429,429.88985042976316,28.02641983358872,3648.4500342373,68.40249619369672,3.7251971342020727
4430,242.07221975984248,15.715575292520398,2054.94605456033,37.09149293607207,3.2300164425485356
4431,138.55752054935746,9.960919641224343,1180.1972879008424,21.905476594451574,1.5058259826328455
4432,188.03296313349014,13.396499645762196,1600.14148183306,29.43869745689071,2.82912353998645
4433,36.295018878922114,2.5672081996272516,310.85638261843576,5.611926340333085,0.4958749173571948
4434,11.231175665907802,0.37947057784683547,93.51148377099638,1.3004880979266282,0.35748500646235026
4435,356.90437980028116,24.244513378826916,3035.162667152531,56.58406212933827,3.8145444328168447
4436,99.82492248194829,5.178682058375895,834.4024554285988,15.696930800913158,0.46033533872092036
4437,105.05360593557376,8.637384576386602,902.2452845146279,16.237349492460076,1.0604276406609459
4438,152.36137672710078,9.991475948286606,1291.801928722807,23.419654374483773,1.8068812134619807
4439,28.77399145273212,2.707273362479667,245.7608862875548,4.127054153251473,0.85962334668698
4440,325.79709259661655,21.891969863631886,2769.0224932543033,51.95694840457601,3.005911387638217
4441,71.186530232884,2.73420916275539,595.5704810467275,11.525871926874668,0.7332328046642198
4442,32.98955531342275,2.828626078503748,277.99765895342625,5.217578027993972,0.7391124133726161
4443,277.4537457949588,17.963294103737688,2350.8576013207216,43.228981844844704,3.6798008322042017
4444,202.3891688196342,12.616960142167196,1710.2651808512317,31.545895474836477,2.181477489733933
4445,229.32476165849442,15.276206899488487,1945.7136494923523,35.52226192472701,2.9204014560862843
4446,137.86816898123513,9.900981694266939,1178.0231898384145,21.169393694750557,1.8691350235720687
4447,154.377048770803,9.604351412901948,1309.9520207827964,24.26424979934661,1.937376799769483
4448,65.68002713461804,3.5769572845068556,550.1580439659243,11.652421933225947,0.37159576300031727
4449,255.49901974829442,16.741489779430744,2167.5222941349434,39.66168587977519,3.4937912903337827
4450,202.6089677410454,15.172431904081929,1724.8348835961008,32.196877356027095,2.864417464797968
4451,283.7069119683943,20.194310359364504,2412.043424071122,44.43285676208769,3.4722668311391596
4452,100.32196303378122,4.392299946914761,840.759008492696,15.57952314681854,1.364197228821344
4453,8.093410221738278,2.4326918053767024,76.24151328598421,1.0302644046375624,0.7411644025496402
4454,305.4668623891706,19.589217834867778,2594.2432671616875,47.181550392379904,3.861721631184564
4455,184.94861104379194,10.061964067918437,1557.985669541259,29.82454221609388,1.6314488796894802
4456,274.04147911285355,16.811942746892736,2313.035403819293,43.09682037180382,2.817328427993133
4457,186.9221215263682,12.455242948978736,1580.452881840371,29.53434360869493,2.069154682218522
4458,227.9584555350693,15.577879171823723,1939.218729730007,35.92062220801579,2.2829652809283982
4459,260.0904989815437,16.383596357996254,2198.496171658208,40.56826543087271,2.2203080396287005
4460,116.35700548967634,7.604789564026822,989.88645428594,18.511095273792968,0.8926612473843107
4461,254.0977929355226,17.30937057528655,2156.8554849438347,40.585827419980056,2.3983807581931784
4462,247.35260834801292,17.60976601171802,2111.440480540456,38.700024203608876,3.735298593804796
4463,247.8124566411158,16.61873712915743,2101.5206010264046,38.713601376542364,2.7884895655809703
4464,60.76167810355079,4.5877912505047895,520.4734159004523,9.10568625676478,0.564080409962763
4465,248.84453227062846,18.72988936157972,2124.562130170505,39.049052396035094,3.280148469921068
4466,305.41836125372214,20.396762590876133,2588.803557131073,48.32548165332506,2.982115770259646
4467,327.0448622937707,20.125691247265674,2772.4213314065405,52.656378787396335,2.9420830026700355
4468,-25.46267001087144,-0.7823489802536241,-211.79379017832443,-3.688124661544038,0.19441112739342392
4469,-18.593711279741488,-0.02783810851324514,-148.2958439477459,-2.9755560212091474,0.05138460302652348
4470,274.1404908407004,16.74253315300981,2322.059008963695,43.35972693286538,2.543265217058212
4471,88.33851415818428,7.716496799297461,767.2461622458977,13.391851617839848,1.998828359838194
4472,365.56184265288897,22.599256249584258,3095.0466266229155,57.167384459259125,3.8373519787569186
4473,293.1976031992043,18.80692288500734,2484.4598746197375,46.49489269887117,3.057016775929706
4474,118.35964032190746,7.0965886245944905,1002.0806814191308,19.0400076206463,1.1537240402877122
4475,297.0693266597203,22.122562425335758,2533.5527903459006,46.185503767042725,2.86711391860848
4476,311.66900155515077,19.850416408683408,2639.7338867031185,48.831882125901416,3.48363845971052
4477,175.70932662832317,13.0710972956584,1493.3217385609444,27.82081697256994,2.958124623046831
4478,172.72424742663168,13.821823050310021,1471.387041254821,27.440109379702008,2.2898609743702036
4479,180.4074942592672,13.04713360205276,1538.697359683457,28.293791104754817,2.595065226771315
4480,117.82220004066448,6.949801892440505,991.0004770033585,17.73734249499164,2.1427304396473645
4481,275.34442284981856,16.815417163112325,2333.121897774319,43.70576050977773,3.1793723727821126
4482,236.95172841319527,15.656982577629565,2005.4658466174185,36.79852875549156,3.262275753092834
4483,255.4680206212121,18.429424021622395,2173.258070910295,39.69297567115418,3.3375096625672813
4484,211.20255448243188,12.971469616399691,1788.584255111186,32.81848777402594,2.9184331578997558
4485,228.89392784557984,12.2062988028782,1924.1488298032366,35.59352013369279,3.0931312335876524
4486,74.59528817375242,3.2684150685737703,625.7027273683875,12.048337197964525,0.6271828601949103
4487,47.40136038165017,3.571900710949045,403.22482686620515,8.834650168011855,0.4160063686646507
4488,272.2507187186269,17.5228298890082,2304.760216043224,42.014037042031205,3.0108927222210093
4489,178.0681972253009,12.320068828820558,1517.976004238399,28.134203396894282,2.2325114700642827
4490,105.35367092810601,6.8496110383217115,895.931680567254,16.422091554970244,0.9510698796860262
4491,108.0093144707826,8.563931007511147,920.7751907604121,16.470314240433886,1.8175725512761267
4492,20.607733914972545,0.14089797432292928,162.95839150573886,2.7722673022382676,0.5775169561648537
4493,119.68364909827474,7.726131234690163,1009.2425180520449,18.895644714572214,0.5145195843563624
4494,334.15474626313596,20.488152248703617,2826.1103800040723,51.99194727721653,3.7259040399977352
4495,238.5291229168189,14.044482606747618,2017.8551419562505,37.283549585327414,2.5137819088333804
4496,111.9289519172578,8.093485270615979,958.981789830598,18.257709388148673,0.9602943497696232
4497,334.6299219639616,21.261827073429433,2835.8612903019966,52.671474536033706,3.591753674411716
4498,136.46903643108124,8.609705891178448,1155.8193503698526,21.606414113795267,2.4408002915746474
4499,212.99530055903892,11.529636075537873,1795.3581427285644,32.7308078152508,2.967667198331097
4500,255.06066113306926,15.560476876125401,2165.144226195805,39.67780383669757,2.7994788807102498
4501,26.623466272445082,1.0459938983670876,222.27846571962337,3.8185750460724424,0.3795159279336424
4502,311.37658495183604,20.027262759659557,2640.7319428743954,48.92584075698417,3.9200744497875486
4503,322.70481027601824,21.8608520642032,2741.4769862356743,50.331527326554095,3.816680314647473
4504,88.80551098289855,8.132360100240167,763.6597496103036,14.03866546311666,2.1270163899322414
4505,93.71254194143809,7.827104617110956,804.7628981719471,13.997566167072936,1.6220829323754211
4506,382.4989331310039,24.819758441642822,3245.3090944449227,59.87570971678648,3.8509877068330214
4507,197.2985042346172,12.521042109401392,1673.1115721740664,31.513676145935086,1.647144253654119
4508,234.97526438282094,14.51849336792538,1988.8986788090506,35.86851077562635,3.4372704471650537
4509,0.3992245008082445,0.834611935968181,7.983520302805514,-0.25456924859626073,0.29368453056061483
4510,-4.5626350802967615,-0.9487050018827377,-38.73950322236381,-0.36610077271698804,0.04732071438190477
4511,32.17634008499194,3.1961619752863735,276.94947678077943,5.483035682038014,0.6373668779494586
4512,203.42921372262518,14.16951668677285,1729.7858526784712,31.186168544172475,2.37799032956159
4513,239.54206793463425,15.283121002830246,2026.4024490425315,37.82149611634308,2.7371305727890993
4514,378.6379479044287,23.28815326975272,3204.575363792322,59.22815101732449,3.9729838817560874
4515,155.9596875295456,9.860903831585391,1319.5013500192997,24.2695208222491,1.3671220713975978
4516,209.96499740717795,13.465846760637605,1776.1873684581344,33.157005080926396,2.270022714094669
4517,-29.417166814338927,-1.767764895655199,-248.7279859861872,-5.093853835353826,0.585225054454555
4518,111.13299806950896,6.954952746939585,943.2880676672672,16.92669436549543,1.957528718354903
4519,272.05020781821383,20.678643116596398,2323.3968959572203,43.00900554762417,3.1153409284661095
4520,295.3556284999998,20.334485268218337,2509.7640285127904,45.86148790973219,3.263367465358873
4521,110.26862960892583,6.606723372262809,929.0498832479805,16.935799301907164,0.902165004672272
4522,36.26524955191319,3.3020336174497493,315.2543622162173,4.6115902186098285,0.981414770934375
4523,262.76050881825876,15.559897213611226,2219.9486800496197,41.12105689847505,3.6079542911230305
4524,216.40660768402776,13.979158554265004,1833.6239763861024,33.9858546562572,2.2506892095439275
4525,-7.939181290887867,0.8517467872891641,-60.70464627973713,-2.1901965230633698,0.33196817683977375
4526,145.16187621515155,11.066804220557826,1236.303046853538,22.286142472505503,2.6855191430539085
4527,213.62580330397003,15.006320456204048,1817.1394081489968,34.241714568292636,2.71962624132306
4528,40.624903504953366,3.094373275438408,341.36698596212636,6.192350041791709,0.2544119559057014
4529,259.44255459288274,17.59228236423005,2203.247315129895,40.40094671473744,3.687164519920806
4530,190.6348687121985,13.210847647103796,1623.7784614770474,29.137177262010987,2.58181940584909
4531,165.41511317553656,10.51107484709799,1404.1581870900775,26.522912923521737,1.904043400447783
4532,60.11900741761356,6.903137989057216,518.1988489472678,9.799053861347247,0.34580492240686667
4533,113.05367177666042,7.488481640218158,958.4281995172778,17.53175118648437,1.6428432740615317
4534,175.79371359290545,11.434353662474779,1492.732705069033,28.862356267981436,0.33684686459891466
4535,112.51762066137576,6.13311545231636,948.6490087430058,18.618965754292923,0.9889773246147477
4536,69.45987734139403,4.64008898097842,588.7075633742785,11.66617591548595,0.30967098076985655
4537,181.62304307174074,10.733401891891155,1536.052879234874,29.80438525871783,1.332265104227809
4538,233.05396469124832,15.714927875585843,1977.4700334203294,36.782304733697956,2.4932024825202754
4539,119.58534945230028,11.04131995486333,1024.3716096193866,18.942876212869542,1.7782055494749298
4540,103.2651298589704,7.468114743696382,877.1912550432276,15.873926169124392,1.988775749943132
4541,12.603733548462657,0.1385439622896465,107.72264522299987,1.5235765568917272,0.7685724885648368
4542,29.63156986559769,1.2431660596502265,244.8171228353559,3.9693737023228595,0.4506631718553633
4543,52.65474547876323,4.863665642470349,454.30943626691345,8.172213807735769,1.6636461626377077
4544,398.3194950374667,26.62619703811801,3382.1915540350433,62.98755741436688,3.9415901966514704
4545,304.83944427056997,18.627546953703703,2574.2950113606844,49.6337812136219,2.9191601973892816
4546,240.9571733549859,15.351444409073752,2042.0936178527002,38.5117498515185,1.9661516410703057
4547,159.08200969906466,11.113946089082475,1352.6022549518098,24.547230613953,2.3782442000649615
4548,328.1024918499326,21.347894797530156,2785.874468019022,51.43841006742505,3.693114141873346
4549,132.21679995172929,10.125422882222122,1131.6452006180912,19.483587815045524,2.301901368442873
4550,127.20615684216517,9.141060927193077,1083.4959481560834,19.37440120215008,2.4590936476002683
4551,209.3822195251539,12.976494995910379,1770.17715592642,33.479000079439885,1.774733576344857
4552,239.85541442836043,16.221321455991585,2036.892786634342,37.985945239457585,2.181512450402329
4553,92.21726067646054,5.19532120183038,776.0688110588382,13.546158725315575,1.313485683361168
4554,244.4124010811832,14.863191308363819,2063.939805191872,36.98485650907736,2.8332494344504062
4555,196.80663786612675,16.114471218819503,1683.6040922760212,30.836836058445968,1.7044049407510249
4556,142.67519024208585,10.637320476101,1220.2942397119946,21.13862304204254,2.268023573478653
4557,144.9824609328319,9.381527416269634,1232.0361868977332,23.38081118156359,1.2524599000886427
4558,243.91844794485985,16.103479668140515,2064.9315144200928,37.55708438867182,3.4098840977195994
4559,240.86747790406886,13.735417246013412,2028.1816396736683,38.137729044556174,1.7869524083844706
4560,87.04755863389231,7.467544673803879,743.8039814545457,12.816137002978895,1.7971608789762739
4561,177.72006817366568,11.991384199146623,1505.6902702102213,27.473300831871526,3.058425900638965
4562,46.70100278452493,3.0597788044730194,394.97546536337063,6.167338931576412,0.33096404346254316
4563,195.3149879570769,13.352847041757691,1661.712666414662,29.203514413525383,1.9686421434168264
4564,173.91065601494216,11.05530100458181,1476.8876887834574,26.900315750877226,2.5821884620698863
4565,172.52541746564674,12.675124619857261,1470.6055516872818,27.723446287081327,2.569053788501076
4566,117.24653463282658,8.91091814553167,996.8396985563068,18.303669777203847,2.0480197687524297
4567,121.08215912515269,7.031096336121498,1019.808457583281,18.59305672109126,1.2815218058914697
4568,171.8272367742519,9.798501604714675,1448.0416135929552,26.5119382404433,2.4980071153338637
4569,138.4368712277486,8.942225320597535,1178.1252893690078,20.4480639730576,3.0470221392888437
4570,137.08447645809278,9.931300986286772,1166.1777738633004,21.809094117318274,2.237315383519349
4571,328.88904888219594,21.80241555361381,2790.2119199476533,52.27283233114973,3.2536380052331197
4572,297.5089859782356,20.58260447954581,2531.771939849201,45.716173749298385,3.698423927554676
4573,79.65647465783226,4.814659187139531,674.4280504561784,12.237865125176478,0.9734308563014813
4574,164.5000797301278,10.167730035315808,1386.8679455522615,26.23187676363933,1.9408470326061176
4575,298.1064528770272,20.117852723250998,2532.793697320456,47.38048536281423,3.376789339774664
4576,240.25986354930262,15.670085711848127,2036.1145432389746,37.56818589941401,3.5018544357611088
4577,402.6752729697375,28.24003001934311,3422.536295118956,63.44032041902931,3.5540919136967246
4578,193.95590235530625,10.913193825867552,1632.8237463509956,30.675357133989387,2.6502688797164193
4579,36.798733571524124,1.336033695618535,309.3865054208942,5.726148376937401,0.08890317351985955
4580,75.9975374995264,5.577990175392188,653.5706472297103,11.110747095739383,1.3894138237657687
4581,-20.954847512540596,-2.8320980182055155,-189.34635842351898,-3.397874834740278,0.46008835794951874
4582,145.85824741095416,8.261696711012378,1228.7724133719207,23.014450963611843,1.27149624540546
4583,302.5828300820954,21.1007080220889,2570.096242504653,47.169895552462094,3.151525214733701
4584,294.3265747447525,18.18060602209853,2492.8115410982605,46.34956036038156,1.6222545567417717
4585,158.94445324455222,8.49054405191881,1338.8253179750877,25.079796912509646,1.6033015312340457
4586,278.9613798246821,18.523845246069943,2363.0002749594482,43.359421629247095,3.785952756603065
4587,230.4514798525578,13.16340571998727,1947.9177121878765,35.54643123690366,2.3628979068545033
4588,138.0403760157325,9.714422850687189,1175.3098365019039,21.750625668070597,0.7801335064009249
4589,-10.856454951590722,-0.6469584113324534,-88.14752461099162,-2.281751880878089,0.3588246534359336
4590,282.77435596546593,18.711718637145456,2396.9549868137674,44.63243048663245,3.1590064480274314
4591,200.67598381172184,16.29998368203767,1719.21894990762,31.117904249217652,2.4852163161211562
4592,8.468812849159653,0.05572898478751043,69.6927107954206,1.3660719593585688,0.7619893852288504
4593,84.82359521664519,7.502593308798371,735.7274035934848,12.76840574571154,1.655408769792038
4594,286.69267979387763,19.360872884322195,2434.3397634422827,44.58275881904519,3.3122145960909157
4595,12.815097269503639,1.9159392491208425,113.2836980133488,2.0294680208817946,0.0397799388654958
4596,241.2064882310044,14.802367679357937,2035.772457043391,37.391598516256856,2.8936874893609534
4597,49.418129960564386,4.7477775361891865,424.3094500708257,7.823609211833922,0.6306890120216901
4598,97.2212002887376,6.916382138549525,829.3600720635644,15.023074359197715,1.7659082506495682
4599,225.332636391528,12.340341041221002,1900.008199631683,34.3696917524227,3.884645289552371
4600,225.16628125564216,14.939092657088509,1914.240979104992,33.72873211329386,2.6431469129031355
4601,170.24479015220956,13.006676073232061,1448.8493652494906,26.185365680464326,3.420053523498128
4602,173.83466591814712,12.120026134964574,1475.0295038743247,27.215557118269587,1.8100003478321671
4603,242.10617362818195,15.333810862923164,2053.525756690643,38.21775074063876,2.8029433415201996
4604,2.097131074730889,2.176038840916692,27.781225252951515,0.40626697633593345,0.7959481542379865
4605,48.33354996925054,3.6640291094445843,417.1476665504379,7.425688398977083,1.460677784799317
4606,254.93491975203366,15.829658304184235,2156.5257857915885,40.00321875590473,3.645529855143282
4607,294.4315453169855,16.85962670692153,2479.1999965249893,46.04752420722888,2.6415261056677983
4608,373.7216290239219,23.006580884596605,3158.7810754243733,59.18394928700407,3.304526123247462
4609,40.2759562302066,2.5702802313387227,341.7739891365835,5.7916786168182535,1.0502348076079313
4610,-40.457490031599306,-1.7290138469808636,-331.1979841488129,-7.485306080816981,0.18886443717905488
4611,78.0319980353121,6.580266471216914,672.7292371091364,11.435455743787042,1.9184040223032341
4612,68.66161520387419,4.682894034160665,589.0537659916113,10.786409733141875,0.5659057968165779
4613,308.69152232163253,20.382815506085727,2621.1016177820543,49.122204681510034,3.3441288701299325
4614,257.4287445127756,16.486694915939726,2181.850496307749,40.373313396069825,3.0348068035497215
4615,130.28644131902797,8.492939238045844,1098.1075528231308,19.99001648971122,1.7341009973176966
4616,72.13200463297456,3.7279306848539084,606.0616550890625,10.946424867532732,1.278065733347193
4617,206.87936174629047,14.442867516721368,1766.3221732786528,32.6500068821581,1.9683893205525398
4618,86.97187069624692,6.619162624411845,746.403142004438,13.622316108757701,1.812495414042087
4619,179.5603456879054,12.448364692584192,1523.2223029624777,27.565974166268866,1.6881644439755217
4620,55.146984838935204,3.8829235823211077,474.9836561283764,8.519473138811518,1.3276331095867455
4621,201.94775220969868,12.50456185127647,1710.6025744279302,31.77168404596637,2.4357410197167817
4622,38.308623887147604,2.8516592614838903,327.1236630253791,5.439519984130215,1.457502503144771
4623,109.95283281433522,7.566365859860297,932.6401623457936,16.788941619333805,1.7766335772400739
4624,247.06009438394707,16.49927638569695,2097.72190795457,39.225774292871904,2.7985215842887423
4625,277.146853904705,18.157904619320885,2349.60258069532,44.33917232717517,3.1208654199898738
4626,104.18340150859925,5.711046117588,872.7975456108022,17.486211985861765,0.9451107739244415
4627,244.826135249837,13.808112693856547,2071.245824915595,38.71182574099816,2.8259165169298583
4628,9.430543477630764,0.031418644784895866,76.52277338379712,1.0182630266471242,0.3337894025955861
4629,223.13197689258234,14.569067933826863,1891.765864214674,35.25444618894677,2.7531236719732988
4630,154.24981284961768,9.743747384548044,1308.0927152293489,23.269967485564635,3.0431066108110323
4631,130.24963283543235,8.833179646912948,1100.6377260932977,19.701830690164503,2.813017045080654
4632,22.53818222039256,3.535533746635914,204.87054329097114,2.535334230058467,1.0700351199958882
4633,263.8250686278468,15.709678658573097,2232.9082355633814,41.41722238019633,2.177703329990619
4634,132.16236910701033,10.635931925553155,1126.6328609570617,20.118637389521012,1.5088446597185396
4635,21.879497342758796,1.0390112967543335,180.97295611579156,4.0452614274045295,0.019477106531308408
4636,253.52288323487042,17.499109144095872,2153.8444712527553,40.227558333914565,2.441871958004429
4637,176.32544084856494,11.355313979134035,1492.3429157745682,27.017125357584554,2.9628437000257235
4638,304.40293217461067,18.145754054944444,2570.1493822130956,48.33607656948449,2.7905371803962615
4639,367.9259090378633,24.683317458172727,3121.8423064970843,58.47328073341607,3.877199101842045
4640,115.78845802433003,6.052827478802133,977.6649067469793,17.474755977230895,1.4555270010798922
4641,146.79581025154434,9.834629270594876,1242.0972284061677,23.460463070190638,1.2646170703673594
4642,257.4109741785643,18.744585408177986,2192.9483089251476,39.83161119127421,3.2996392837443365
4643,147.19486832478495,9.748175267309703,1250.9413690244535,22.476649752841197,2.0401653018589374
4644,307.7492620150983,19.66820031889536,2606.5764840476404,48.46893249799357,2.8226848388728376
4645,219.1328835636037,12.921899683684988,1849.982717943087,34.585715271435745,2.472829935017749
4646,341.62871092769757,23.028853677581687,2899.312668431236,53.68067484837497,3.590316305162918
4647,133.76588354987342,10.172365744150659,1142.0034328804913,19.92957249162175,2.187070507601753
4648,157.39921646120038,10.417978394924761,1335.1465594431206,23.595047568918456,2.127510918534538
4649,173.89608662452548,13.066020750395598,1481.1948378794928,27.49296809320262,3.1960891137712393
4650,159.15962297241893,10.306749109298273,1346.6037373353286,25.039035430283363,1.6615372579396022
4651,107.22855229248017,7.248478711600548,910.3821413515201,17.119916422569815,0.6049065806712783
4652,134.43426607925323,7.231033767158099,1127.4701055931023,21.571167346397715,0.7779133437092018
4653,72.87761060321029,4.6235629918369305,617.0932690462513,11.397689711557748,0.7371661236407725
4654,147.60194465838367,10.123739739422923,1257.4326093968268,22.491140306365352,1.8310364435340496
4655,60.10365491167588,4.434977506859195,513.0525957861371,9.428412058236187,0.39496351173906064
4656,91.52202701214723,4.689575340275242,768.8607786074125,14.640079646177814,0.7305743742068977
4657,246.68310875530486,16.227678375979327,2091.035268054512,38.93499448998174,2.4124969840847075
4658,28.316879803126522,3.656170790537855,247.956134695489,4.321911721742316,0.7414902641876018
4659,266.66271137369944,20.091901205761218,2281.319829204534,42.191645380931504,3.0893229159383804
4660,37.88461778389693,1.7024452489639803,315.00924925491023,6.363461127251604,0.6583217591296222
4661,187.04932495360381,12.747919831988483,1589.826267690539,29.546590795547502,2.344120439974374
4662,337.28949145094975,24.461858795475855,2871.0987755676215,53.55859938476377,2.870886720500382
4663,331.26197425787467,19.47045543515775,2796.1811078792707,52.30088224954633,3.3591254365265892
4664,281.66350602402446,18.804998086737143,2389.9666021076423,44.75821565554054,3.2411662241232517
4665,56.32930973144924,3.069960451401608,472.01924571057015,9.299275397783099,0.5419821532032261
4666,6.888276266378719,0.7957040771002302,63.89641174074126,0.6815402022951043,0.2806687109679995
4667,197.02136946245096,12.183350343517347,1666.0787140215086,31.530806507387865,2.1670181272919327
4668,231.75847086291625,17.376605724306557,1979.5118242945157,36.373815973659816,1.766232823706384
4669,124.40604965986569,8.247460591549707,1054.8822605967753,19.937712289522263,1.0501490595423277
4670,189.64827042564266,11.580168884643523,1603.6042551043577,28.88561713449544,2.1976538625124658
4671,230.84495868456074,16.030040963106636,1965.9576874527218,35.48723832414412,3.1155130256594252
4672,127.59803224689341,8.436305828483125,1083.243447076538,19.06346890588127,1.1346295557539725
4673,286.8560086771082,20.747390911779185,2440.5267594277693,44.731191591382476,2.653928204300925
4674,129.03287748617063,8.126785169233592,1093.0882518395708,20.007277631779058,1.6182525163363022
4675,192.11259312692314,12.101471838988369,1625.5675933056907,30.104350225512594,2.8179237270506463
4676,119.01547385697428,7.17404382031768,1006.4165742993453,18.702333923534354,1.7425574856154809
4677,238.7790538065699,13.389498495084124,2011.7208717630635,37.81617098550582,2.6219142274778977
4678,125.2386968348872,8.700049763660212,1064.0742781108877,19.924418209108975,1.4254134552138558
4679,280.1013657324274,18.174935807885173,2369.672203094449,43.85239485728336,2.9544683478020213
4680,82.64389328023746,8.647645056409177,715.5082034114213,12.252092962410416,1.0901379066264734
4681,103.30104528927107,8.078363067419327,885.3548252355647,14.706704132135862,2.014157115962047
4682,128.08058863519935,9.301000856576573,1090.6780355169922,20.7364840719762,0.719362980893484
4683,336.1357062779757,22.811430792976758,2854.6891701856944,52.678435595674976,2.920247164721953
4684,259.5465074900944,17.333327084267033,2201.39549377062,40.21252700555633,3.7908622196737647
4685,132.54135456417646,6.233487691357359,1110.411578434291,20.589507682786767,0.8729840933128896
4686,285.6517559174161,19.06114554269884,2427.120443641599,43.68550913889284,3.1588757977729727
4687,201.0033848364325,14.255132826845575,1709.4103025807385,31.93086273280709,2.1534481092561415
4688,185.01775326177474,11.774041287510155,1566.1797299211933,28.34662489774906,2.6786276389760757
4689,332.8476504278674,23.11858990737425,2830.6712394803867,52.11451241877191,3.624781521843911
4690,92.93750031877705,4.698315465222544,790.8370830061903,14.565949235607919,1.2529546978777129
4691,141.22481124469803,10.167414183496865,1207.6352228271362,21.98439896492372,1.8891164877896762
4692,36.14215774637088,2.9124516278388204,311.0982582386494,5.539883766514676,0.19894411929956535
4693,249.65990898551138,17.539565922413367,2124.8712695533327,39.212641257180955,3.8247358610361792
4694,119.70254219005834,7.884057742155496,1018.0284398326464,19.588514573110217,1.310078279753768
4695,324.85830848984364,19.563438086911088,2745.2544223511386,51.76472652066123,3.6965659477665636
4696,25.81706087837917,1.1623016955564194,215.90660954200945,5.025314457110731,0.28297119041434016
4697,124.78591554909245,7.6857876053419965,1052.0348145838107,19.887622791554367,2.2374903288515138
4698,58.62614445248785,4.132293448266869,500.8771317197152,9.121998071523127,0.8609393905390545
4699,120.69415102438,9.246944840833768,1030.681738752243,17.67489133024567,2.2559800455563535
4700,322.48894388473286,21.195689986721142,2734.804592976238,50.15857791944916,3.7921888981464353
4701,-10.69034362232708,-0.9226982002033459,-94.08862359090874,-1.8615972268967549,0.30277854417291117
4702,212.92178330816603,12.135563066261561,1797.7757132026372,33.31142528313061,2.707250123717849
4703,-22.489602010676517,-2.5220580534043275,-198.6871509143307,-3.6652331110905685,0.27526381290724533
4704,92.53763187919155,4.99121447776421,784.204325958985,13.713360042348,0.6622886518434599
4705,-18.63321041006685,-1.0426868075924025,-157.4406042311311,-3.0350777236280155,0.015347407138734948
4706,186.9174576983474,13.332358238606934,1586.420455951536,28.74469047198964,2.7607887189307876
4707,210.53460455635178,15.516882783031761,1793.0984703132747,31.889396738142086,2.58799045057591
4708,223.82779672556293,13.454588107520618,1892.644326088754,34.618198573111165,2.8128804711160265
4709,63.80836445685394,5.87781452384351,549.0670171711989,10.48172544280171,0.7570828529859046
4710,277.3258285496328,17.586705153258137,2351.3891820898875,43.67898537963763,3.989532204447381
4711,225.22511566514885,15.288321660999674,1911.829806629709,35.098427763589896,2.517407608917972
4712,191.9664587776679,13.127534375937561,1633.1723469624555,29.08133192453404,3.153963500227452
4713,330.43968981458005,20.160218231415865,2795.0911476659085,52.02506115180649,3.7222536119718246
4714,29.609549898796317,-0.2026284283067019,241.10319183844152,3.818134939190619,0.8368212997584492
4715,300.0716531767026,21.428604853516667,2556.3446082696396,46.38555282092713,3.011532679573898
4716,88.01502658427796,6.385634993108209,748.7643102952355,14.093581430157428,1.1377233001818485
4717,182.19716091552468,10.909188616858428,1543.454061983903,27.824684030533426,1.8831878749995918
4718,227.9613447623719,13.95719641938367,1930.2785084507384,35.53751745008945,2.206514242987599
4719,315.69125537938834,18.565267219281758,2664.8674424953037,49.550527759672356,3.481414884465549
4720,6.652628816981269,0.8753278691381401,62.627349793873115,1.4028584216163578,0.6370579206883775
4721,282.62232283366654,16.08315647026744,2383.2693821904354,44.628013810327445,3.493746951327864
4722,251.77727578733797,17.863402631201126,2145.4112137089696,39.91850074468365,3.1956912882942063
4723,66.77727548348267,4.874995631108993,564.8137795195205,10.132254821933554,1.0624315520369372
4724,129.19708955388077,9.222856848117166,1097.0723495743348,19.31710232214255,2.37113996363019
4725,27.815270159813586,2.471220411652424,237.6001972509052,4.420431785943366,0.2611822577194438
4726,230.19086338007062,15.146743886867164,1953.3951530200452,36.41395749050498,2.8400600958085094
4727,131.9853002751722,8.510789948234144,1123.3243939002612,20.99957474390624,1.4785259017177954
4728,311.2911181931849,18.093746145988998,2633.620512283974,48.5413292158686,2.771325116317022
4729,105.32571571245796,6.780401689110817,897.7119312691381,16.269947842123404,1.2994536519215885
4730,-44.332545374411644,-1.1031311090573102,-365.4971405061207,-6.517620996131265,0.4810665439170645
4731,154.3493941253203,10.248223439435659,1307.4429813913384,24.001098953648,1.5691563511635565
4732,122.39779110323445,7.902142787709677,1039.674190217104,18.966048114392894,1.3170030102427313
4733,197.4675285080138,12.555374419991812,1672.2197346004575,30.75477738754903,2.867451105248296
4734,285.8479985042357,18.133475437076775,2424.808274904784,44.0045902241796,3.984254831328853
4735,27.574283280593534,4.068327174629968,244.16898721647274,4.4834941209976416,1.4504592655898954
4736,108.82360390926239,9.589735259559093,940.214556673208,16.750513628890427,1.7099096058448593
4737,215.97424674974818,13.980540255028547,1830.865991422017,34.25167520323808,2.0355068236481384
4738,219.26062437397792,12.044673697706644,1844.2033830683854,35.37691339600097,3.2755884627883494
4739,61.63771327685689,1.9186848526966385,514.488406578504,9.115642949957596,1.121782158555582
4740,289.6692253857205,19.473968363637805,2465.2599089750547,46.30061970665186,3.1264470508826743
4741,134.05024353034088,10.056292121035968,1142.5760133285337,20.33561515690194,1.7589903675157417
4742,32.48368586636361,4.2463439091340796,284.9529799265132,4.961451858910944,0.4982154163481236
4743,80.2338366706796,5.96125077255253,679.3025596641608,12.890148710303679,1.432288499995543
4744,70.49093509120436,6.639796366966646,612.4531457292267,10.44386527819926,1.5584736497808378
4745,251.0833964140244,18.397430792172056,2145.082623774237,38.36931248123899,3.1237340284893906
4746,246.67619380696368,16.630141511233486,2093.7242085850994,38.6194143093907,3.489721584772052
4747,156.50968902435355,9.083286506535702,1321.6405190559997,24.14668528213087,1.6362021843925891
4748,331.80110380657806,22.384337612318046,2817.69462411274,52.57577546412599,3.9291037192249196
4749,249.03732281845555,17.336393387240513,2118.4600774994324,38.752111280566716,3.3428791466121917
4750,366.33577673682277,24.013484055589366,3100.809279855554,58.442609421150095,3.522787144323518
4751,162.4437454418973,9.792907159401532,1373.45574289066,25.30651702904124,1.9625767580689235
4752,152.7501575366832,10.498671573539008,1297.751204430704,23.372714557131367,1.8182899867222426
4753,271.6600695513056,19.249140621347888,2316.1573431269126,42.58796229806241,3.867123956945862
4754,109.30597025032525,7.565744039321712,928.9115808260631,16.915821059287204,1.722998699286578
4755,356.28430151797954,23.05692371825161,3015.182761069359,56.564711483371795,3.7381578189658446
4756,234.0034436049669,16.76447901515162,1993.8216119181627,36.71171856523016,3.213120623259666
4757,264.63773286273073,16.966141204794795,2241.9763325155645,41.955336276947385,2.9134686882118404
4758,304.894810195846,21.474260353675604,2593.0388001261585,47.405098918961684,3.2242060497222775
4759,371.81313749979967,23.316817682453507,3142.0368798982336,58.768360985914335,3.099234052661986
4760,186.99800651899622,11.919818866125546,1586.5496350587784,30.985248293780664,2.469027425590671
4761,-8.747488740347473,-0.6144526858644519,-75.77529221307249,-2.0079155185073025,0.5215940185850645
4762,270.08084304411364,18.26318156993902,2299.730470648101,41.79519617233766,3.669314449789821
4763,77.27564469244473,5.950889306108892,663.9069552281296,11.43026716557193,1.8650759886854513
4764,97.78903159873786,7.183625259293114,835.8905632223402,14.928521988209376,0.6426432265538184
4765,215.04580527801434,13.628361818437542,1824.4854658602005,33.1736601256967,2.1478700543503795
4766,266.5996891587092,17.703229876757295,2264.6184520673514,41.85273862550002,3.431577076991094
4767,89.45979501658292,5.906371713452598,758.7329666669435,14.890477276359842,0.6919586334775945
4768,292.9872418979776,17.17778138550011,2474.396865955846,47.36042101264362,2.3884793254841092
4769,174.62108423474638,11.202004956489496,1476.6080853041874,26.567290492307013,2.2288453420594827
4770,72.29202454021754,5.377369837577657,615.3589042971258,11.161020772103072,1.7581019633817911
4771,58.11755076486614,4.390850516035718,497.01300635408614,10.163326958001699,0.22067455253036217
4772,117.78295965634618,5.212663365335825,987.736887663493,20.119784378849737,0.2103583320940654
4773,87.30243828279424,4.881594046627438,737.9839668597025,12.917208971562607,1.5610976183923508
4774,273.3037467814944,19.074283117709527,2321.3579896965216,42.3153501175956,3.173925597922586
4775,233.97973334298754,17.659322548083342,1993.1855647916605,35.927353775999094,3.511025630983161
4776,231.5873111776498,13.105748819272598,1950.859562680334,35.88382119313978,2.513220130443463
4777,248.40786626642833,16.898847670458625,2113.099845828559,38.0979466086996,3.233925838926721
4778,116.79802312775033,9.980124840441748,1009.3521743986176,16.69871370576764,2.347854604351084
4779,188.1955308228788,12.757768837791316,1594.6347933424772,29.43488460844505,3.420251839649504
4780,115.28881454920247,6.447278304502537,972.5922248423423,19.868017601544047,0.8817790063273483
4781,201.42143089103683,15.495093535385815,1725.023401298064,31.147909569604156,3.457582126303784
4782,246.48244428931312,18.62048490523001,2103.71597791015,38.13738351143363,3.1866943684503592
4783,84.73203639758393,6.299395005264174,719.6652331650056,13.057831940262671,0.7947577755305235
4784,131.0537240031862,10.178771319488611,1118.4322540318487,19.574032316805575,2.3051661983928198
4785,322.23635506940354,20.907100804972693,2733.1450957305196,50.10860713607434,3.412024628528436
4786,50.4660880451119,2.853544248694533,427.34450107200854,8.304345618826243,0.5612869208167788
4787,271.7566698774449,17.82052024563634,2312.380688871627,43.19870017025717,2.3473833697061823
4788,148.45064168775912,11.847223513635775,1272.8039443135829,24.28528631746967,1.8613842649743058
4789,376.91901003929905,25.067419020394283,3199.985262034339,59.350776752027315,3.97779221409921
4790,183.89044401799978,11.481766623006394,1554.2912226992084,28.883625672797507,1.5707915881393784
4791,59.76858690774027,2.15195203103871,498.35011364698016,10.069558958164684,0.0010253229157108912
4792,87.07153402574762,8.561338827722544,752.3051679291675,13.056867660270914,1.3518566855825633
4793,317.96335013608433,19.873386485960236,2694.3291034553563,49.7336213444982,3.0206781776154132
4794,303.6984842665612,20.705627596861646,2575.326363218672,47.51982304626382,3.835487659714222
4795,287.5732482755462,20.568225344439643,2448.8584019187856,44.35039241838652,3.155370176055227
4796,17.701623149878042,1.4129242161353575,147.8332503183125,2.5997151845409876,0.5050552835463451
4797,140.0284244666409,9.683005014185213,1188.3447673194403,22.178436308142114,1.3450713089314092
4798,50.69643133031895,5.169488771909816,438.33112786541466,7.4196844181243495,1.1146262393242194
4799,198.07614041673685,13.510711944350735,1682.0800002352216,30.610758820959074,2.2480775541797207
4800,231.17581565201985,13.01322261795156,1952.9439881160847,37.4238657654332,2.4283376333061777
4801,252.17926946128077,16.373760795329858,2136.8175503906623,38.76966230736168,3.0575412045423223
4802,70.15930423619008,3.9855289143613764,587.4932227962223,11.253834624991791,0.42678982291585355
4803,-66.05046989923152,-4.537586116201142,-556.2310834409014,-11.540354944733457,0.5614441865997954
4804,324.40224769204093,23.32383275791654,2761.7286328526748,50.578101517056,3.7804736170256206
4805,331.38516125969835,22.848023107473196,2817.8826554339767,51.64757035226472,3.968172219398414
4806,51.4579867640185,3.6759791112902422,438.6159221807913,9.224830141256685,0.49308778010627874
4807,77.57483375127462,3.686317051772125,649.4736493230629,12.312512665674964,0.8410935803487205
4808,315.6876766979302,21.156022488801852,2679.409189056088,50.210455291921775,2.7794702082290237
4809,205.05298041188604,14.74871131261726,1748.0630164562815,31.24434015595097,2.9135374418466613
4810,253.4600664133218,17.501686530237535,2148.6123972689265,39.38656694224039,3.8263052696267463
4811,152.8917926625111,9.929198187082005,1299.6695349136314,23.75287678984168,1.814645503596406
4812,-8.208389507600787,-1.564284096955709,-73.82308251423318,-2.4530834567659565,0.49771807159158143
4813,335.1678145705934,21.46215678600648,2835.49163661669,53.74358667986782,3.16009501068191
4814,341.56067798607546,21.302672052927555,2891.851475335048,54.22089689675243,3.4959745788529952
4815,177.04425483205463,11.77538479741918,1504.8035168931224,27.992284795124526,2.522597239386177
4816,163.28521789383132,10.524775897546975,1382.815651483456,24.68439960611216,1.9773479367961353
4817,115.26949619814084,7.452241637419412,977.5053133256439,17.634540726184806,0.9164894260264846
4818,174.0094903554227,13.312105293753966,1485.8341201584135,26.471272459316587,2.795092134626282
4819,207.8662725670152,14.207753764653202,1764.9626487757696,32.64233650546888,2.7643173719890735
4820,223.5198129458836,17.457182323648485,1909.8098778708702,34.409365833813375,3.442767757894
4821,78.25492329216506,4.547701982517348,663.8491112456945,12.508771536510876,0.004523833504222363
4822,361.2238543401458,23.929059204614514,3068.545409829857,55.97400185816846,3.7048067076413376
4823,215.21899118419097,13.829852982886582,1820.2469755954926,33.686124901974125,1.4321976404944459
4824,281.31182457310956,16.106988839426517,2376.6827309300793,44.9435872773695,2.7187326773789886
4825,353.7158097966546,24.1068422958616,3003.0097935307954,55.77901358154772,3.7291501178207898
4826,153.55078460867009,9.408421231940595,1301.5368549255265,23.486088472682837,1.4309242299623315
4827,196.6056538429362,13.487387768447098,1670.6146098412635,31.913182476424424,2.1737333470232785
4828,9.693068332542094,-1.9215211018488647,70.26659719889517,1.6353618410486952,0.26038396360942695
4829,299.2927861303353,21.073622351241205,2540.9267992023415,46.28245478247542,3.2556564339687464
4830,258.9437529840682,18.478862977711966,2207.7879183184555,41.03798869095022,3.563706668393151
4831,197.54856866009706,11.481657471321375,1667.920072595866,30.66267024515944,1.1447960696561599
4832,138.39454573718103,8.70053961621638,1175.861369251404,22.103652208494196,1.7471917042011773
4833,253.10753426103022,17.779581389161464,2153.071674197839,40.45933392044577,2.819906117033034
4834,100.71031889367377,7.045934882771962,857.9259275258189,15.802079659072458,0.15410057975795288
4835,293.4600121495739,20.39058531498786,2497.5037955207135,45.36747159115098,3.784286580359261
4836,215.8688623282205,14.159714742905017,1832.6331630846823,34.43371985522849,2.585330123380894
4837,118.13830865986863,7.018478809907596,1002.5929379304935,19.77961651106969,0.3341682492853262
4838,254.79772493186667,13.713593278839538,2143.1980867455313,40.761928372095255,3.1391473424209964
4839,193.47402682546442,13.438012517568552,1641.464253269829,30.127167042466585,1.3165038944567464
4840,69.07463910583077,5.133345303221349,594.0166359362487,11.240505678046846,0.6894727414471267
4841,258.28193571330934,16.72058375849308,2195.162818833778,40.592183522889606,2.886759999115274
4842,376.54192239091117,25.313385171231722,3197.406616082545,59.437313162060384,3.6106297605165887
4843,251.91794375199956,15.823544011599894,2128.910382846215,39.56439935506751,3.17970381510144
4844,106.54123569802344,7.125611299129005,902.1571718176596,17.43678617950247,0.9332185104609141
4845,73.39043606634635,6.541426509950684,629.5325553565033,11.052294314289702,0.9653896189925377
4846,181.38213069578154,12.63190548295432,1543.043971876076,29.348598506398858,2.472768296922344
4847,30.945699294324875,1.3232295650457688,253.8431997140982,4.386887950050575,0.9111194295127807
4848,235.927300091106,16.89265954174098,2008.573760027653,37.35529408745665,2.7821242664931063
4849,313.44381571471735,20.490620849227955,2655.766336253568,48.67130032666951,3.7333723381350494
4850,26.713186048982017,1.8678740071924385,226.13658819567058,4.359053000715633,0.03720906238394317
4851,80.99955254673091,4.127607936062992,683.6322383879449,13.020540392991625,1.2309241970608222
4852,156.73541955484586,9.30106730021382,1320.8414477184417,24.016081930355423,2.296490150057835
4853,168.87241896646333,11.626246452686551,1436.9202555320915,25.994832827339728,2.368123686624595
4854,283.87409540311575,16.513614158089414,2397.6704329859735,44.51124758345789,2.7385189401067818
4855,181.00124943586434,11.756941064714102,1530.2865804262058,28.342235014183682,3.0783673991275196
4856,32.70940108385292,2.84508277745259,280.9441973364046,4.274730400496621,0.6043998341833867
4857,26.35503417499701,3.229493140434502,229.6860164341216,3.1978514617065503,0.28155490624490875
4858,350.77333601326836,24.184035246376975,2982.5984792942413,54.06992832114727,3.8396282322867727
4859,179.7852988379185,11.521188889951056,1519.4916319947433,28.20391835860677,1.4626745163812438
4860,194.43583426873045,11.824792440572956,1640.6895760659706,30.58387854484745,2.453999930777399
4861,303.24528910019137,20.26290611856272,2572.799776907253,46.76958337441723,3.186742555346862
4862,278.8990368583092,18.93737552708992,2369.268288335951,43.356856278802056,3.994446387217589
4863,-4.023877348542356,-0.6552553853655267,-36.148749415195,-0.8000376708239691,0.08784223055888107
4864,274.2783980540362,18.85909890528212,2331.275558305498,43.08835117497434,3.3191915389749247
4865,149.79905596118024,9.707394923649893,1269.638908162904,24.272556323918458,1.7364993591350237
4866,34.515327453538276,3.6805681704368487,300.69266899899714,4.217701727480019,1.6557692584796269
4867,165.66779546887938,11.563520348208288,1408.3884664524348,26.053993924972474,1.725240089099299
4868,185.13306683477677,13.806611878441043,1575.2150787497528,28.600589833334894,3.104308884593849
4869,172.0978071756518,11.809225183063232,1460.8641167511505,26.893404944273094,2.276640837812022
4870,60.13692313318165,3.87087730762153,509.82387817704443,8.819325767721478,0.5950147830400483
4871,50.02643748872967,4.064772236678991,433.30241455728225,8.434919577078343,0.7715986752697495
4872,206.21467185029385,12.651978575576084,1742.5531624838602,32.61884158347796,3.36854665768316
4873,242.2278793970769,15.29157165564164,2048.000400272109,38.42944185783383,2.3136487756109134
4874,382.8935108283628,26.293389237312887,3252.2531212911013,61.112777814006954,3.9285522583430947
4875,256.19251115918803,16.816037092411865,2171.7786343780563,40.28762896384458,2.466465201412735
4876,134.34923595010372,10.711757947884921,1153.1142547340585,20.69339796575541,1.8010612032759385
4877,222.70422095478432,14.81813727223442,1885.304645934658,35.5015506372797,2.6493560270864247
4878,233.87763199022342,16.127719586058934,1987.7496378573824,35.93138215857125,2.911654683620469
4879,127.09246427497337,8.033632021498814,1072.8781144996453,20.85264359025149,1.1693734600001302
4880,241.4025334517529,16.58073483775378,2048.7127115463168,37.34144419020906,2.561134365317883
4881,302.3653890252666,20.339572021212945,2564.724125268625,48.60085194888347,3.144355729991859
4882,222.7196379620312,16.362203737810972,1892.9922354697314,34.707459238925686,2.8314543647168517
4883,227.68673115081867,14.720982918794405,1928.9260253981363,36.54566926132869,2.4250704424805387
4884,134.0773664584934,8.683923302777286,1136.456175569352,19.40164178349306,2.08055899747141
4885,56.95524693503406,1.8875710518691022,473.00854884820035,7.638446013399877,0.7095690684848743
4886,51.5779412846616,7.7946563281321195,457.945585341145,8.199922964196945,1.406187684418962
4887,-7.527542656655302,-2.3095834954415997,-67.11629813724886,-2.2827310909603824,1.0450044323118446
4888,391.1522654464988,27.743260945028872,3325.9330803931184,62.49105890936096,3.3412851209086134
4889,179.04278744774507,11.261830705002682,1510.2212195836191,28.628424903434325,1.1884689672511772
4890,213.4805671024065,16.474173045211614,1826.4638832005705,33.25996281065991,3.7867728617732292
4891,323.8988409190305,22.86040429494155,2759.7589694866256,50.99299693634089,3.754879091374526
4892,117.61431673097456,7.034207554223243,991.1359964424494,17.42864139798163,0.9805268234394542
4893,-38.161478273368765,-2.3387828701658417,-322.40339120754174,-5.9700634409558075,0.13538413456229081
4894,125.57404947801197,10.525317280952212,1072.096841969602,20.461341718580222,1.2038108446965454
4895,91.41604903893104,6.293358517481066,773.700329627837,14.699769853585638,1.1313189400970316
4896,-74.33697503410708,-3.8191281490468403,-618.6700569239163,-11.875028859793414,0.02680181981348584
4897,287.15499823208296,20.99433625145374,2445.97682294821,44.451203568999915,3.5304104232606153
4898,56.14991088836426,2.9833741266671168,474.16937769565885,8.140226563570339,0.8885362548007691
4899,260.3068079679125,16.36196298676415,2208.9301060170283,39.721839457730404,3.035949109673026
4900,107.03312447147283,9.40993182815674,914.8467545032942,16.324569806589647,2.4356523848486122
4901,79.66512072527581,6.249529614541243,679.797000729983,11.712351052908165,1.2366610743648474
4902,220.93915375087414,18.14547196173811,1893.4938454798914,33.71488776462004,3.730295449227176
4903,102.15594439058239,5.760861794690118,864.1846668520726,16.157978290883946,1.4447236487337678
4904,124.96740850830841,6.9088471115302115,1057.9991427978025,19.985206798413454,1.1819658853948112
4905,185.6382182322589,11.405316229884864,1573.4171455257213,29.46974611810973,1.4446193861883407
4906,81.21635198232698,4.668564695527994,685.0149108750428,13.305067594709595,0.48597821911092787
4907,302.3228548781256,18.73175730431681,2552.057195314702,46.54539362722124,2.8716353253848244
4908,-81.17466638397515,-4.681646701957226,-684.0101928985616,-13.699004062511836,0.05008621739339558
4909,22.57743510040837,0.5863849244163424,188.26497165278315,2.406572781698643,1.418233897670452
4910,24.14838971004923,1.178798060039143,200.55475755435523,3.9069000707402033,0.5852942151550891
4911,20.161826945159508,3.8216158307106003,183.34322968288882,1.925802701239249,1.071678740976839
4912,398.0108040977816,24.119777516284564,3368.6197810091453,62.94288733122221,3.824059743808223
4913,280.0523839817426,18.48466575935483,2378.2502100486736,43.39810990100759,3.5709049583343173
4914,175.9169343643922,12.996397938219438,1503.8579866954524,26.470273084142534,2.931720637916121
4915,280.20639049322614,18.483875419541835,2383.7635366677678,43.846287745067656,3.436974995463889
4916,106.98681900299414,4.49689871588627,895.1611916670781,17.47143761726691,0.1905068106825487
4917,286.5123366570016,19.28801213366743,2434.5525992696776,45.33441246018552,3.6053543154637797
4918,80.89002283065295,6.935289504970289,698.0768705062698,12.674431552736458,1.8383317057129291
4919,56.29023257292991,1.7768801291503737,465.11486294990567,9.217940204291292,0.21432422072974155
4920,301.5685223269804,19.33278617831785,2556.0879873960876,47.53594204334998,3.624796075889266
4921,10.621362182016151,0.8736016250322001,90.56601771117724,0.6057764776540557,0.599638122955422
4922,335.7215173050514,21.440672000502914,2841.3552338787076,52.91343386751349,3.0568462468296502
4923,46.14638581546836,1.9434697067982833,382.88721360026256,7.704262635426368,0.28597080563821553
4924,190.65015147802754,12.937067266609183,1621.4630090534872,30.422356242406263,2.977371626714125
4925,-4.216161777692179,1.7086110066315583,-24.63151757449379,-0.4146152598965438,0.33438617011064364
4926,153.97926884638403,9.726893306654876,1304.3341608615697,23.349647158546595,2.06216626464793
4927,273.91318696078343,18.311663877988412,2321.1896679785,43.67237489958998,2.818773038099552
4928,66.28551070023842,3.8065892444333516,555.8833665603853,10.157215803788121,0.29450200492461676
4929,65.92220098775246,3.7091168651933843,553.920132500528,10.694466960944686,0.26806360332777635
4930,154.00729212811552,8.32760753449103,1296.0370973553006,23.987667821828314,2.889588740905743
4931,206.14575395636697,12.754347240844233,1745.8803111713155,32.420587222572095,1.8448467232616732
4932,188.23062580815744,13.718551102159513,1603.6147659964035,29.747331500293015,2.384224564331261
4933,-0.46636787286395065,1.402217306715424,4.735718182052432,-0.7638506001479106,0.4407061610478151
4934,131.96106605113295,11.51793920419175,1135.52043308147,21.45078128303345,1.443173049721612
4935,343.8508652427372,21.587346537599263,2912.3459702233067,54.61656098522665,3.8333831074165157
4936,63.317996444019286,2.4335042363336052,529.2380018386681,10.188082003905395,0.5213308015088534
4937,253.1411811180243,18.970331399935954,2159.4010570085456,40.3900536286428,3.20670687998376
4938,318.84675085049435,20.83154561216474,2700.7878256647286,50.37054142412788,3.408273554709942
4939,-31.77422403789501,0.4489221930095466,-263.68716245780024,-5.872849253234467,0.48058997083555877
4940,225.07980851632797,15.141915157222627,1909.377774115339,35.50456300906788,2.5338021028062467
4941,3.9804780589740796,1.7973011379026875,43.13629345531963,1.0936552324925928,0.5634116879879003
4942,209.42139812216155,12.498770984544846,1777.253306869671,32.57704614693152,2.9482060770833964
4943,178.82636625365984,10.413195905980723,1508.2535689223553,27.9196268261526,1.8303577969541704
4944,252.28985929580003,19.08691059903667,2161.080042828765,39.48774685888515,3.9231574590360854
4945,422.6474522740301,28.255007056983906,3587.5193399271793,66.96402622162176,3.8902233278127727
4946,242.8984322957336,15.657300340328627,2062.823551809448,37.98794741213926,3.1843838724158413
4947,85.99312957548818,6.302689461085627,734.1857603710868,13.795956123148589,0.5984545167947632
4948,329.6844914195762,22.069687275622936,2798.572082123198,51.80571875678235,3.591508042678239
4949,56.23422736295637,4.056978673309626,481.62307339736594,8.258188283396098,0.392143926649001
4950,366.000330470513,24.472624368892184,3109.160736515897,57.51806082476518,3.58378181047895
4951,19.900935328951995,1.62866323390524,168.40930959916363,3.3933022660742647,0.39605117739083884
4952,11.74955969291011,-0.6588726135884209,88.58554700787312,2.173413677152695,0.1822612140308455
4953,260.1828797225488,17.020009825457393,2205.2643878876634,41.27565822244532,2.856027707383961
4954,27.55581883838963,3.465817325113882,239.71051406856162,3.9558758327710173,0.062231367880582145
4955,13.78361303788159,0.7687779879188612,119.347215535687,1.918552424140032,0.4117788364493973
4956,247.538874205758,17.094327134083848,2102.0252656141556,38.58721752423842,2.8632907358649913
4957,87.68353050225366,3.8463160734134,735.2960858456584,15.142405203141571,0.43425682093008033
4958,158.51026311134424,10.326414068195401,1344.7013989803156,23.738752740181717,2.2815658761639352
4959,92.22501778433647,5.387009620639789,776.842191412894,13.716915295446896,0.29090420694782315
4960,170.1944003516964,9.425077668363938,1430.3533205189758,26.533036696487798,1.5096819945022255
4961,86.41667196545355,6.385705836243939,736.920422648417,13.114393337047842,1.41351439747537
4962,30.638873531096184,2.6251307681870872,263.0443534146683,5.195509908444258,0.7746126396684687
4963,201.55237007188254,14.136244926596131,1717.0024400026696,31.815014026977153,2.338343688413126
4964,248.58400457066813,15.39053649263807,2101.38600701432,39.065064854444444,2.9404034377589334
4965,85.98114017339935,6.0243533644676415,735.9217384437007,13.506437990045388,0.885143403844904
4966,328.07509371229327,21.708980327661564,2781.1915879617895,52.37564480701659,2.5246940144559797
4967,-54.038877239406865,-1.8624325631065939,-450.1537443946671,-9.943196774037293,0.05290317409981604
4968,334.0875667823616,22.65779502437597,2835.4521652163926,52.49358038159247,3.7375940131817775
4969,290.21859220433413,17.976990642711424,2454.212850534604,45.24047933899347,3.0082761321928393
4970,383.0708890497952,22.758641583680188,3240.9278883773954,60.68749120949783,3.893754880352267
4971,156.436894937615,11.193643311660203,1329.833284341079,24.99311046644065,1.820825663310218
4972,90.15383157924663,6.7014410353862885,764.7001919650452,13.532645136996251,1.7786198964015054
4973,264.77498048653865,16.106760150504655,2235.3470686625474,41.836401805349695,2.3118585341412508
4974,319.45006453864113,21.92417413284626,2717.926168919315,50.66540776168565,3.5504357663577584
4975,101.41957509996186,6.458866753258019,865.4197442026276,15.371533709362197,0.9402800320817502
4976,51.54343906993889,2.2586210721504196,427.80819117248245,7.6246311801916065,0.3458003798592957
4977,175.4162659917122,10.753033367388827,1485.8844157856065,27.497318068440414,1.4607566480564076
4978,181.55211929969272,11.77577987458938,1546.1217922277733,28.135274843718875,2.1690963071283025
4979,210.2039656758471,14.512926716945362,1790.9333616095587,32.25011417727726,2.179095486832233
4980,485.34731965464454,31.486778965204508,4119.630363639876,76.6594346249132,3.9531937218850195
4981,90.74191984124563,4.485514091260113,765.4844883685952,14.320204240713942,1.3097855657350355
4982,139.82636785684298,10.077161305279521,1190.1855278175722,22.656273582487405,1.3629761413278199
4983,189.68963491145578,12.053550459554272,1607.4148098512946,29.47296518404925,2.5006873007415567
4984,301.22555024372593,18.31592343524003,2546.150080597124,47.83808190425321,2.5458470025753663
4985,89.5290054867281,5.469608886138699,758.7408822451521,15.135622245427049,0.3914632681640713
4986,323.1381517904328,20.535234257785,2733.097487135765,51.55379621002688,2.293887988546058
4987,143.41458824118473,9.298877847173735,1214.7057946034688,22.37139516222675,2.130419528563214
4988,315.62047160075684,20.635257880551706,2672.787087587795,50.568942266022844,3.9097823544347725
4989,-12.2117077082478,0.5264016180449369,-96.23065021677094,-1.7904816892499538,0.3441088584172496
4990,63.255577620699285,3.2488225572891993,532.8691074363459,9.660605639952049,0.4847528228222031
4991,30.05502354296257,1.4711029798974513,249.7016217369515,4.71368790030997,1.1513752724240431
4992,-78.7743559468423,-5.874765553613968,-669.5944068140701,-13.119023882282463,0.004223847826488658
4993,267.90336143117423,18.77329623223745,2277.4277614481402,42.27449721893117,1.955810460470949
4994,-8.037961494959122,-1.1112928442580943,-68.17764703848493,-1.4698582494610468,0.5770960826419524
4995,265.072987214174,19.73849490915722,2259.701661312575,40.893226689110506,3.7544837785734755
4996,232.72934591594174,17.588975119392153,1985.480701743767,35.79033339197243,3.3942836564053684
4997,152.80901229857164,8.727030054014978,1289.6418861077134,24.18328750209672,1.9954468662694924
4998,292.2186428371176,19.103155216407462,2476.301368411871,46.04024130841287,3.457170725422391
4999,315.03752682221767,22.092358923961818,2676.7926439983494,48.41076536829154,3.938607266100181
5000,178.54724598713037,10.53419880295871,1508.6345447731644,28.69618229255155,0.7385200999407506
5001,17.12036465729293,0.12438827150040721,140.4321854622338,2.43830802917118,0.5356386458909097
5002,41.28789450189254,3.6536780102086714,353.93986345820036,5.358910628234444,1.2457666150077928
5003,276.57501295399504,19.113166721563076,2348.471405654885,43.71914129857304,3.534003491243762
5004,90.0119943776908,4.9141026252199085,756.6129245323077,14.65630811214546,1.2725673452966992
5005,325.980731551332,21.889555037025723,2764.6053923022146,50.8973355905971,3.9625834778625246
5006,284.2058066704329,18.166308954712946,2403.218510945325,44.68528075762651,2.4248836856301264
5007,28.634158049769116,2.347494561879682,246.22935372388915,4.802715834506263,0.5341067687711969
5008,130.8487270057258,10.670016775613124,1119.8150064862414,21.446676365538487,1.0951848575676837
5009,51.620374637043,4.448862357910624,441.2084076785604,7.6657850371010055,0.7579030955140267
5010,18.42693060971896,1.8735333073202796,166.2908989808487,3.303897797754204,1.0856781804403886
5011,159.240856549564,10.515671997430694,1350.3952807719088,24.776693287629065,1.4840274367471382
5012,141.5492649956896,8.65883448743972,1200.3981099885004,21.235515010136695,1.9840094714595198
5013,-106.93223132662499,-6.450320520411106,-905.3802138041964,-17.587637362133982,0.002326062956044428
5014,55.972643619142154,4.745129749866688,477.1847683103868,8.730749876777658,0.6916677479508757
5015,99.96492977687934,6.637695717990483,848.9304341562323,15.779732087268242,0.7013658022188376
5016,256.72024908258817,14.066324723160601,2165.4564709316555,40.457970771906965,2.6557718544938265
5017,77.35380876653856,5.5870271776871,659.4952562213499,12.757762625018001,1.7449184032827523
5018,111.48392138363386,9.281092093575625,953.5201957875059,17.26806214973476,1.7933382302286045
5019,196.19972372860437,13.547947827741838,1665.4346937623134,31.172466108848013,1.7503505460596487
5020,128.4406711961713,10.120870246239194,1095.6158048608988,20.193875971376197,1.8161387877773696
5021,-11.536211151379472,-0.39787612245682835,-99.13243615691103,-1.8110850340472306,0.641190801203801
5022,126.50402126776108,9.214579207069532,1073.0920686202967,19.289426803374674,2.124428954787691
5023,170.07810197515133,10.800764170540237,1443.4666483667365,27.99571258201083,1.760259885729449
5024,9.056385427410746,-0.19294689985208713,72.70000719078149,0.8134123792138337,0.47287547470922986
5025,273.79023777333936,19.58547547159646,2323.4602554919115,42.81472544672486,3.228768586883654
5026,263.2874188411048,17.858302718769146,2241.3851502068483,41.04498948708305,2.9323082685635744
5027,208.54471292559063,14.923646640335164,1775.0901730323005,33.1644179416052,2.1087592236636277
5028,362.9568640486729,23.945594761908104,3077.613976664046,56.18837355971938,3.899914931552487
5029,426.6339266977459,28.496600985781924,3623.2736301631035,67.98815830821285,3.9133435229216476
5030,93.49077042938278,4.925756094061898,786.640707149904,15.842561701694652,0.8579543732378605
5031,162.26325359058052,10.090166022222885,1370.4975436410944,25.56609053385771,1.4404749544146198
5032,-55.219588318889386,-3.6447783207812403,-467.22643467277663,-9.15575550903295,0.16496008043849208
5033,113.01478424183713,7.3976033645755415,955.1335591809258,17.19683063211062,1.8425051049090082
5034,70.49140027458654,2.860893376481807,587.4900964429373,10.785197180423484,0.601348565102878
5035,239.6074426460013,15.749494774143713,2035.0180995444778,37.71180819556985,2.350432768420821
5036,116.83407727009634,8.73917997404574,1001.0171263544908,18.803788639941235,1.4045741611605864
5037,119.88633866235652,8.733634581536599,1022.4183602177291,20.141001809797345,0.972741782181699
5038,135.55452938115675,9.29424526634182,1150.856647461045,21.62530410786167,1.1947593942219985
5039,218.96956739334064,15.444843596767667,1863.3465933908417,33.156370564423895,3.024262534717416
5040,55.58368792541402,3.7978252915603763,474.17978421205623,8.16314503094108,0.820502369799998
5041,201.68878318997258,14.67756368891341,1719.0752733831794,31.732568325024186,2.7110102691368634
5042,72.40071465302204,4.561734280779994,610.6419085435527,10.972918342162686,0.5044946903823249
5043,33.53158803530943,2.7545002667971854,287.90383075387723,6.6311874197273895,0.015409094370002041
5044,-33.20881125459051,1.004990234543632,-266.6943536044597,-5.566821335178448,0.2586402228726574
5045,191.1785214382376,13.03389370335351,1625.117478585708,30.32733665404254,2.5023152393845756
5046,102.72727574996725,7.016432596677745,871.8457067096531,15.94522200334466,1.2780123071940976
5047,-12.656189422730636,-1.2234935014980708,-110.48039327028827,-1.8482750833777126,0.15579579625997608
5048,61.85134171330048,4.562079014224225,532.1826886305456,10.351908527777022,0.745325967463867
5049,319.026796677476,22.57335247091912,2711.956818625282,49.71176775943094,3.890812621330181
5050,312.4017497903115,17.982089888355677,2640.037388026219,50.30569363897991,2.0596124015218926
5051,92.46569677922228,5.610462843942566,786.8202853608228,14.881827191226641,1.1604758379738325
5052,259.95625444889214,16.057769287589846,2199.791026569396,41.212664181558125,2.9918885535588506
5053,217.73733303921222,13.406886682134253,1846.1628496923413,33.54933378130377,2.9843625938479525
5054,340.44759182004134,24.22748136303821,2892.491240620465,53.42218222942118,3.9826343811064784
5055,244.86540508726443,16.60194531034373,2084.0708071164895,39.58344613498201,2.2287906585936046
5056,361.9202991220989,25.47662725920708,3077.271471336559,55.9048240008785,3.9422301544675196
5057,308.3102073244092,19.573249538964255,2618.428852258277,48.40466949054794,3.1334740093688382
5058,161.38651830805648,11.127515298129902,1372.863776425489,24.919650563800857,1.7085145668593351
5059,233.4711023170881,17.829289542073074,1994.3621969729772,36.13619376100818,2.2816056982349364
5060,202.58587582437207,11.326426479611467,1709.6137160664755,33.245798920894025,1.261458430187695
5061,319.34979189846075,18.738210648807076,2697.441072624939,50.40557408702948,3.1469125693173603
5062,17.119258439378587,1.449475181054094,145.70494593246525,1.1641328463886205,2.029727893393235
5063,361.8884251430306,24.494933091976225,3076.3532492700792,56.35477444340814,3.792019915504884
5064,120.09683373731474,6.762542667886258,1013.9998096463167,18.694098798146563,1.3234919770576967
5065,69.55945527855052,6.479098357577105,602.0521759420815,9.795123096052345,1.458421675031477
5066,128.32925641276518,9.284926350707988,1095.6049286292748,19.818183469714004,1.1412601651156584
5067,111.81844984620784,8.142725287980657,954.8906236682242,17.075256817545416,1.3742445486978498
5068,266.3366636116657,18.555700254279593,2269.773569618262,42.59261124721276,2.82290797571243
5069,102.31542638217081,8.434557550718262,876.6558680414793,16.52672504247062,1.3739800401681652
5070,211.24561313798142,12.646771873159748,1780.9220585857988,33.41163875101792,2.121122069029839
5071,233.41381463527767,15.866831182236508,1984.0959900834216,36.19985099289325,2.1037222695855733
5072,235.14151715676562,14.865260495122321,1992.9307545985348,36.464980979189875,3.200153479192647
5073,-19.026501133291777,-0.3228113082089261,-160.34871446288744,-3.4765479937237593,0.7122548093383303
5074,64.60679047584529,4.597867681501572,550.6082257410317,9.039612398994436,1.8197747812094995
5075,297.1236222120691,19.05968825998078,2512.9824008003798,46.37035563688354,2.83220542342753
5076,250.0295003171522,18.400474539898923,2130.932158112251,38.29352096635868,3.5318803473789173
5077,187.7864329274318,13.057259719950988,1601.063822078933,28.723937898519676,2.5442723797979387
5078,240.26285081553604,16.809708521218724,2039.454985166349,37.50899525349604,2.9074810212992808
5079,95.07025010861997,7.432703706254355,813.2286459091641,14.955596599162828,0.5275890804486703
5080,101.47589889129814,6.747311040760151,859.0115674213698,15.940441258277101,1.2952075819635516
5081,288.63831941070663,20.17705867112125,2453.0681805420463,45.888511209089216,3.5134112197078635
5082,314.2242808473364,19.984499245568053,2658.8424153155775,49.256956253557,3.517868554464728
5083,215.90072003991344,14.185235963305605,1835.0194630279493,34.252510194773265,2.4284538878225312
5084,241.44383004098688,15.55877687032225,2042.5840167155898,37.061206325549264,3.0690351036862857
5085,-53.44210070019404,-3.7706099484395597,-457.68524143040196,-9.459290419116732,0.17122500040425193
5086,287.2617273600991,20.2627128631622,2443.75694327069,44.77058221283475,2.8359026976036814
5087,369.7009976702781,22.89216361812409,3127.0584049950753,58.482837246968245,3.511971690975438
5088,124.63756980299269,7.263676310699973,1053.692602201016,19.17618752737552,0.8418476367147698
5089,327.4238584832507,20.13553277230281,2771.691720461854,52.93409484454728,3.444407031234339
5090,221.65279552989972,14.621301293520588,1883.9324578272497,34.26362122222869,3.4995475007204306
5091,133.74651169438658,10.586630885069884,1143.7021849737612,20.85876019949529,0.5397812679790839
5092,278.2237355793319,16.102168869764924,2354.227088252178,42.86387240963304,3.189670757266248
5093,202.5574921585631,15.629454216346442,1731.6898858416566,32.32033297893067,2.2444037624539126
5094,368.5718986780944,22.46414602087742,3112.6126136636562,57.14367584090064,3.950914258162626
5095,20.57581996536997,-2.4735639882682374,155.83560584621526,3.846034106471447,0.22511476700886313
5096,141.08994013645892,10.011494175870325,1197.478709405024,22.871044412037776,1.4811708675741793
5097,-98.9199503303759,-7.16335557166457,-845.4741727734789,-15.619995130531384,0.17431919993381984
5098,58.2831212325043,4.492975865695993,499.05833721376183,9.479380119116154,0.7744391861853979
5099,43.79139836904615,1.516324188325098,369.7178307861414,5.940647303133906,0.4942788815281638
5100,128.22491972263026,8.897900650616865,1091.2928615092055,19.899038221203035,2.191049552670319
5101,117.08412906733898,6.1361410054561585,984.3447473702363,17.648831554045962,1.6881772632536602
5102,99.46485250498887,9.23902918334548,861.2779877424053,15.075789218553048,1.472765314312496
5103,226.42878387708078,15.07863592760626,1924.948325658398,35.009375687525804,3.615824115490056
5104,170.48569577429063,11.637559477036074,1450.9755738175777,26.735512288902306,2.650935522957051
5105,190.50575420736791,11.306383466898271,1609.9099555740934,29.153559773411722,2.6947178361999597
5106,151.12289952633026,10.377987605911489,1283.822453064402,23.133439251418523,1.6948825436414432
5107,281.08246360160155,18.8470784216779,2389.517885593451,43.84246595462794,3.3256577590945566
5108,16.35244048291279,1.1581648611719495,141.18396493546928,2.488769749333961,0.18544558117240184
5109,226.10764078440505,15.18524877465891,1925.2296238280053,36.47588164238767,2.3465397068890734
5110,96.80913871397503,4.395666811287088,811.5195355572084,15.191609123541024,0.6171880873150815
5111,-5.926890473194183,2.458925554257071,-33.27210169066737,-0.6224805217851737,0.3520849034468596
5112,112.37602944531743,7.7630193611883325,957.8310174305526,17.256584991461906,0.707538565632154
5113,20.009544637836964,2.8955798080025836,185.42111057784075,2.5979399837613837,0.6183310707825833
5114,310.8295222334253,21.570827563313294,2644.0932988382083,48.95837598506956,3.949658960376351
5115,-1.4973455435831748,-1.304877366109829,-21.613394485796995,-0.01787230532190387,0.8145715295666389
5116,84.58809138464986,6.9354494813943095,724.6834011657877,12.706547444132763,2.2543612113287157
5117,157.88324566973665,9.317200564539757,1338.6148480725894,25.368033348202857,1.9803789165319916
5118,86.9442190536293,4.0994802323757895,729.7392560151378,13.748705183827894,0.6295105887941048
5119,27.431299036155586,-1.2796325223750262,216.58186057952562,4.354570161288317,0.7456627597515166
5120,-46.067333968821444,-2.053897521209057,-385.32713095280377,-7.267982778316582,0.2988817588197743
5121,249.94730778606495,15.216744172517972,2113.231261487098,40.273075243365554,2.3856977403868256
5122,107.60229641347921,5.429360757066149,905.8967091605448,17.183313217638414,1.3427006908029329
5123,223.58268393410387,14.114412554679987,1896.1516598412577,35.0278845223059,3.437302999861957
5124,263.86597593021435,16.46546381520973,2233.953703628489,40.62467329487413,3.721359412556126
5125,267.5537330287364,16.820864844350236,2263.059457552402,41.99740740558851,2.7307557506244278
5126,359.9854668006599,23.636523868237127,3054.4960486039504,56.69980923526333,3.9755691509268485
5127,26.79509711243787,1.0038562082482811,226.70574765877993,4.176581302503969,0.3664107552743836
5128,264.6902468430948,18.561905239738568,2251.5759051416617,41.03106461086524,3.4468236226196236
5129,219.96652790108064,14.632470658637601,1866.9296968834951,34.370794038977806,2.498796952801628
5130,1.1167182063664753,1.2427011530426726,13.105980176285591,-0.2077251013451331,0.8857257297743759
5131,187.49592171387067,11.072382298069506,1585.7043538107348,29.450443902915385,2.513588602720885
5132,161.373287556185,11.147222024352399,1370.6036991348178,25.52254088174984,1.621660751599229
5133,269.6564339748556,18.60512245883832,2292.9741701795224,41.041418470098655,3.53730453340934
5134,200.31311896639977,15.395881239939865,1709.8673581721291,30.998016248579763,2.3278008511687376
5135,107.8336293915162,7.689600562358583,921.4518370008084,15.897070389899755,2.1298693864522096
5136,419.9462351993401,27.57447070814022,3563.5736689971022,66.77078251885864,3.7762108799747405
5137,298.9283817770004,20.464749943928474,2540.1219190209713,47.123777858360235,3.187260653846414
5138,17.004936773885504,1.7270861885182824,150.55962349636695,3.571839635019884,0.23527872673830785
5139,317.7055254444301,21.209049277786566,2694.262068055644,49.97961678715463,3.6252235014237186
5140,327.33962585181416,18.39371400172643,2755.3900349233945,52.214675941130864,2.829644042688997
5141,108.67496713085002,7.2248629778983995,922.1733871108084,17.47251400779147,0.18730982168427301
5142,241.69703107536088,19.587299806558498,2068.3418903136076,37.6939590164432,2.9548835979035983
5143,113.7994790077843,6.691192786011398,966.0448009603897,17.76789316075727,1.3635164076701254
5144,167.53467016097449,12.81188470837774,1436.5862144173327,25.696180794841855,2.5899029938708993
5145,128.80670129565686,8.078253461670363,1092.3127446140631,19.768913129145936,2.6224080155353358
5146,-5.752596850554199,-1.1760156556181602,-50.63680886250995,-1.8251721791072062,0.726593331661403
5147,248.183622778166,17.266918142342625,2107.7130980629586,38.08771744593743,3.269329591522308
5148,60.10069173580943,4.604380776179078,509.82130553957137,9.243170228571529,0.6872754539104102
5149,50.96846672581079,2.2054218699654298,424.9590621586236,9.237881096784154,0.2138083133193862
5150,204.02916803851102,14.2305022295803,1728.9744640053968,31.734881210635887,2.2590882204452467
5151,-36.304388383650455,-3.1960516118379925,-306.49926662249663,-5.97882540566982,0.040658053497067304
5152,79.78699977800464,4.906489509142681,678.5917386535119,11.761949572731346,2.0831525000801956
5153,185.3081976985745,12.980202206802906,1579.6463318330127,29.087037675003916,2.1023214508518397
5154,161.14514159414583,10.570905520040927,1368.6078013504202,25.492340407117965,1.3526007081030933
5155,46.4493537883399,2.6963031818502685,394.9547712564149,6.64826138801573,0.6298174644215147
5156,75.61309451611059,4.717047177243526,641.5418917459355,11.794362689606967,1.2482724325391197
5157,14.967676231498247,2.758425493164301,138.25879031400495,2.4534754704462056,0.6334387103628161
5158,139.19567734751544,10.753480254040245,1187.3690237151889,22.32337020647744,0.8382713888992792
5159,77.26823276870435,3.6754506426301177,647.2480101810036,11.293339210745927,0.5863156350164336
5160,247.42774002175602,16.242791095634015,2098.0071176745396,37.67864102761639,3.2997170615872764
5161,229.53585862640998,12.496055190788955,1930.7688941640686,36.05447995153985,1.7509618146134986
5162,219.46405224026083,16.443708418512596,1871.4646713411744,34.03375852850951,2.6118103215754376
5163,102.63554977963689,6.891179193163204,876.8071381763247,16.360068783467785,1.2343524333968583
5164,121.41971461279559,7.7033665292613,1028.7921191006158,18.61507733702053,2.248897390044059
5165,256.4794992798766,15.378530459732582,2163.731510640414,41.06941865532528,1.891475832285498
5166,160.30164230322902,11.933788755568653,1365.3268346769516,25.081601644235835,1.9257476689456068
5167,183.33018240993493,12.340531272652344,1560.4020087931344,28.64026016741705,2.5345651532317026
5168,349.78318522661,23.78116482976854,2971.8544074389847,55.21108225889805,3.967495268095292
5169,251.05100509499218,17.16230524440854,2133.3133116740146,38.8705646510204,3.8132316550499454
5170,110.64648313024361,8.418647773522885,943.1578462567228,17.539034403982097,1.084417667500456
5171,14.467456670101088,-0.08627217001367382,123.75523882192684,2.038034399677404,0.06369053202041552
5172,180.2167561418533,13.538842964447461,1536.1251582601342,27.75838540022703,2.419675017407559
5173,146.85687494988852,8.882719561378508,1240.253957433583,22.152851520934263,1.9305083876050593
5174,57.19200335640696,5.031896379527748,491.1543055056971,7.451453273029128,1.1331345054397537
5175,209.27838216102407,12.586357165209973,1768.4342217676653,33.323405051269425,1.6527003225240553
5176,309.191661620935,20.323512073999215,2619.977738274886,48.77639398743246,3.527824079236526
5177,134.89462316688855,8.516639320141074,1142.8942650364409,19.983508931524494,1.6950489116114036
5178,98.2750918379509,6.602964220695696,836.2915523660354,15.342904772053215,0.5896348864306513
5179,204.49043339030692,13.204761851191783,1734.394863970908,33.02909423394221,2.265295391677771
5180,155.4749415319058,13.734810947739403,1336.0478515474706,23.138276002566847,3.433038540830312
5181,197.87792984977753,14.545690751249094,1685.5537536117067,30.468590207444294,2.6033544919358724
5182,370.7561434617997,25.92608295580355,3150.535414215205,58.52027474930466,3.61672786087055
5183,116.95229848734776,6.762661047375924,988.3653612213185,19.052436045636412,1.0349400819518895
5184,15.72172804270652,0.6761663808763223,135.4137922518234,1.7013166376164863,0.627124786590509
5185,178.3521757336309,11.672912091073014,1515.946339757268,27.652788556761774,2.2742368756790166
5186,236.87240147889622,14.798432079574745,2006.6994259594696,36.36525576418255,3.06851373725365
5187,5.248589791265594,0.4277408015494072,46.51098912736821,0.3130424578177802,0.17750552262520225
5188,330.8459779552682,22.564967245240705,2816.0477393025567,52.087906491368464,3.6027609466548074
5189,91.32847096456521,5.666674172749589,773.658036440727,14.194819624911997,0.3487192670978492
5190,355.3052108362241,21.444095888333216,3007.143483569253,56.946505465204424,3.7895438901506506
5191,491.05419434546377,32.32903784004617,4165.88858502173,78.30251474275838,3.695877444107633
5192,5.651044094939836,-0.2390984455536581,50.970082848200306,1.0930377138622642,0.17649753422400183
5193,34.88666478943993,1.8684991482392734,292.77056325005964,4.798152981974418,0.6603686098630934
5194,365.6743812491906,22.702485869611525,3094.075574878539,57.27115829661168,3.789215900207817
5195,243.7777867774685,16.856906176026328,2075.538913531519,37.33140305702442,3.095374658955946
5196,401.23010979565845,25.959040039227844,3399.8904782170416,62.923060246641015,3.901011527312039
5197,289.568265371572,18.156834912508604,2454.319758357868,45.355234952481055,3.0875382192968077
5198,236.45348006279107,15.719354337658581,2006.9216596670326,37.38082749617169,2.72583285104341
5199,350.6284157001239,22.422192548933875,2971.881241030363,54.307509626155216,3.7281560635103905
5200,341.16819176455954,21.102568937651434,2882.538034577128,54.515511575157454,2.72449617166261
5201,229.85280221654682,14.887030941247977,1947.3142076198444,35.87797970164573,2.8359997811844178
5202,313.25042189503534,21.06474969131469,2656.0174630715164,48.658635712302306,3.046437548725498
5203,277.4151826602444,20.051852111367303,2364.496209245171,43.782532464433565,3.4740533915681913
5204,31.495882693696622,4.3474025086793375,277.95878804295177,4.15303609853874,0.9951694408215319
5205,201.58760097215787,14.512006512910922,1718.402746297541,32.37055059446505,2.1676292901813294
5206,166.94079021622835,9.548539591565632,1412.1460616705108,25.52322152673395,1.28162042971775
5207,187.59217587851433,12.64375407853854,1591.7074116472388,29.274498358155864,2.3289461087518113
5208,69.5353049090517,6.057022676204809,604.476494796928,10.987296510116822,1.5180836828841735
5209,376.19176811800406,23.668557477403358,3191.766870593519,59.667653475234694,3.461958538838721
5210,212.44417957887893,12.847433312370965,1792.8739509210338,32.937558990351654,3.245401364937993
5211,125.76141329780855,8.169086911185065,1072.3888050187518,20.262903032723866,1.1317253672766774
5212,343.1353159200514,22.918624806909705,2913.8931023283208,54.91679120142663,3.639506420093038
5213,100.38106685451886,7.711407538554071,856.2564181505594,14.642567863327738,0.8877036398374027
5214,171.11610808916643,10.137925152934637,1444.7150412899844,26.809356003547077,2.2755420761121434
5215,134.8247348272731,7.493803304749626,1142.5748468830036,21.54448946307216,1.4225436810717729
5216,175.9106795521257,11.61213130440721,1494.9774344868365,27.663739517625025,2.772830058944051
5217,233.88068622931405,15.757860928751976,1984.0368269618157,36.3626745341566,3.8376817102923244
5218,138.72177166908955,8.949114050386392,1177.7963072197801,21.551181736948724,2.330962957050746
5219,103.66148983952216,7.5027260142088945,884.2779148796459,15.372305971008508,0.880980213504547
5220,140.28728257711145,8.848312879371678,1184.2021720406228,19.988567195440506,3.215836649126917
5221,268.5569686055203,17.297180532114847,2282.100663425859,41.64656352963036,3.3642864528955743
5222,197.008814843517,11.25395292275886,1664.9477449399506,31.2605713967724,1.3550026648444065
5223,-11.094190672366066,-0.5749360279667974,-92.69416290743658,-2.0951072830062936,0.6785173330423846
5224,396.68898786286826,26.479000769915462,3370.612538210226,62.48496175942066,3.8767248728953536
5225,171.56138230846327,11.495854871393831,1454.9385931951313,27.228073630536315,1.1595559642649258
5226,79.67522094784604,4.584981665014454,670.4182384171584,12.314715482430977,1.229373191589485
5227,-64.58837895789883,-2.0607336151493763,-535.2639397666597,-11.528537657839573,0.6982489184344796
5228,261.3669595536279,15.662618057153027,2212.8026506671995,41.74385866183767,3.2878672566741884
5229,172.74561696421887,12.646035234657042,1476.744303590988,28.50802492585487,2.496374039398836
5230,277.1799169244166,18.60051198095764,2351.991896717851,43.436655931079244,3.0031718858292367
5231,65.4306276741152,4.497050232102691,552.6651023734478,9.788988007776325,0.6880007432259219
5232,108.95608888676023,6.311072623345321,925.0725836976158,16.36366562610406,1.4507652100585458
5233,276.45770595584565,18.933199464559003,2353.7302450753245,43.38627514335515,3.4620885324359154
5234,19.265438980091563,2.5951609456544817,171.94940821284544,2.5958582908824566,0.7772748039278432
5235,80.22009570510835,5.3023357548704775,685.4451142905143,12.74640870392876,1.0138645265989665
5236,286.3365707876841,17.8229001658023,2421.4741409299413,45.2124895594084,3.134706258099108
5237,304.0208679209752,19.82708398715464,2581.0258618555526,46.63425964131334,3.5057664046874515
5238,108.85007162086836,7.643452029864924,928.4950384994476,16.756881193440975,1.0108722215545138
5239,411.92235088970085,26.23508518582541,3489.6474530555906,64.49926409890826,3.9682627863380135
5240,110.32942206878204,7.488687995632332,936.4203518726598,17.69150033637768,1.5663979039320264
5241,331.29854310812897,23.590264439873604,2817.9022781756653,51.81364838650805,3.518236448293478
5242,170.8566766007305,10.523034896924862,1444.284229075036,27.27231735905288,1.5243120203960356
5243,167.67850426074168,11.327673150738043,1421.9868627563162,25.548078426711886,2.82824790897041
5244,272.90343157114313,18.240366741230165,2319.2696208629254,41.9963157804906,3.5370523478494817
5245,349.40855186307346,23.351279332135757,2962.012206081515,55.723396098075604,3.9757718464009817
5246,93.45508672802158,5.364626051891313,789.2643946852004,15.218116512608425,0.7213211845426009
5247,106.17844249384471,5.853497642593058,892.109068994337,16.785781664332383,1.4037588317567784
5248,189.65885002751992,15.306591582001369,1627.36274185789,29.406812611972775,2.7176950622986396
5249,261.709840876104,18.053029818756404,2223.188293852159,41.53765696442866,2.925233702215099
5250,32.02346366004401,4.894276720048705,291.469986272448,4.529439193599826,1.253212207232211
5251,24.800128059571975,4.221152550339062,223.3905512513031,4.329062530855838,0.753047037211287
5252,190.80831173530794,11.876292001536939,1616.301391622551,30.706505133040302,2.03549077398121
5253,115.46517987569763,7.725251434107781,981.3414795955107,18.38845431127404,1.5676758902837502
5254,169.29340748792447,13.119776219382333,1447.5330954626172,26.008053921917348,2.3110124909256027
5255,160.38591722971805,11.84787803543508,1366.690336048458,24.12119115514551,1.98566033114128
5256,82.37030951774776,3.8666878218825693,694.2590052499842,12.082897021866659,0.9641437828476391
5257,185.56579701631645,11.600316299537305,1567.8372328260798,29.063752865091725,2.4031346247550602
5258,192.09730186971365,12.970403857986936,1625.760982785422,31.138843705299337,2.140198549060977
5259,120.60624799445682,7.791628659103821,1022.1062899753864,19.43000253086921,1.3417575379251554
5260,351.9594199029791,24.437903141309206,2994.1742216206344,55.034043256984795,3.784266265653495
5261,203.27576436469707,14.144060541595291,1733.275579762296,30.699502384005964,3.5664729351322713
5262,302.1515451495465,20.116649618515297,2564.414585685757,48.23904532106018,3.2632072676123745
5263,200.29059772020574,14.944884095629323,1701.8234155897567,31.808851613655555,2.7923971744980656
5264,104.09252682607588,7.247756552941531,880.1625681780829,16.631541507613235,1.3476561102198543
5265,186.64270824017726,11.159595642558138,1581.482973439986,29.881981648618083,2.2522889344408097
5266,248.31683866395838,16.935513204296957,2108.6078017903674,38.14560004231773,2.6827722490845973
5267,276.0645117110214,21.839320963940228,2359.2970058457513,43.2924746172776,3.285131390613572
5268,334.8645657001516,22.380230338843205,2842.946096894684,52.790475912151734,3.841390225624227
5269,401.68512322755714,27.278878705349523,3409.5026286904226,63.502718791949945,3.9868255611767722
5270,213.34640791674101,13.926748028139333,1811.6800121663616,33.950732381502824,2.1273328639882756
5271,275.93976797637777,17.408204045648333,2337.292919839127,43.256726913674306,3.1846454564193176
5272,217.2950477603642,14.945439633132906,1845.9072531636264,34.322712316902994,2.692724500903688
5273,203.0867678804303,15.435016259540674,1732.8583389896958,32.29703728332761,2.9479663762377584
5274,317.13692658319536,20.640639814348944,2686.2952007079034,49.96051129574775,3.0834356780497387
5275,265.23840904572523,17.14434319609464,2250.128874905725,41.682013423772936,2.780920026668389
5276,166.11431619152978,12.78158948316079,1418.184420482079,25.56319651241168,2.8522141783711703
5277,106.93866223805477,6.280978049628921,902.7283517530285,16.952574254152214,1.2375438257401363
5278,266.6150161910365,19.64871692303163,2273.3555066386957,41.37941034705375,3.727143499662312
5279,8.903595075406841,1.912296238662174,83.96658771782809,-0.03496741225719724,1.166343487892473
5280,311.6132049396156,18.76850543297967,2634.6989214706045,48.889525441157545,3.578308310204516
5281,195.37449164058683,14.482124711436407,1666.6367788880927,30.927813052514036,1.830302219932752
5282,299.1673523091697,21.29460663172024,2543.78212758229,46.79407455420584,3.8526309808463615
5283,226.7403910300382,16.58532182117083,1931.553070160043,34.884332177618305,2.7834343932385
5284,128.19285718230302,8.908520717223709,1089.380849257556,21.446926119874462,0.7113427665164926
5285,31.038162016419466,0.10604055972125881,250.25429857312855,4.339875314485049,0.5406138588213909
5286,305.51051198553796,21.175247292909685,2596.9862195688697,47.71910209054117,3.997126540804012
5287,47.98546430385656,2.126237803195867,405.41210948183283,5.939346541724455,1.1351281536273858
5288,242.34285081954206,18.29315026635667,2067.3416172968805,38.85205893338771,2.334135850070909
5289,214.74802519795014,15.261870848631261,1827.292430520849,34.02271777510596,2.605698239625546
5290,133.86195401705046,9.38236725574568,1147.3339264396527,20.865322330179715,1.9441704265270445
5291,39.69249663371138,3.015429745796411,337.6217998732388,6.656699237329278,0.13825298995685875
5292,248.82339923144673,18.219871702558017,2121.058287138257,38.504139145218694,3.201156904447747
5293,97.4123113014786,5.097118935779859,823.4430967268839,14.889007600614285,1.1688056136526725
5294,287.11701553689807,17.896602222821066,2430.140744005606,44.702239904743294,3.2511145390416285
5295,100.6377830632104,5.091469176331085,848.1347478555382,15.649111994042698,0.813023292165433
5296,190.66024475329488,13.824425658429757,1621.0896586624542,29.91294461489398,2.835268498798151
5297,223.93142405047823,15.952941949484703,1909.2129544185436,35.158890770792944,3.5228228756517947
5298,316.20246895248647,21.112439177859184,2688.541117795962,50.8244849225527,3.14343784016859
5299,365.30166418830834,24.672620329472217,3100.8918285882496,57.39022045942881,3.3805158722106476
5300,325.8962481944466,21.29480792923686,2759.8845456566155,52.26611136539798,2.819564008737668
5301,200.81801945399997,11.802365914950004,1696.7974468112113,31.44507017029521,2.148830408098516
5302,188.0790200982101,12.139987516157362,1591.8481552938538,30.072239795736127,2.6372714699699795
5303,-41.50793573949338,-1.7835622522442263,-347.8166625128439,-7.267361051675458,0.12825374034468906
5304,289.22771256400216,18.48993395571019,2450.642276877053,45.6328149569451,3.41471312660837
5305,164.35058481375242,10.80183251069665,1395.1762606411005,25.757404811281184,1.5969130415726482
5306,176.379422134783,10.967252973149108,1496.2385220532926,29.130543181361446,1.4808975863551597
5307,286.6238954587989,19.618605684558514,2437.6113286863842,44.943047056615264,3.875811846030501
5308,255.89276433716503,16.721161947408156,2170.8312465854146,40.060387641194055,2.7856487028828667
5309,40.04955439707288,1.5603491240867953,332.3136394148371,6.82340513318319,0.24769151677299917
5310,365.5202235379154,23.11215498843622,3104.268309877722,57.102840888955264,3.8933301746493756
5311,104.12670563619758,7.612586869758994,892.2995156056106,16.31626421374768,1.6881615381822206
5312,209.09863462993602,14.660343147759173,1773.6375618350366,33.20221919332005,1.8021257387166068
5313,265.5208636736606,18.680871185576265,2258.374766148337,41.99579075551092,2.6725424449730495
5314,349.5225933972601,24.327453141411603,2976.9749769098057,54.14192353189295,3.2671152350219144
5315,353.6135602719522,23.503063625872652,2997.672633851475,55.97847805689603,3.4195775253032865
5316,220.95984530373264,14.019692806504555,1869.5202203372078,34.91328156401154,2.085887220846743
5317,18.295189752502964,1.492462072844413,154.70485458637822,0.8497880866362588,0.7779076665764437
5318,128.37859780621878,9.695473399072156,1092.2081722284036,20.549018533451374,1.0775542221072372
5319,-10.026705301758867,0.7581233382052153,-76.2401722766678,-2.0242308113492253,1.2058992013938719
5320,159.22356602446453,10.05403401995588,1348.7700763447988,25.375040726885395,1.980598772640628
5321,263.94118829119617,16.323020744859928,2230.2806044151334,41.432781425358215,3.395197089757459
5322,282.9739156792229,19.964442799899647,2402.4516950353886,43.74449688248349,3.790317177258286
5323,94.61185162115052,5.144026878838827,794.7565885649115,14.902607445118061,1.1987467124198563
5324,316.1936989627872,21.26369481373045,2684.2952822212146,49.32974801426214,2.7791667224292773
5325,131.23472439034072,9.619259889942322,1119.2280617836732,20.612985284287696,2.1419981205757908
5326,162.496378996488,12.29895528471373,1386.5596373580831,26.136214347345284,1.5521036383564515
5327,257.4998706414034,18.674887243050563,2190.08300322643,40.105968822047195,3.6759959103521007
5328,254.64425022431033,17.219580536467834,2159.2341400282985,40.09982534851089,3.75957869413616
5329,290.157227890624,21.280417782035215,2471.826929577701,45.69254428072678,3.4973920886417256
5330,140.42929192710042,8.970255261650488,1190.4449731724055,22.01883168323961,1.6290733606981522
5331,164.88103822259947,10.18762924000595,1393.9665001202459,26.075304219872883,1.3577736410787797
5332,236.35647692734807,17.064472313941067,2018.9035897730535,37.71022148768801,2.7889019082216557
5333,61.6545804386086,4.372497520268678,524.9676636942363,10.008836151801692,0.14736301487834025
5334,174.922362026784,10.738877238329135,1482.1570242641087,27.304000045995934,2.2818980055758082
5335,334.46757633469207,21.727766489013046,2832.495507196232,52.43565269001261,3.7243965961123005
5336,326.7692224430433,21.268422509731742,2762.6441789645683,51.433839745953954,3.465386721653183
5337,320.8235630144916,21.566339107379992,2723.563616692725,50.00294035914851,3.9403318806176744
5338,74.0245085920485,4.879990672645711,628.6987461813995,11.71627553139214,1.4583850323238967
5339,156.1906478493419,9.694182572784786,1321.892175438394,23.994497231749733,2.727119822444869
5340,157.70284006691932,8.748890080136926,1333.1494568081118,25.285725208918112,1.373960991325454
5341,54.50731189147524,5.567150919996698,471.5842303669676,8.573457117769497,0.5054747031881899
5342,215.01913601399642,13.314733561384973,1816.9684402168712,33.60447815847128,2.3594791256795933
5343,-0.3374312391713865,0.5008883480568536,-2.093192281210751,0.026617195395445048,0.41804282540112014
5344,170.55751401110325,10.390725042061309,1442.9050412472743,27.22670124573434,1.9898475787683219
5345,107.68289414912283,8.041991018883804,920.6631856881268,16.89470170510879,1.8587442459115944
5346,155.843149443471,10.374128732055027,1321.065894515207,24.500358680800513,1.3251079746081298
5347,145.85916951895683,11.12268676864974,1244.029115842147,23.41024778967204,1.9173799488840793
5348,257.21800277656,17.296360333806078,2184.903911134427,40.30552070582883,3.203585596301405
5349,379.2098455445749,26.141775564260307,3221.7821105015646,60.30295318721534,3.686195015936451
5350,318.028483298837,22.166251864507792,2704.149034360399,49.66230801404169,3.3387650905035087
5351,19.344257637308846,2.326896867255993,168.92882478522012,2.323230158729607,1.654277885184063
5352,224.7469881368309,14.50104768054293,1909.4180890288803,34.21649022406302,3.3195619254123576
5353,154.41598581135065,9.203548371408854,1304.748219377819,23.97025058768688,1.6031883182568198
5354,223.15739366019733,14.066441339113496,1888.6652367845873,35.06796051205117,2.59226801657941
5355,61.41486576291057,3.5172797460918543,516.4533832722527,8.79585819440931,1.3641207860019056
5356,96.30362637729544,7.284567254848261,823.4634523309153,14.847943599369884,1.4600930335040085
5357,148.1903675482612,9.32449437990675,1253.3755194496396,22.797777585075572,2.1230830462380723
5358,42.20586228397807,3.129726643122441,362.35541477142755,7.090901818227511,0.13299614238326862
5359,181.60915098097075,12.686153120762585,1549.1256852393524,28.140122746686632,2.370526632078803
5360,141.7928006991546,9.672582631023127,1204.330040702179,22.6070955261641,2.142461911123673
5361,190.25799387890055,11.200755690137788,1605.774363440614,29.864080839640145,1.7968611804208385
5362,241.8279394948882,16.444802554325324,2047.26943828798,37.47052148203334,3.2885003273220286
5363,79.81874644353799,5.583861067702508,680.7618848160241,12.990824059423431,0.5298399309965185
5364,282.24583196942615,21.022227946954374,2405.7366913653887,43.36795121330396,3.5760688877643427
5365,295.29504403660314,18.41489461579678,2500.0120791348845,46.54069913497875,3.248413171425923
5366,186.21821125792945,14.032757538483601,1588.1976532776116,30.204686977617158,1.6246918859140291
5367,310.80125364814626,21.547041302278963,2645.9703254994483,47.558073016964904,3.853604711728134
5368,197.670219919824,13.018919591226686,1677.3343195991529,31.562652774801965,2.078875364795938
5369,279.32563030399353,20.536536099885634,2383.541536744071,43.61953389574959,3.5379316939049255
5370,314.2006091752664,20.42740841768506,2667.9696099500297,49.95193717654345,3.473436129042697
5371,272.8078682898166,18.09629062785639,2316.3162057694653,42.44495865018249,3.197430926095431
5372,194.1084140242093,11.940995693440343,1638.7345363772527,31.01132081900182,1.8872289988038298
5373,381.23319325318056,26.887582599840346,3240.6587576566253,59.68392215880217,3.960261951215954
5374,130.2521021657592,7.561850689056444,1100.6055327699348,21.229741012817694,1.4759782353899658
5375,-35.22132655873016,-3.14082403613978,-304.87026867124416,-6.202912052383018,0.1804952640585067
5376,121.71666672623572,8.010919170262685,1030.2518594704368,19.09386163237337,1.598585182404776
5377,177.65223956433533,13.260576950418482,1513.700891982739,27.10421508255281,2.7417795924979393
5378,145.6393678116333,10.367169828120723,1234.187704473319,22.308981148627293,1.8066904539147668
5379,172.22816916883284,11.585948642061888,1458.8096408704941,25.304607723306233,2.8202045159261173
5380,229.29196141859163,18.2876367478325,1963.6964088240723,35.913962869830506,2.4788481212577316
5381,34.624216121396834,-0.06638962094580281,283.2952986812278,5.851369867104025,0.6350418278548653
5382,195.50901422919662,12.229602617991812,1657.0977809991168,31.063533453430665,1.9631096809939281
5383,127.87359544620723,9.97685352245419,1095.3410395884835,20.571552624076805,2.061675409050543
5384,247.83485854774796,15.916197011456994,2101.2546239168264,38.645485800074994,2.437305728807536
5385,170.74562534213632,11.30669183106925,1444.7083388460649,26.590048835696944,1.902519852537631
5386,55.67243513051826,3.7319902882922835,474.6866688209705,9.07840713389201,0.2925949792276219
5387,191.10439860742883,13.950222007016368,1628.771770944059,28.595598958058506,2.8744113375215767
5388,359.8323045355496,23.532384187746153,3048.275536457494,56.46349981790186,3.771515868147454
5389,11.402107906022495,1.5110816354950147,102.01396969209078,2.0272110618037806,0.23592481565863554
5390,-50.78689964471433,-2.170453754759798,-426.67962781181757,-8.170944983599316,0.7424291343746585
5391,101.06548643650585,5.779057343107445,849.4021293489178,15.737138803716721,1.4611625887328632
5392,195.86825999008033,12.865787736288668,1663.3361710379963,30.927712771495997,2.4124355616019617
5393,156.35005155663114,10.19758148560981,1324.5932291027632,22.597395540213313,2.9619138843493085
5394,55.76224696874527,4.455938922632546,482.7907553098174,8.605046694916457,0.1742614228464845
5395,126.80388185126985,7.970877164457268,1070.5781861869887,19.129106780442832,1.611320683961198
5396,-28.976936580110017,-0.2767123607502988,-244.43920286104256,-5.223536378665636,0.5658756620022802
5397,182.0989446554374,11.727731705108061,1547.5938143596313,28.267368854619615,1.9016536134246476
5398,20.804128502784103,3.38972831830369,185.08731723042365,2.8801581068690156,0.7140186909315882
5399,218.7076287114747,12.798767921904536,1849.917571803943,33.89052064889524,2.290881784892912
5400,164.40614991852843,9.251640476010664,1386.143131998915,26.61496387119997,1.019506404510226
5401,153.3879593507833,9.861893619152918,1301.807411991596,23.595489512558082,2.0035515164210924
5402,317.95912250918684,21.758315172945956,2698.4497069532576,49.980968299637254,3.6994123802724648
5403,148.09075765278536,11.414096106856283,1268.1503414193849,21.9157213386229,2.8709157057155945
5404,103.81580548265264,7.4985671114521075,880.8453316196793,15.415409143341034,1.7302784060598824
5405,119.79516141759046,8.437469003103532,1021.1806914954313,19.56550344561322,1.3850197701582143
5406,36.12483087254814,2.538302799831403,301.5751225046782,5.636617167955792,0.20252297888354054
5407,226.504816193051,18.34263142214449,1942.4386740151344,34.918516590345746,3.2280497096967964
5408,-3.1053600882149084,-0.11225007650735952,-29.071148425252886,-0.36427823535617726,0.3390400147526993
5409,140.48299817874252,9.162390448556796,1193.2189389611765,22.310518807292212,1.1017643114476137
5410,211.34113046524465,14.263926133629266,1793.3866283253933,32.047333159590245,2.9026420421405446
5411,249.00834591154586,17.881335723339863,2119.4240081749053,40.08917875549976,2.6965388037888016
5412,314.1880022831057,19.960571346546768,2663.2798873176143,49.31561528560209,3.8930221238921887
5413,281.0822997582528,19.026099119500728,2391.0510247058255,44.59322148420213,3.032713293507031
5414,205.96102609235584,14.57052743745172,1754.341165750706,32.16182945017606,2.6849704419456764
5415,91.35977016887603,5.980054607325109,773.1893317087822,13.724439161031825,1.308090196504113
5416,-5.921290932361971,-1.0646552010366426,-53.82287569901111,-0.3002867086077732,0.3416499881993702
5417,228.5473626128658,15.993905547073279,1945.4993857620807,36.75984718290425,1.7669157705570933
5418,98.50089791876167,7.6769179652455755,840.1800549653066,15.088863812280358,0.7908369233487216
5419,312.31913561432987,22.793583245425957,2663.074525525831,49.275624370938154,3.216301891610658
5420,220.10071932688936,11.629263009081994,1851.1951080553754,35.27639134450386,2.1289913391519235
5421,60.406635597030814,4.807957960446183,514.482059992491,8.992814676566933,0.5692546642647223
5422,12.628099205927144,2.4442849848580313,115.54920479908807,1.6433504665782026,0.624039476626304
5423,247.17917755355012,17.895022659805147,2101.907206293884,39.23823309687724,2.662846170736734
5424,88.62601338998674,6.6443414265852345,753.8032444439326,13.570403432169936,1.352811389171574
5425,-17.58052864757545,-1.147713002971169,-147.62647241269684,-3.1974175286474193,0.40731009191451983
5426,286.8226073453654,18.71544038877157,2435.3911646510433,45.46745887165517,3.5791095602745755
5427,-7.924404012935582,0.6966763253541135,-59.23127076506223,-1.5606121318962423,0.6682181983141366
5428,201.5150063379114,14.845566688755497,1713.592917163618,31.94752361392097,2.5406630723522987
5429,54.01543239632912,3.553501352620878,459.94152039325803,9.495844696791274,0.45203027848359234
5430,-8.007715095521029,-1.7947045112169588,-74.85272430180135,-1.2463555955696117,0.5344871196275442
5431,247.88453039107594,17.369092607573705,2107.5824692003184,39.760712934839475,2.2514954903248836
5432,318.8021640485053,19.401280274334596,2697.7277714353577,50.25870725998336,3.5168894732808953
5433,264.25030138183286,17.77768930953862,2244.953845107908,41.460512578070016,3.309916903106225
5434,42.96227085840932,3.8907416276725817,369.2277677903618,7.154915851081136,0.31544603187205
5435,171.08827353329033,12.69218545330147,1460.3392176880704,25.984310726494737,1.9588745751441525
5436,289.75291716754,19.533190170626153,2461.7213103291547,46.340630712348734,2.4332917108495127
5437,273.9221560039006,18.831178183530646,2330.692580249311,42.865583883086956,3.628827246845545
5438,51.22814018009033,3.524034208152684,435.85043416078366,8.104139663876634,0.7855783258298112
5439,191.75517048176266,14.186580160171637,1633.4203982435015,29.90126271940729,2.1615523008102433
5440,161.62214537278334,9.942723554013035,1371.0947266402275,25.13586578553484,2.182006423949208
5441,82.70162117322988,7.6515503121317066,710.1443340707419,12.078447005355807,1.5521493927230812
5442,292.5858849767465,19.20216301613626,2479.0755138043874,46.62302395719995,3.1653433007254823
5443,185.2466771336715,12.634752688856803,1576.7606921218123,28.200485733403266,2.839830782179306
5444,213.22817206155534,14.958113120796984,1816.9040472396482,33.283078561289116,2.606542272856273
5445,259.74946643601317,19.113259292396947,2212.7730981384416,41.889228767465156,2.244833693017612
5446,338.2054332079392,21.816485751248614,2862.8016250134947,53.2738565897762,3.8549663781622976
5447,228.91376455450705,16.868681917891237,1946.339170529748,35.71575237886417,3.1903827710280357
5448,255.45429515329147,17.677079399282345,2169.984233598016,39.819922253705315,3.231804943333109
5449,146.94118357512247,10.987088955740623,1252.9977616594317,22.605192220020225,2.164728056340727
5450,147.78330979638008,8.549853898393918,1240.882860995315,22.79298532041391,2.55045436663391
5451,130.85388814131952,7.432214951666834,1100.8287174884288,20.388388658671975,1.167948680693533
5452,189.78296987435033,12.062622669807862,1613.5521123659103,28.83126512961037,2.1423585996046466
5453,272.28762761004805,19.45799472690358,2316.9470216861814,42.49137545681899,2.4210990141454793
5454,81.31307766955258,4.54108098618014,676.2131777076161,12.833044876920669,1.5728176527673616
5455,301.1064644908855,19.61303855023074,2550.7792690587494,47.38376090420912,2.8354110613589407
5456,277.1151641941379,17.897055817890738,2346.840327629085,42.284798298311074,3.7356480926099445
5457,95.12088840124864,5.812830731215416,803.2136953969881,15.203770928186698,1.0304565290630823
5458,63.68914523939102,5.615463235526134,550.9309209981529,9.239446448773595,1.3346105790120193
5459,39.66449042199778,5.2540821200320025,348.2181232236892,5.483588719849546,1.333088342542975
5460,244.41262137834116,13.479225946343252,2062.8786567828906,38.84361548481653,2.824270719108085
5461,254.13254535739233,18.29322431539752,2159.3344588784466,39.88043237285839,3.230485150278056
5462,87.50812405577123,5.218816771403882,737.4267006435707,13.727187715822334,1.407431358329831
5463,241.6037989088168,16.60002441810027,2052.489012849309,36.92136050375701,3.2171643991309438
5464,111.76133266428215,6.99134806639182,947.374119314621,17.981529321824077,1.7083091474420407
5465,178.90990927239469,11.40925771350091,1515.2842683560589,27.811886987422266,2.9120750466484964
5466,99.43341294774986,6.972469599726518,846.5390890526841,14.710832148068668,1.365412370238376
5467,20.360555824591664,1.1212262485098758,168.60053608512123,2.216005497357963,1.0119612476851123
5468,118.71011647696673,5.614082198194284,998.5953349993247,18.343096560916255,2.1587652405929485
5469,111.92248877747207,7.557258738428359,952.6072065555851,17.318188418733715,1.0750230332360675
5470,227.70893255607385,14.052788644760572,1924.4888112319134,35.717241468691476,1.8456425955468698
5471,292.8695473083194,18.081580271340304,2476.319111632683,46.15282286028168,2.8251835331459927
5472,123.82941405864264,9.45002089157879,1060.7730640825307,19.9497599704465,2.122919960887104
5473,9.869147064381103,2.508355761364909,91.9847835965373,1.9609255158586718,0.9968754348858786
5474,185.6021515612014,12.675614758375422,1576.2035052964886,27.837553051254023,3.317053029355597
5475,246.86453765784802,15.405062127117919,2088.1291537949814,38.788124995894194,3.3593497576162323
5476,64.3089346027399,4.1474239917618645,546.4416845113889,10.142613759973957,1.4762711857243374
5477,339.12471901132244,22.12333357424873,2872.121689940271,53.720502218149555,3.8442612877855002
5478,300.10941848327855,19.388954111341192,2542.430170990992,46.449500885549874,2.697828860512454
5479,125.81927128174914,7.985846797146113,1068.6092091732578,18.473128208789216,1.7349767793918183
5480,170.0048450255455,10.414306819618783,1437.404914265255,26.559322482929367,2.273305032428177
5481,-21.53008658708194,-0.7082021872805517,-180.36592466373227,-3.9265978377453954,0.20396727943166448
5482,32.17057175113738,1.4675692393354764,273.1740585440081,5.410131997161853,0.6322379310794064
5483,189.5519631995684,10.835577249958025,1599.8926522707552,30.148992913665072,1.1911996924082766
5484,85.86950386077409,8.705889104871606,745.7609663363343,12.228755324425137,2.62066808130681
5485,89.82141829819567,7.216166868952295,769.6065409781293,14.074476534828104,1.4715047668961394
5486,228.12952621717258,15.725014810210773,1942.595535140193,36.18032998550045,2.5466885775737227
5487,30.18265798564744,3.4923236299092295,266.49331243158383,4.2442768164971785,1.2809723540397466
5488,211.91754554251807,15.765201615735666,1813.906883468911,33.35445273065065,1.655232862952174
5489,171.6409215171426,12.688621649743228,1463.6065755453822,26.34954568971199,1.6949362275787894
5490,33.54829141345192,2.7507824232983937,286.6097665567928,4.878896128075198,0.7104088722269739
5491,284.9127454945002,20.61285279842391,2428.1969470629283,44.67292759696402,3.226785891620317
5492,175.1181445192676,10.187163994052188,1476.5341443509303,27.86108250523154,1.5782254352588616
5493,356.4075752373267,26.190426366613192,3041.3800258402034,56.03860177537108,3.9223261717962585
5494,91.99281522990589,6.061493197443644,781.797665577678,14.555042925667898,0.30937430507225283
5495,51.1715872069682,1.7242635102854489,427.6295896308206,8.333852439698052,0.44141483962712735
5496,313.47652513330155,22.160468920949565,2669.029339203781,49.63114719647922,3.9555818937684273
5497,216.02395787899763,12.768716707996273,1822.5182979157585,34.09895617742063,1.706365940767539
5498,25.92456307972399,0.18774663998040886,203.68803078989217,4.180622388920139,0.562803383193653
5499,204.50382934182662,14.655491310397398,1742.3940064196115,33.04795824923339,2.932583287390763
5500,233.21719697665816,17.57357392808317,1986.9583355479338,36.48892779395083,3.334716694724478
5501,174.24049985888595,10.766629989167779,1470.8226779979113,26.28668180808511,2.336410047737358
5502,16.843049089123802,-0.7380305881157563,135.34484653623903,3.050840431559992,0.18952348964603605
5503,247.7779912542278,14.808473237108146,2093.563014438982,39.36317983089157,3.426381621966884
5504,190.75261697919657,13.311396441382723,1623.1957149694329,28.726218225332367,2.9666786857309435
5505,128.6653576608578,9.252352096101006,1094.2794501643768,20.239852017451355,1.0161971023478387
5506,218.8193996937308,14.593156383747845,1860.1013142254526,34.554656320958124,2.251173777402485
5507,82.23955981229395,7.1853678998352954,707.0832905137657,11.969882522050982,1.7086221216872501
5508,134.40530828322193,7.336307284336995,1131.0679189643843,20.6339711962196,1.6915302257594185
5509,4.681131232752402,1.9237587154388354,51.07689007219423,1.546862200957194,0.38159667207203984
5510,239.59228959146708,16.769555835791593,2040.613556036599,37.477411000776804,3.1456014579158995
5511,288.4144638616528,18.160482797335895,2442.889954692721,44.485830943483556,3.0874418024889363
5512,35.70153393800637,1.4624077846287378,299.7555729268942,5.315064406448846,0.7211674834863357
5513,253.596319065071,16.918782799305585,2155.0236946557643,40.33157512164459,2.7158008559842557
5514,110.14148416432792,7.044111427411688,936.4827607810463,16.590232691794863,2.3736409726103513
5515,189.78657388807463,10.830819118358825,1594.17054847172,29.75729737868208,1.211632758466572
5516,69.03091740269178,3.1997583636954605,582.2221013134726,10.161911535634843,1.232375392179141
5517,138.0539899868935,10.238941737352093,1178.9445466403913,21.952411136767132,2.146616731706098
5518,252.97791897231784,16.56166439267676,2144.7647410800414,39.08084134710759,3.423214328892504
5519,17.22596252922647,2.154061924030946,152.39037202147045,2.1940217593270814,0.8498613559608916
5520,-33.08734358308866,-2.120201692737939,-280.3521117692956,-5.854054791424102,0.06510282686428326
5521,163.77860312905082,11.007731554048327,1391.1163647807368,25.728414524639557,1.9802127094306874
5522,26.85157929133002,3.1211359727462984,237.22939977848327,3.8749464495874237,0.985423528086653
5523,288.31543042937335,21.201125974187978,2458.4272182802724,44.271619866435024,3.9360806322683572
5524,359.29364518647145,23.210830148100044,3042.4423442090665,56.59701857010284,3.660365527593154
5525,179.3520558128515,10.792559479939484,1513.7681878990586,28.261493480864466,1.807489769473257
5526,342.89623865473794,23.562231853714145,2907.4422625087677,54.67936586065441,3.232271022994464
5527,128.0085929946757,11.585974542142509,1103.9861892623812,19.377319270695416,2.0655184567669376
5528,26.65057619111455,4.703700778423569,238.88744920958067,4.602685448064526,0.5577392123117724
5529,296.3274304468411,19.279889712223515,2512.780343655595,45.956710351596946,3.8258407920703856
5530,117.52170165578919,7.8743167878164835,994.4934938026987,18.906921589781767,1.3743691149493356
5531,338.9935693490007,22.605365308335667,2877.6226407384934,52.95390983699504,3.8451272667517773
5532,247.35865866270427,17.368207842569213,2101.8351166968405,39.10532849776187,3.0678960794495107
5533,213.9639821164886,15.884099019459887,1824.412282916986,34.110364009475184,2.780129049582356
5534,130.76361520770044,9.280926490670762,1114.3535005394842,20.8437940150461,0.767133700036827
5535,24.540360405901822,1.6394833969712441,209.0485052155405,4.583068255169796,0.393246730568769
5536,154.0211479834327,10.174115094044687,1306.0140004433788,24.35936829528102,1.3372249328003991
5537,83.20985655274154,5.269409588642667,706.7861345612074,13.367866043190645,0.35596942585281477
5538,85.31915422804474,5.974801497369787,731.5297644028137,12.479884762554306,0.6667193574262296
5539,203.9419171043702,14.301921131032145,1735.3393150806712,31.727318382991765,2.8725120577109986
5540,92.99477486238015,5.639878997974662,786.6461109095677,14.186011327262523,1.405643099084383
5541,276.98279540653124,21.51342282240996,2371.8729390037506,44.5716835501703,3.2124477197200787
5542,12.482658603849801,2.6165621205084473,115.05742215610381,1.212675742090453,0.6517898713865442
5543,356.38403344647406,23.46991709719243,3019.0629061005493,55.54586418798621,3.4526394127541384
5544,304.5909511431701,20.70327463147855,2586.1662369884593,47.5972493950126,3.4199711843198983
5545,244.04628003361216,16.955293482375993,2072.7164169240227,38.01425640219168,2.8707327320134395
5546,86.30313584454625,4.257218927041515,727.1423442820139,14.172664890808598,0.19538656402892585
5547,169.04180456869526,11.184583132561105,1432.6347994305859,26.614137070389976,1.9977989091561938
5548,150.60254714728356,11.675519141961372,1280.9947898752177,23.511651677369468,1.4713823366842265
5549,291.5396876176361,16.763982456417466,2466.153944821192,46.707289698083464,3.3435627625360413
5550,226.88047266645887,14.342382991975992,1923.1137382092297,36.13232054064876,2.1171477089256183
5551,256.9366589549947,17.753539850587536,2183.1607099653133,39.47410719501943,3.3314543315221257
5552,255.19026325294632,14.946627306134657,2149.15141817675,40.26692050068285,2.117922901024978
5553,254.1319009444023,16.757460527394475,2154.589862483188,39.7603119010911,3.1325551150830804
5554,284.63194732774167,20.80812982326663,2423.6411462083342,44.55095166242116,3.9353154403996555
5555,338.8365640292866,24.39198863847386,2884.243199358554,52.689457467958654,3.6289162290011268
5556,233.23260969798415,15.458626990066792,1986.8536634679429,36.23162463334313,2.899683569192673
5557,250.85309475139283,17.99427822208205,2132.1407956436638,39.749688144801205,3.2422411221195007
5558,149.72612297391493,10.859987601681146,1276.4597468476682,23.13468756679568,2.2425021268774428
5559,218.1728359863489,16.003218437534986,1857.0709080549132,33.19189299070926,3.2167834400514477
5560,56.186063148780185,2.637884741187052,472.4210051264925,8.405960222890469,0.3004042234701969
5561,261.4440961452212,16.23517356955274,2215.5484408507104,41.35065003605916,2.604269289650046
5562,212.45665222051113,13.954181120603803,1802.663324220401,32.88083833507832,2.9625969917884443
5563,84.79838207376187,4.407795204772167,712.6893478651876,12.644845772214314,0.2183032807839731
5564,138.10652274559206,7.1895638326116655,1166.9207434217708,21.718783109625075,1.2162420509780154
5565,234.504651834459,13.900940421019,1979.6478445924156,36.72199277109765,2.5779163267378182
5566,64.16272233746201,3.8153601559634795,539.8850102275062,9.790795699324041,1.0982805637294901
5567,252.26627875811369,15.908412601218718,2135.3800884283096,40.177098733979044,2.3060218666004237
5568,136.89066149485095,9.619519856042373,1169.0127139768263,21.525356636926038,1.7781165344333578
5569,59.58299424433851,5.28773347675253,511.1052342553485,8.102314536783439,1.4211658722707337
5570,-6.638235190447948,-1.1825254954622682,-63.4446532319778,-1.2258603603371192,0.060924391874186856
5571,323.32993712538,20.743843951271177,2738.2376740155896,51.54449641541435,3.59088387503994
5572,17.304837041981234,1.017686523764105,147.30225085114466,2.39055650712632,0.17459465034527444
5573,42.52985490720295,2.7613544875284197,362.3466117641807,6.565060680190424,0.5323913608324542
5574,151.24711032156688,9.813856000040836,1281.4368932319878,22.722167001190623,1.6480656766392738
5575,144.03913882459932,7.190215722852379,1211.6237591501338,24.033264404963298,1.0304085451091898
5576,153.3098575958435,12.792917090666592,1314.4863025148447,22.996898640414198,2.882707238501547
5577,-25.343337572325584,-1.4684041711157154,-212.98361861829204,-3.879733707555502,0.5939663611664461
5578,181.91863569406277,11.032511991822295,1536.6282660750053,29.52014419269317,1.5672483740968213
5579,159.63168314524592,8.791008909700729,1343.9398004110794,24.889741774378912,1.167602702872907
5580,93.43144530720103,8.050881558963336,805.2357351173519,13.579429840756674,1.7429506491628475
5581,253.20638733404763,16.10691526324878,2142.6783955689007,39.401854471633065,2.487531926337859
5582,-66.22210685442514,-5.014746486266845,-562.0719465418181,-10.610981903882589,0.01377022877753964
5583,130.77964834103136,8.652711600973642,1112.8568705556968,20.59368330599145,1.6548834139543187
5584,186.86513703063292,12.826212113190758,1591.6952147112106,29.015339756881335,2.596014306478815
5585,-7.917161271140367,-1.9858721592156074,-73.30924315680822,-1.549401013544915,1.0120142026889831
5586,154.87658617223587,12.09112846909544,1322.7505099398875,23.72580878031092,2.3450561451559597
5587,277.5237250462822,17.956567623959888,2349.5561865524455,43.10955129738929,2.4832581932478472
5588,25.178842592442937,2.4906818781942532,218.0936897294747,3.8540137654331614,0.06924743311698478
5589,176.71607031792547,13.2016504797222,1504.1299381980923,28.74157675757291,0.8863391366619813
5590,173.11106395605586,11.234917498249688,1469.1325264632321,27.138605225119058,1.638001463079807
5591,267.91063947043244,18.21930632828722,2275.757106553491,42.06991600385461,2.7969933119165096
5592,105.305423662343,5.835382572358871,881.0304298585703,16.75463808006007,0.6934675783412789
5593,230.51829548516528,16.564479540514895,1962.5950646393874,36.79611854245033,2.460740606824807
5594,123.97314382508306,7.225993765626214,1046.5620399078055,19.345634350715695,1.7345024011738412
5595,-38.8946359369152,-0.9323204933073397,-324.7003986730294,-6.952985143607362,0.40672551493289566
5596,258.6394133283246,18.686407415923608,2200.5338326402957,40.52462810681993,3.4350107670360877
5597,24.41668652547009,1.5142397861889771,203.97243671742865,4.608412694466722,0.4701065828796782
5598,213.8196665413743,14.502848939333733,1813.4008153808886,33.2117988742926,2.379931977185552
5599,310.3393081509301,20.01664636927521,2636.001178224949,48.392984048519985,3.2822336082894843
5600,264.4822604211401,17.66010849671051,2242.2912595756984,41.297901867641706,3.417323207148374
5601,83.18952248012941,6.8289636483279725,717.7381004575112,12.397049525738847,1.4818807306538355
5602,157.64591307923916,12.161913479129941,1341.0239517821233,24.46300135469677,0.9595736581855796
5603,223.52535993719636,14.976694309309558,1900.2168899423232,34.94336226885971,3.784337357354448
5604,178.72020549833152,12.627905954925607,1526.4188180988106,27.241725643117718,2.3266585576577716
5605,297.25069410645665,20.80884618368305,2529.390256154751,47.42425844425709,3.0319033479587745
5606,246.16262222610405,15.678240059810049,2083.6180190752066,39.073168014826685,2.770348283499238
5607,276.1134782825402,18.47286018423974,2346.5254474327794,43.74051580365273,3.1218257396700224
5608,141.23815792717,10.358362500121629,1202.7997827867032,22.037957023166868,2.453585367978977
5609,212.11509735496054,12.63354576704339,1790.4930862596982,33.7492898815612,2.1741590912398454
5610,125.54440866365174,8.609462369995923,1068.429529368249,19.141340944679197,1.8317999964126015
5611,100.44824814047833,6.298289899558661,847.9246924750199,15.858853853953766,0.4376695409762008
5612,169.06505070744512,9.987082966147025,1431.2372991241868,27.416675375526637,2.5187643959674246
5613,66.08578358570267,2.8107222506896217,554.2783892393273,10.9043738564956,1.0675645420662163
5614,152.55539345755986,8.891768905661468,1293.09363968733,24.62475461742661,1.8375652325150837
5615,287.93927556127926,20.045041696436552,2444.702623562575,45.2119391110955,3.1138346171439455
5616,-29.192962105751274,-1.2237022090156944,-243.10243669515776,-4.216389878978861,0.1490953070749108
5617,175.31401520326887,10.604802236702401,1481.3141825807525,27.90832095145896,1.2698171174752804
5618,244.28931321683328,17.346963861652235,2078.026360663693,38.073888808605716,3.8072732169347
5619,-52.03982181127489,-3.373752859712004,-443.91778196950804,-8.791801184740397,0.437837106563284
5620,158.36489910672236,12.387147499443854,1349.306736764474,25.905191500445607,2.016187145895
5621,218.37954036876872,14.518504748257996,1858.0636475005736,34.805698704238296,2.762783238645668
5622,109.78283503121531,6.894613799307954,929.1104005197163,17.241765190924276,1.1832232611986728
5623,69.29648983932366,3.5029480031214013,586.5265303875374,10.823969627744237,0.3622212739528199
5624,285.12811054178576,19.558279268033978,2425.6116783210045,45.87087913497624,2.674204445042824
5625,61.499738171215505,3.860207064839797,519.577578464576,9.410416632566857,0.10432845137773317
5626,188.67588808983757,10.729032169773177,1589.3367837777141,29.66275298095854,1.250136020359609
5627,-20.48904343152465,-1.151038005195571,-176.47940341553468,-3.6419076261301657,0.24090361741448607
5628,311.2283810873059,22.254050359180486,2644.2848835311065,48.58190493789911,3.7543554419533076
5629,217.77484068096328,15.01108932867848,1852.3429600124819,34.536022435660165,2.8200055678292784
5630,144.87951845998873,9.016162135303007,1230.6172850728851,22.60860308495184,1.8939674605241503
5631,211.91469960153785,11.582843562480457,1780.5408547783102,32.32493242600795,3.245512109698603
5632,83.78209231024174,5.290363468611734,704.3131832649709,12.37774842776988,0.8978096478487849
5633,171.35664671200738,10.344183236691773,1448.6544238820015,27.809398378768698,1.3639890425448464
5634,113.71123682013467,7.09815795315705,958.7186858267532,18.123796367996512,1.5844375913669166
5635,36.0960571123511,1.4545415563751034,301.43412204703543,5.899085953864161,0.49203665150935905
5636,122.44688827503711,10.782554517522463,1061.7362896742068,18.939152268337047,1.5946046100484699
5637,69.41994747922001,4.27058171213203,588.632460909196,10.780613434472157,1.3785779233418753
5638,159.85416886622986,10.908100420967724,1357.055196325755,23.292037969300328,2.4069405631224865
5639,134.81871596771535,7.839884271128016,1139.687051597343,21.037475973343298,1.0122325527238907
5640,100.62566235694003,3.4637830911909213,835.9523622604646,16.805393828282718,0.07314926928657961
5641,263.1927892119371,18.90730704572405,2242.8703112553167,40.89811061200133,3.413058656154015
5642,207.33936750682352,12.292937967737759,1754.7404821617174,32.2168115285,2.5281218885387466
5643,275.11707333256174,17.361614407420188,2335.410074827394,43.822443473636355,3.165100317205619
5644,400.03646478863084,26.606405767202588,3387.5088829931356,64.77856421899632,3.2301948628327413
5645,128.97016555875163,7.850293697851562,1090.1065380150806,20.109806060899388,1.6348875215801226
5646,158.30319709787832,12.256236849322082,1352.975105391173,25.047374754134964,1.2573621318602677
5647,194.54234855788002,14.049453264085999,1657.3319893048763,29.934172505943092,2.5031961471646484
5648,89.46791525672074,6.812335129573068,758.1639329143762,14.932523360057655,0.7086410622960302
5649,166.73265431514847,11.273127654333367,1415.4223091597946,26.240530167363737,2.474566647199632
5650,379.66616244364536,23.80107068977944,3219.1583025785576,60.01253756668866,3.8065327708116548
5651,151.10728738505026,11.066862050358745,1291.4513843471216,24.12326383356745,1.854125143147629
5652,369.2798396542695,24.585062758470848,3136.15324004163,58.06513642168314,3.943445893174721
5653,189.8955018902506,11.875913668542678,1606.5857585677527,30.671787667858403,1.8694453915638514
5654,415.22859846638863,26.736550404037203,3518.4430587211637,65.66797906852173,3.622394483027227
5655,96.45405551781268,5.087715574803797,807.8322877971807,15.855251091174017,1.0188708604992005
5656,-24.93886378409772,-1.0844502085116332,-207.70696826905132,-4.93161297696591,0.7260255076247155
5657,75.44442250468991,6.363449907332623,647.9488777170334,12.196485521840012,0.31331493531783794
5658,192.62912226212356,12.4461666088604,1632.16802028097,30.433569938691207,2.445712678113901
5659,236.57456370034566,16.976336330075178,2016.4891407380699,36.88052650619331,3.777334318971993
5660,109.38697047205817,5.9857753252672445,920.579600765945,17.026008979567866,1.0731990308687838
5661,181.562482585002,10.323748982373328,1530.7859694662643,29.546271840913846,2.1996215140424558
5662,-81.58856165497004,-5.145984489611114,-692.3869668959744,-13.703657545065521,0.21423972458610674
5663,270.34259505680285,19.075304201376028,2303.352198237948,42.35036486190892,3.351227489019355
5664,289.8971013569987,18.97390294583259,2456.291096088006,45.8461987476217,3.6469359538372705
5665,240.5005475050569,15.978437716040425,2038.0798199293256,37.477842899796286,2.892682510199075
5666,273.39702028965746,17.181646862669822,2315.3631368264064,42.58239077752142,3.3386436094101795
5667,210.56077289537828,16.146928715837156,1805.8356029444265,33.700837751172315,2.71346108945799
5668,235.60228670051893,17.156298744707314,2010.788560206881,35.93091980650326,3.8034362577671392
5669,183.43552594508895,12.467208866391086,1558.9904336549343,27.882724903108905,2.3483762382375626
5670,28.427631974449444,2.1313329160947374,241.15083134754087,4.446899635755965,0.34281046491946165
5671,140.11597985313654,12.27322367052026,1200.3141051659834,22.330160132121087,2.415924723371565
5672,333.07281274272464,20.813672023411286,2825.1620222010383,52.87952760617316,3.397772964374855
5673,89.41625376119137,5.9963821687537235,756.0307551843999,13.860051654484167,1.466831403938385
5674,63.59123822677118,5.130482120845508,542.0338307928242,10.400347057780321,0.9687531447286637
5675,318.7448043506558,21.102467447564898,2706.4797931858793,50.99172662645152,3.2864485191987662
5676,284.63317476328103,15.77129756917096,2399.7288449886337,44.466123909135376,3.230138175098549
5677,228.28510885869204,16.571740000885775,1950.0061319020513,35.56586463322964,3.634582259239095
5678,294.3112564064972,19.78225802079167,2495.026899956758,46.23451445025525,3.146004604022485
5679,103.3476927492338,6.729180533568769,874.7836028394086,16.346479477293144,0.6373491252625025
5680,282.9195382338157,19.023600333043916,2403.601496856845,43.92961598994118,3.4938486265062965
5681,116.98012732949802,7.229853292526603,986.0295985902203,18.119485329847627,1.6804849424080204
5682,320.87629080707165,21.118936889840963,2720.245377451007,50.57033433002327,3.7369008047990375
5683,255.97746899398834,17.140931233827114,2174.8427132462402,38.99695549359107,3.449014589135098
5684,346.566486906984,22.21184352025018,2934.5964601987635,54.808199517054256,3.9474512441815017
5685,-12.311975475720292,-0.14603852485546187,-102.151347746242,-1.8008153164112044,0.32886354001098317
5686,-10.92650373438845,1.026882528497922,-81.87885042856728,-1.7958089020729253,0.3499336626141458
5687,16.156941584375282,0.9670317681384426,131.13484400052155,1.6684847373129201,0.5632905573507525
5688,114.43759863338121,7.099018964747293,972.1702941039977,17.97182374946908,1.7595084093289226
5689,266.53735662094437,20.13622632907286,2279.335680947065,41.72668534625449,3.3051417821897373
5690,270.6225166758006,18.821466721729827,2289.9286645217326,42.36987899342407,3.4825827526968336
5691,231.48155644488327,17.252741490224167,1972.9855177334498,36.295758455660476,3.2326892576011255
5692,-57.63024581220776,-0.8934592683432747,-476.59234575374296,-10.476520120705976,0.20462788101188334
5693,61.7603550307728,4.817045112599321,529.8348467723198,9.23883956589511,1.0810195619424876
5694,205.07363412421162,14.8833780307153,1743.9214694926427,33.374402611785506,1.93679483464763
5695,332.8704870700712,22.737799020573327,2828.478632879966,52.01941796293332,3.4420611339817024
5696,285.07391586209553,17.622202909163814,2412.79212506872,45.348361574981105,2.648632421283768
5697,39.2801987383225,1.4646399658113052,328.5206273628357,6.078490484075194,0.5570413415476212
5698,29.224063749989767,0.6037908159941332,236.92010943762537,4.575745668585815,0.45561791837030885
5699,256.56677829844676,18.33881346248134,2181.843239728557,39.77007319345645,3.275509267291997
5700,1.5967087110343279,-0.015838776588463,14.607533741166508,0.5731334505114737,0.11783240634961878
5701,70.42804092199145,5.334083848196251,603.3481587055159,12.396382776293715,0.5097192344159107
5702,306.0852192113245,19.589948516262666,2590.462641955608,47.92271747905487,3.222338617907867
5703,132.5467668919416,11.526051489480452,1138.5311269583412,20.818517806839516,0.7375989476679519
5704,169.25497952274802,10.863430985572943,1433.3238002245782,26.067527015274162,2.79282316585558
5705,-46.4846222052873,-3.3255018969559607,-399.25852716220703,-6.79303374260285,0.07310076386831987
5706,253.51348114136135,17.34754599137449,2150.7201362134197,39.061077647167295,2.918107261051609
5707,-18.001349188616256,-0.10668374398431713,-147.9097997777044,-3.1914071448145327,0.8755605407542211
5708,227.851585986387,15.508357814833278,1937.8716797110178,35.12137289495218,3.0015076456384375
5709,118.68136881956491,10.444402307435338,1021.4258530801096,19.00984974498789,1.9832802614354867
5710,260.63043500684665,19.00614664771326,2220.9623503964413,39.960401501213255,3.976891347960186
5711,55.078434358414405,2.6958559558443436,463.2291194498034,8.395197198049267,1.0025092229785968
5712,39.40647368727344,3.6757148771043022,338.76115392576406,6.514788776431494,0.8118742682594937
5713,330.07451372489663,22.546123941616692,2805.6285944541282,51.41421391191529,3.6052113726075343
5714,30.983068615014307,3.155562205672584,267.94857070551814,2.942978239561004,0.8864654575833537
5715,71.32072440041108,4.49717386708479,601.3763553620098,12.796919906808087,0.6880114022759569
5716,36.15782644947582,3.2953325949943526,312.083868831461,4.569231180302811,1.0241131287567233
5717,146.59197546187582,7.270548114781926,1229.3953539399058,22.810710999979108,2.1011100474773654
5718,253.43794657074332,17.932541388237652,2158.6975173445544,40.20543495587294,3.005094641535053
5719,55.79892616968601,4.393800501325846,479.909859907125,8.238120722032775,0.7547973362414631
5720,67.81647805019853,4.708796707371526,577.1602720209528,9.99904081296163,0.7846229580390114
5721,90.08231174052148,4.3399976624992425,754.8017743819373,13.973733266700927,1.0459316875616014
5722,131.03390879873515,7.908039683534662,1108.5984293924496,21.298825826672996,1.2549535064578707
5723,44.791363160223035,4.000250350091269,379.65160301239354,6.596677767313913,0.23904106293625782
5724,29.023220554076794,2.223920883529418,246.920993418269,4.482203737497354,0.34131074490581126
5725,119.13934972037745,9.806384391731564,1018.1804419825029,17.00003313041705,2.5547923662530003
5726,190.47434863317991,13.506079947659735,1623.1959151442022,30.102563937888654,2.029942982532898
5727,372.0401498764529,25.96754292895887,3162.429057225276,58.6172804737547,3.764927029077343
5728,224.58025772925478,15.841345994968295,1915.4207793507303,35.00747493254497,2.0403721338028924
5729,125.45096073551518,8.037828618793224,1062.9755190363699,20.38514924927856,0.2587492032559404
5730,89.701768975933,5.9905779361589,764.5052483051875,14.405668568984991,1.1373048981066431
5731,165.9994096493085,11.381010879805615,1412.457102635522,26.769500429445582,1.8780020651671139
5732,68.41080367615935,5.515230941299814,584.107615187218,11.255839134410971,0.42309427800003174
5733,116.02228981112793,7.145963260295321,971.759016107884,18.00473798766628,1.1833502573776435
5734,304.0794098209861,20.96531095366975,2583.511439029942,48.11770166211409,3.493839520065435
5735,148.95905492937078,8.47658386139471,1260.5262870264382,23.33038112553745,0.9450867827983713
5736,254.52692153919722,18.312284918410246,2174.2449075876784,40.37885467975505,1.8418250284771043
5737,56.172031977307725,3.9374317627688256,479.29518273991494,9.732885647536824,0.5722039870234017
5738,77.90131231296287,6.85580062818965,668.6932953898108,11.634612537740175,1.4862163258233538
5739,261.02620277832625,16.35645667299183,2212.409050784529,40.78888385103565,3.0365268000630574
5740,-35.782487167087695,-1.9584288336717472,-303.36452310153044,-5.875323257910281,0.4033659765016271
5741,199.83774109876276,13.569521179314865,1695.5265291181768,31.261354768964196,2.788286011780351
5742,237.3271302999821,17.418737956598115,2025.678744448761,37.00338090086661,2.9529719983622527
5743,174.5163895256376,11.846204633763188,1478.5194932963789,27.142910808823718,1.4932869240202415
5744,385.7382765987106,25.6813333795712,3273.959511065513,61.190743380530826,3.883207511589822
5745,167.11935603562404,11.337801036083334,1414.4963781406768,26.783861162520033,1.5239865163594328
5746,128.72391499274264,6.76226663781625,1082.6036910212997,20.280670537271195,1.4072341482302595
5747,142.2495787553434,9.674517170368588,1207.6175059755546,22.943224602891274,0.4966652431532679
5748,232.24101402416443,15.946986882132865,1967.2142680011284,35.744786640948725,2.9674224861928993
5749,277.4126650387357,18.055517413794224,2355.1726034018952,43.02122668106428,3.5459249671131663
5750,357.76059555031594,22.60078585933122,3027.5108141202654,56.65342561541009,3.7944108297591037
5751,276.2022183504403,16.883835201035083,2339.2078433739475,44.05437906738238,3.160605092428074
5752,68.93321834209128,3.0691575759915657,581.0950008682291,11.577894943251762,0.7503347221661167
5753,69.26227005567911,5.249837175002185,591.483364596708,11.22844284578601,0.6392083423151917
5754,170.79596298662315,11.836411234307537,1451.4043461466867,27.653192506358334,1.6811785997566928
5755,323.2091466172941,20.954846291963896,2742.349503222186,51.982111546627905,2.506791657070582
5756,171.8692588092266,11.595268460932882,1460.6456478923417,25.248234148213644,2.9722802954498078
5757,309.89056030928174,20.828655960381784,2624.554403940592,48.92770353851188,3.1973367483906685
5758,181.61956336474879,11.861916478766126,1538.1108665945812,28.61309574393722,1.8338191717260015
5759,228.03556549265275,16.04690041115428,1943.8218659115482,34.75253556944774,3.7087983399204805
5760,68.71240366424081,4.600329642319993,583.637721082442,10.47446585050591,1.3187430897711643
5761,270.6462701511948,16.488192335769376,2288.7503429378403,41.301477450092705,3.7906755727586483
5762,212.23479837604964,14.308465593245131,1803.1059100451337,33.19107780001172,2.3997335925469407
5763,252.8401638824161,17.199577225305184,2145.1568663423177,41.26183382004377,2.224324165208458
5764,268.3017450489231,16.63033335619935,2271.2897657978997,41.660976074679155,3.6327591373018957
5765,231.8837522738682,13.791250081583126,1963.5660100035384,36.26740311335479,2.109745539227445
5766,244.69443335160344,16.705841374254952,2075.163077767431,38.80682497577259,2.4492989990391703
5767,127.274258571496,8.143159125439777,1084.6144361225458,20.023431959930953,2.1902500389755075
5768,226.49262856580006,15.10520493210191,1923.2847276261773,35.90561562099558,2.8666864664201257
5769,219.24573754530195,14.57736793492263,1859.6054289248787,33.80006238259096,3.3391265757706328
5770,-60.161728228881444,-3.550730278038841,-512.71934650766,-10.204475747268766,0.07054550448548991
5771,290.46446805511,17.45134522222218,2458.5321950597913,44.82402512815085,3.1232465031989878
5772,231.17365614584162,15.91944679056005,1959.701047698974,36.589143191966045,2.024948404445903
5773,209.60611896026208,13.533739658163057,1781.058595956576,33.16983772447522,2.1170444053887376
5774,249.48534105324785,15.991523669509471,2114.2730211749686,39.38042244659969,2.9744322469993234
5775,112.00127975508978,6.7631674159344035,948.9320876672808,17.82650360596068,1.3041195389074907
5776,292.5584076754506,21.496285873869898,2489.893737487665,45.74639554508382,3.1941458399441855
5777,11.004291428470324,1.3609811148916124,97.73079987857328,1.7720205599125385,1.1820756005629702
5778,91.16629145655783,6.804377810516304,779.4174065670891,13.387734405554752,2.0859653294855343
5779,38.07386923430724,2.264231053732309,323.11715890310694,5.58103740101975,0.49360954892259734
5780,167.09257171488443,10.013830583751128,1409.140188241073,26.12838281660909,2.085572850664485
5781,276.4923825359247,20.38650385617936,2351.046750795382,42.96365501997036,3.0578282619329515
5782,15.1712618474701,0.8775628423757151,128.12551527423977,2.272816653447812,0.9151470153767969
5783,191.00676935803958,12.323417858572867,1622.722050959342,29.245315162802783,3.2761539553946077
5784,97.16712126069449,7.907203656900655,830.3230457706334,15.351858088145518,1.5493005337596748
5785,58.0756391116362,4.690582643578808,501.0526948673821,9.027307173621882,0.7398372866850433
5786,181.31585400768822,12.58856496656469,1545.1710906912322,28.820678288645464,0.8917437089607723
5787,-38.368399497258466,-1.6615254789048992,-321.91598789749196,-6.2950638777272365,0.3240586218707402
5788,194.37700114647558,13.778607334542308,1653.1698357245257,31.655557010636358,2.407194338121173
5789,156.36362007078145,12.18097010771217,1331.5747090360298,25.050310365474203,1.5521109093543966
5790,19.141836591018855,1.6182675658474945,163.11286430720168,2.7117734906436013,1.1168753567969802
5791,204.47061137022678,10.071225781949858,1716.6124676187308,32.763049829640444,1.722805632744512
5792,3.436530393200354,1.905936932472978,31.297329038895853,0.050501419268020875,0.7226298759086891
5793,119.23852992623452,7.132221384092602,1007.8569999042265,18.224346950057903,1.413634675907098
5794,271.39868662355235,17.02436741550013,2297.477297367446,43.095948911710195,3.073969218592714
5795,333.0330500501281,22.62761040650162,2823.053957695381,52.59060074113556,3.4429293904571305
5796,44.610439294982285,2.8842714973781574,376.85526043890565,6.915188312628177,0.1978434538525562
5797,219.51840484793897,12.123460882611887,1851.1499832971585,34.64808021111065,2.2936901154778866
5798,105.71352610838385,5.302881059940138,887.3909038221278,16.22532810133249,1.271744186313743
5799,292.2004944576897,21.47085474619613,2491.9348667701393,46.08157692708172,3.8028432447666667
5800,46.59689298384889,1.6902275656753947,383.95329361290584,7.431956329139577,1.2971501441712046
5801,-34.04215760280408,-2.062752754494026,-286.5953413121611,-6.2033320844847095,0.21957947791901367
5802,242.64332716775294,16.420865432196994,2063.105873476149,37.74638431633518,2.2000668614610763
5803,63.79063820177281,5.2399098548447745,544.399602935438,9.50483422570866,1.6651334654385477
5804,17.640888064752538,0.7735307954491573,142.65792452920778,4.041303408837563,0.07764354205660462
5805,100.37396051321531,5.593438275437662,843.2733796247179,16.036096524672303,0.7404822443214858
5806,102.60494337971683,8.365511322099524,877.9099503445987,15.807549156502002,1.0802769080992145
5807,132.26380434543182,8.674464863548609,1116.9320481587808,20.09386098659616,2.2586392440162024
5808,-70.97003660975128,-2.950166223016025,-593.6136160935631,-11.05895548679853,0.39957309786399975
5809,233.39281890379735,13.082327335639045,1966.1804852135085,36.86673417685344,1.8617385789680658
5810,141.51218321248763,10.182013682731622,1202.547800495474,21.876056254408873,1.7823652863423476
5811,100.47152755179908,7.4781439210164,863.7862551376356,15.15149939401369,1.282689479413912
5812,146.76640925047096,10.413979141246795,1245.7565972994848,22.650974158289177,0.9821053605226795
5813,2.284237635627773,-1.3044115028131262,11.520766125623966,-0.7016712502362754,0.7161523833719463
5814,37.5539762487012,3.597822087811501,329.97037801882476,6.410502426388643,0.05084383816346438
5815,42.897817110094174,-0.11283914338363932,351.7260588662026,6.2139987852526,1.3518047054350837
5816,127.19911734041034,9.916115818979453,1088.2325106938952,19.76684428402286,1.4751805331171433
5817,276.7435111952284,20.219537345064033,2354.7059926276092,42.48728913003585,3.286915089836103
5818,24.158658241951716,2.2440469559444045,206.34649754089278,4.006851356716179,0.30321612519345953
5819,251.09736890762167,15.87270865760541,2130.869157799262,39.12436865511681,2.4609152222758857
5820,207.51907748504564,12.572894749729436,1754.4667918638984,33.04264526934629,1.7022068379068367
5821,268.3728892338517,18.34743419376664,2282.0923564609393,42.00952827301453,3.667566026119231
5822,181.33691149764414,12.122914421636839,1539.3260838770875,28.319047754372686,1.8556524517932131
5823,177.8447978788343,10.982180937184365,1503.8318659534107,28.25967366139082,1.6391956038094242
5824,106.75821276284708,5.942577584620117,900.9258599431424,16.69843524967869,2.048558365315461
5825,288.95675684682607,17.943124489546886,2439.408088119271,45.542797547914354,3.0224265111213247
5826,300.35559951339496,21.022295079239594,2557.8076505642875,47.73619004841654,3.5386291651112574
5827,273.10131688527736,18.174228784055554,2316.591849463586,43.26220589026058,3.424301343328999
5828,59.77058231797466,4.014302261964234,508.1147141199278,10.31026630091546,0.5356102535147449
5829,132.98452252843336,8.189915044209604,1126.8239012090032,20.93223071028661,1.1073108366651003
5830,70.83127083882297,2.6055189601254143,586.1888777700455,10.321284570471189,1.0030450499965693
5831,346.37074923184935,22.91787390479152,2936.8125591498965,54.38740535976546,3.7828656378997847
5832,51.95843536770472,2.6722772410137456,430.18679950303033,8.432463537938629,0.7644131308803335
5833,296.5151606345327,20.135663156245243,2519.5216125595744,47.08456511567396,3.006323498638612
5834,319.75088610483675,22.295530589464185,2722.377963654108,50.131186830809554,3.9567491896133196
5835,54.36858878648237,4.762625247085494,470.17355591052745,9.666117666855326,0.6710873558158221
5836,186.50971318950909,12.175707740457666,1579.0916044332887,29.506300147932336,2.6422567078474626
5837,314.36384586583216,18.89692361831181,2656.5570680000383,49.4647347720357,3.2366397917672534
5838,297.6365084181715,19.696569055390363,2520.527709388154,47.95746688834155,3.0049509600843254
5839,322.0666109234392,23.50612095797097,2749.133528981105,50.12481404745728,3.9429167411336383
5840,178.66411624557526,10.740884591412604,1511.8484094252967,27.523787415047252,2.34975602084331
5841,136.33144210155817,7.6950959292113525,1148.287566058392,21.285417828194635,2.253119522650779
5842,101.56787487133158,6.216921087209417,860.1414200462119,15.848341596509332,1.3915909686158012
5843,-29.146128926157424,0.18918907683322317,-237.8111338276896,-5.435544477404005,0.8907064919317773
5844,236.1147954901995,15.389961157987068,2003.0208827238735,36.34638564929215,2.8477853030354088
5845,236.54326216146853,16.507342479678535,2012.9677563476887,37.34857348157143,2.8999249779780376
5846,243.55746695085836,15.98791792898859,2063.100602581594,38.3977079976457,3.413483429827332
5847,186.56371055431921,14.509114600423967,1595.7494271950723,28.280185417988452,3.3155146804863844
5848,258.8965389409707,18.013388508003242,2199.114048572453,39.962791847267866,3.79461554868815
5849,144.08400489018433,10.342891819446585,1227.0543927806048,21.69465442446887,1.9429621390049885
5850,289.703323140444,20.137892258299775,2461.160656942971,45.2772503720728,3.075904754941286
5851,112.00334706931369,7.8862410073587155,956.8261415104356,16.45002860197547,1.792009722928086
5852,49.77387827629324,3.7138882627802685,424.30291754616235,6.948889782354333,1.3036436742260862
5853,231.24562322033873,15.312176943312481,1962.3364566743764,35.69302691428154,2.687129840670826
5854,51.54307590392248,1.9148954412789123,431.0494327762411,7.687421120737889,0.262618557901217
5855,59.488203839961066,5.190690250510952,513.334574420881,9.355876774141695,0.8030950745738625
5856,138.25773604304962,9.849689850003578,1176.0720450964582,21.792494601045117,2.2889264835781127
5857,273.6953874138822,17.42179604222594,2322.8823057276886,42.911971177010074,3.9299369894908813
5858,304.57657194801493,19.397720445786806,2584.73821816413,47.21269239333077,3.452843902548445
5859,107.70524687953771,6.702191982801109,909.5015208799433,17.34898933538538,0.7499645676911135
5860,43.46790280935172,3.349765240730422,370.24886397354504,5.853785003175926,2.0877374718172157
5861,250.72421754187476,16.102651006643896,2128.5476799107173,39.352858175771786,3.6909839336162165
5862,4.754476351887862,2.4151330256251047,49.86399086858734,0.4221941560463893,0.7424086230859501
5863,33.58241846602111,2.247613568340721,286.68808248231977,5.299748752872592,0.7692559154688623
5864,291.62875611551544,17.753170276240954,2468.627878997802,45.71822643114287,2.9277548542907037
5865,260.75275583596414,16.682633035892017,2211.9357505253906,41.503201101094675,2.712539719683226
5866,191.0423439040269,13.466256835436237,1625.5964795904983,31.486202403866688,1.4751075595224257
5867,-13.487421600165579,0.893431447751647,-104.74035911094548,-2.722494285018194,0.3666342454673952
5868,327.66365779366913,20.21065159004909,2771.994182574011,51.27949434078709,2.7761134592990997
5869,84.9644485022249,6.393346003489396,726.6788811263463,13.077369539903705,1.6389356488587765
5870,301.96106984903355,18.564912067216103,2555.5012012556945,47.71201064573052,2.642111033178901
5871,113.94105911055821,7.122444758979601,961.2870976395244,18.063353830406065,1.214951726867787
5872,58.94988401516838,2.9869887157423896,495.98106839037285,9.269953373855955,0.9426102254655304
5873,273.43254604521593,19.113233815320058,2322.7901781484425,43.03701051249842,3.9692993958272353
5874,295.0345913475632,18.706394135679563,2500.3389430887023,46.96151889080959,2.981682577783596
5875,263.17544695096444,19.665353178996867,2246.7666093215907,41.82004974671427,2.87643828186446
5876,78.15866839199755,3.888496464865528,655.721782538194,12.037426807190894,0.37515887639961365
5877,-22.36063771461788,-0.2930145768302135,-179.93606805202242,-4.620771997271324,0.06440380391346734
5878,265.9574650542166,17.89980863951214,2257.68479090528,41.577004590484,3.052648047996131
5879,247.72818897181818,17.702661336474936,2107.3228336504476,38.443329769526194,3.0241309661735
5880,287.0820441353011,19.580519001553792,2436.7034930743603,44.105189010188546,3.8538657932757205
5881,212.80700267323311,14.118496114809043,1810.6374010095585,33.72765594477552,2.2481150297542105
5882,293.71504941592195,19.269148420997382,2490.1029312469727,46.490276374582514,2.7423622018149834
5883,85.07374402474719,5.011672722139362,711.6583279530348,14.217402078678035,0.7130061603687872
5884,142.91553069956726,9.75031498547808,1210.9646588818694,22.074955523315637,1.7865008366000068
5885,356.58497686691504,24.40030283866419,3030.332614968922,56.182726163325384,3.8798732614136027
5886,284.21085971278177,19.17757658586479,2412.029723921339,43.61646761420129,3.4797770633569622
5887,173.21237720994114,11.754581800836743,1467.6987388818843,27.07312982436242,2.3405802853080635
5888,308.62882131389284,19.4770127742407,2616.5009942884703,49.191396515637535,2.952025477598691
5889,237.10034018025593,15.293162278177007,2010.2634021252666,37.463703989369755,1.7074228852463191
5890,177.03072434285062,11.497360837643395,1499.2601152114357,27.829541171828826,1.0116614496786762
5891,50.54288196095031,2.766611408932431,429.5454182083267,8.029534620412992,0.5727394026746091
5892,227.25070181280478,15.434572643845545,1929.2449980682993,35.08909246384146,3.070356494204719
5893,185.75816140988476,11.833407206662361,1580.4830778840897,29.000014990741477,2.0177957867280187
5894,309.0267089839269,18.779779457571244,2617.922627599871,48.72525817133927,3.112445322621405
5895,-31.08829368203249,-0.6091357663966499,-254.7020300993556,-5.612343857002859,0.4613951978015449
5896,21.784164050025947,0.3398111897975342,180.1243123637342,3.50615029542812,0.8471511108376277
5897,165.0303235282028,11.037578091559512,1400.983028349423,25.46966658731466,1.6875165247560053
5898,43.36898468017345,1.5218131644497581,363.41499669254296,6.711874803957738,0.9867428547665655
5899,44.252226849780044,2.3769007617082534,368.18230450976296,6.342559399651679,0.5463752174906795
5900,219.14090516838468,15.9890708467128,1867.9303122762863,33.99422717802821,2.2447559645138897
5901,149.61786661021085,8.516074241563407,1266.0208967187702,23.102408740922485,2.2601955986902116
5902,83.28398228187362,6.595000654083004,716.4896102022371,13.150925491835595,1.654988220728303
5903,273.612683719022,15.943407716539884,2311.412267534595,44.23957593518436,2.2326376454825594
5904,66.3035898635993,4.63442189668184,563.227695925939,10.369248768956417,1.794691666299761
5905,166.28320984984722,11.273524166142943,1412.9655100675636,26.429003442712478,1.3703577275163972
5906,3.0129229567829876,0.6862359243014406,24.059714092385864,0.7740065209967828,0.11146349048804138
5907,53.857024151969945,2.995465779514349,454.6079150289795,8.815970923738147,0.4011037107756099
5908,203.03881865511696,14.012876930905536,1725.058247926672,31.06932548177868,3.2640829557261744
5909,181.34731848084462,11.55786210807518,1533.531784998885,29.153158992342036,1.993389835868963
5910,239.919954943284,15.993964711754197,2039.7263649337451,37.45946514092465,2.545120400885677
5911,192.5537796220689,12.622828957480959,1634.8023518370808,29.654967919436686,2.748954178139334
5912,231.47935749582206,16.51708150848544,1974.2967585037895,35.517777232668905,3.9121279710339767
5913,140.42018202429165,9.837786723644419,1195.7886642572298,21.302887393321136,1.6276096762415615
5914,247.0089149621383,16.346504374464132,2098.689659788502,38.91446527545773,2.791216678976817
5915,351.6236012727882,23.64356952235176,2981.6892309998693,56.54223351212991,3.1292325692246985
5916,234.18233731661894,15.767202140122253,1989.7465962242768,37.10311188083797,3.5142551119002925
5917,75.8266227153283,5.832783086599065,644.337414947812,11.4932205765481,0.41046213203045046
5918,226.0520014786896,14.50566886363362,1914.1622415977135,35.11266142452359,2.832202247005445
5919,11.805965832626505,1.1314708819834989,105.86809224822457,3.1582315972149995,0.016693866607468077
5920,73.77487244629154,6.140923087268102,634.8343378163794,11.360757163084848,1.3907647918349118
5921,159.00458945446567,12.56364480046205,1359.982943340162,25.58601860288769,1.2200092455745621
5922,-81.81682278538064,-4.195760822512959,-694.4829497229497,-13.546875381580323,0.18640189368485016
5923,312.2947458500173,22.341579730054757,2661.140370932171,48.05450178818737,3.950627537234896
5924,316.556655242339,19.348591562058186,2682.1465691164285,50.04869458031309,2.7125533859977033
5925,147.78898893134954,11.612068308673848,1261.4541852555935,22.767904424335917,1.6792174948138539
5926,-3.5121087483536844,0.5331002385037544,-20.639002476827514,-0.5432121648983956,0.4287426680283186
5927,40.19310609292546,3.3706033877637736,347.50845001394123,5.9923184265510345,0.7265423385234215
5928,325.9931715811245,23.540245132340495,2778.0336637582714,51.24000924244599,3.9704881073562652
5929,371.1533145472565,24.438990323903997,3148.0474233023324,58.34972436519726,3.1594391299344635
5930,186.93777483908738,11.333744230218167,1578.2530057363347,30.102704445943864,2.0892880778523715
5931,195.3752049239763,13.126009113262954,1658.0860889311869,29.326238585946285,2.7316485019160037
5932,202.18452816798268,14.69949493868352,1722.7776702775022,31.420887006460436,3.598406714114323
5933,14.326944427787295,0.7551826639751613,118.24899523849423,2.340933119134804,0.06650959582927607
5934,391.019229123624,24.124249994351942,3309.2906270589224,60.99374366700164,3.753914336081962
5935,159.404682932841,10.123151719212972,1351.9179611794868,24.472847749771415,2.6791793343399206
5936,76.04937881904185,4.101540117707593,644.1375600965162,12.113068606870277,0.4430374476988148
5937,296.0020775994576,21.190973079352347,2524.4678180217584,46.5985728005438,3.6313117976743663
5938,140.03737096043344,7.747390197570006,1184.5263007667422,22.70009429047434,1.4581209817070047
5939,176.54639810012478,12.776498169430992,1500.9688327006966,27.136885988922792,2.5561099476279328
5940,0.7944640283977804,-0.8203967472605891,3.139998192344162,-0.4638228534762223,0.38064167021049267
5941,123.7402693349633,10.100677037615048,1060.204186414357,19.887081067152177,1.8192084032595472
5942,-43.45270689606198,-0.24959007662899868,-356.79021972152765,-6.691049189947159,0.2112112265479671
5943,-6.71316285744951,0.1516471983374481,-49.38675608748499,-1.1473825033000837,0.2807076080412929
5944,190.45375354621143,12.728596894711515,1611.530723507297,30.24330484514113,2.4317898712843515
5945,185.1291191095554,14.751200381480091,1581.657420862759,29.59741228659092,2.855976253479982
5946,55.330843143448035,4.391108562162944,473.5873565974998,8.53680390491797,0.47801597311974486
5947,108.47836128621273,7.782227877777086,923.0851207962189,16.769657406792582,1.8169078436394686
5948,202.29490223735175,13.332186139933496,1718.454453909912,32.31514592417265,2.631693396075848
5949,56.737241499128196,2.9889383253741686,474.140030684591,8.12195972934795,0.500462684013542
5950,185.0931652578177,10.922989338579338,1567.2745699050313,28.554676263099445,2.024377599107856
5951,251.61310301970707,17.603718495786723,2142.094667015329,39.23877901112263,3.3052702682964346
5952,249.68659236129105,17.25254550572796,2122.683162462218,38.65301539643594,3.840052058049521
5953,231.71195309895722,14.40826783057657,1957.4909622406078,36.65672289099963,2.819421383333315
5954,324.7916351342642,21.01526495268248,2757.481469282575,50.19566235247355,3.980844705301276
5955,174.575345298636,11.99047981399136,1485.2138321329876,27.685089981084168,2.1947426973046302
5956,230.53019114109537,15.07696459859751,1957.6790438999255,36.10566182961737,3.330651998942813
5957,-2.768100237119591,0.46642868667085935,-20.28264605880824,-1.608032802496872,1.1394016941849738
5958,286.62150150038275,18.57942589649434,2428.3172909392483,44.17581880230956,3.1110007234897026
5959,57.990336957357314,3.357448081949888,490.5476386133692,8.610311164592389,0.5086728387131516
5960,250.98835980963233,16.740931010072213,2135.582218823004,39.938027276025046,3.095686898364139
5961,143.60838214503417,9.91758987136058,1213.1613206150837,22.6569762607915,1.8502474380794975
5962,82.97817109500446,7.253912276269475,711.3808084407243,13.505111944773244,0.534579128953812
5963,72.07860492619221,4.145914252806362,607.3867144322181,10.901198952595294,1.2201420519860964
5964,140.4689772885872,10.318946557340235,1193.6159788705943,22.303579832211188,1.9353866323924152
5965,139.43761680904547,9.001618106334401,1179.4642069297274,22.196616752041745,1.987662698847879
5966,20.891737179646533,3.4796084088774544,191.58081806932583,2.972029610065462,1.5448467220946691
5967,29.002872409044507,2.251857882236335,250.436398119857,4.672860313797636,0.03468335070002526
5968,270.4333661757294,17.359911962683185,2287.603789849181,43.5836343089032,2.035503751441332
5969,267.6355767159748,19.058628207728994,2279.2676260809185,42.058059370206244,2.844423904293242
5970,38.15948151774001,0.4292288136218847,310.5554347792962,5.397082150785689,0.9925581251640607
5971,141.10665352217927,10.49241094770503,1207.4342030356906,22.365894646236967,2.196168040478571
5972,27.671120136929265,1.2402699236709362,233.0097770963869,4.220232231385127,0.860602356283918
5973,72.43007141177196,6.870843427513007,624.3942449328097,9.105817662938328,2.2167203865211356
5974,158.1582141604426,10.681821194564264,1343.8156302383256,24.885616210084883,2.342733503726304
5975,147.29792880354887,11.513287123366046,1259.038485262416,23.3436515082075,2.063551561981085
5976,34.275297511706,1.2426729854733707,286.19542328559027,5.111451301497676,0.16123522433635795
5977,7.041416546315837,2.920617032287635,68.65041842646431,0.2727563327946614,1.0318570332193304
5978,176.09731371430908,12.12318108703936,1496.0883756560154,27.464298301694555,1.831898968228217
5979,31.91673678782895,4.368550642267078,279.00398632705077,4.269125830983336,0.5946347041309141
5980,136.4165317177964,7.9455149737804565,1154.53983538795,21.229281830836683,1.4752782621867202
5981,318.87890718256904,20.15123343820808,2698.294524606853,49.705943101546765,3.056932856616454
5982,233.74612312056655,16.47472735554327,1985.3945853477005,36.15051412879297,2.822916244770604
5983,169.59852402556814,11.641672865512444,1441.134925470275,26.18239741321142,2.311207271799058
5984,304.5386832184079,21.105332165913676,2588.425808920616,48.021299681224775,3.849827386457458
5985,389.94360112811836,26.504194950392737,3313.6541489902547,61.686647294864045,3.642829673218061
5986,323.97731675871023,21.17836602287998,2742.475554654037,51.265126601627166,2.684374826529441
5987,358.58889427015174,21.72187768939428,3033.8182140834333,56.35908362426254,3.619119411631095
5988,65.03162194651092,7.399006555994643,565.9275679072318,9.746970331661078,2.42785421014095
5989,356.1394267212205,23.565082907377846,3020.5156695200367,56.09326352648637,3.7193914773015466
5990,200.5773429334133,13.399878247054197,1707.6798915637567,31.373850103980544,2.4534339999098216
5991,151.2575173709753,9.706547486154346,1279.8509755388,24.418744341143523,0.3637105966291583
5992,325.3948739933822,22.187018835785132,2763.639655003649,50.922669957256296,3.1817037395449534
5993,91.00891514787122,5.50754458697435,771.6694387689826,13.549550929257586,1.030507912856077
5994,347.3904806359666,23.352474862258305,2955.590470921603,55.31014090676617,3.4225602508206516
5995,277.0783718283211,16.50656846933035,2339.8393539116605,43.50013794514454,3.2314651062725566
5996,203.81173093955383,15.498200524178108,1734.9329569702818,32.0106437536012,2.6288175948506343
5997,318.6569804465672,19.982542262363875,2696.316276615714,50.528162197286946,3.326683288999513
5998,68.23846520350543,4.926408021315263,575.7379556789232,10.83844521220402,0.4626552439656768
5999,285.44773105736647,20.263701470494762,2429.448135109158,45.458915989177676,3.1263339991042294
6000,242.6437195330662,16.5096810754706,2065.1271477774067,37.66251102907882,3.161463509866624
6001,352.8578346680765,21.738270478508817,2983.0208780962125,55.97660471252976,3.902859767012071
6002,223.67965299755892,16.150603894548183,1907.0139821965586,35.26460359937896,2.823138376186176
6003,107.78570420833559,6.42521774520229,909.2832382195943,15.271366337297648,1.7348857253293248
6004,182.31384052059107,12.907191331543201,1544.9176723106755,28.388381673601767,1.5664548018076023
6005,238.1581557773759,14.828525799071194,2016.8854896079301,36.922433338349094,3.467748310799179
6006,187.8847507252088,12.092186373591248,1588.1951076332373,29.754093692780753,2.099895984229824
6007,164.25770840491234,12.360449454125812,1404.9081118674087,25.285671402140295,2.3134855951136473
6008,143.3174581820534,8.86562104440361,1213.0505732981953,21.389674116177147,2.533774532600576
6009,241.40993477668698,16.6067166393125,2050.156984632002,37.31901381357993,2.682866840892247
6010,132.3263341287068,9.669692676230946,1125.9201706863932,20.88512603695743,1.6316772531472417
6011,102.0141315766733,7.568395197149561,867.0594920511802,15.740961830054292,0.9674877033175426
6012,289.91911766902615,18.674444163113712,2456.6288391203143,45.45565353898682,3.309546130062317
6013,64.69604026750675,1.874813213309234,533.4768016697622,9.74273554362677,1.4362432738847057
6014,247.78151208370053,16.054057231966055,2100.5015281372976,38.462505788984174,3.205349775492237
6015,71.0770236133261,2.686753216272269,597.3194972491432,10.981457911469965,2.116361468124096
6016,150.52393242077164,9.274118291523248,1278.8169499722776,24.04539645179964,0.37376006729061917
6017,196.5690926354491,11.854046555387235,1657.1537092734745,30.354693103297425,2.5576346761830675
6018,71.01997572210777,4.463571584211966,601.9377126767456,10.578781768738896,1.23376735604732
6019,115.38446206149231,8.943363684465924,986.484376278203,18.98455462883843,0.6111029113154465
6020,8.612233710010532,2.8018175406485453,82.46529373858931,1.675595567097373,0.28626197398273145
6021,132.35876078619046,6.344682575499592,1101.704500676595,20.997067396309692,1.397509295262711
6022,218.49669539086213,16.44407463737543,1862.017862807621,33.61768279551321,3.0243451696133117
6023,249.87758071535262,16.687064599850558,2122.3354977474987,38.35698159026339,3.206005436811778
6024,62.63048872996754,3.4424468975488827,528.6332110027683,10.093640963154868,0.764031626624607
6025,218.0297833301859,13.919937885564806,1847.3502197661082,34.602687285176216,2.5557851718830884
6026,-5.657915460082641,-1.544294460332925,-52.780560919487456,-0.04184593566950978,0.4851195999414335
6027,132.0854948575425,7.950921408389487,1113.7128735226331,20.832232956557636,1.2450546133660727
6028,238.48560271777234,19.48800433912673,2040.8649403534666,35.792095490464575,3.7771448696918988
6029,345.31619482683675,25.480369751705094,2936.5047999749836,54.407312746993355,3.806558331919333
6030,143.57823649266078,9.793569900678065,1219.000702838836,22.69127074102985,2.17362642228502
6031,138.71650383583554,7.935078373693161,1173.3518338757547,22.69398903943478,0.4300667879843374
6032,292.2659953895925,17.437423495720473,2470.835446388391,45.62679733241545,2.70965345039643
6033,386.6116321870965,23.935146830722232,3269.181533000728,61.04860979853786,3.847510405066329
6034,271.5088115544344,16.18326771006535,2293.908947297578,42.53060356711515,3.1269878406838547
6035,-23.1922409930813,-2.3314449845828733,-197.13743716567998,-5.275685252561759,1.1240584220244378
6036,15.635648212337816,3.24866602714308,148.9092980567016,2.199603202172031,1.6540578763695897
6037,247.83374912749952,16.475658505201142,2102.7481817203125,38.695543872392676,3.4758317391959803
6038,82.5587064947375,4.791075893324053,698.4982934265356,12.38987643699802,0.725110344433602
6039,300.5017090732408,20.335759196014628,2553.8399755266846,47.50364742673392,2.9581349346306927
6040,83.17706089616948,5.77470227295205,704.0059946707037,14.175315341268893,0.6610708932097737
6041,194.10698046612424,14.99177238644992,1661.4945894918003,29.863456770482124,2.6641381083301683
6042,230.33938431379585,15.411036473055422,1949.1896255391991,36.71361346933135,2.1191669123080246
6043,153.01628719016674,9.663400858551556,1294.4940781561613,23.959963422091903,2.1125001741438085
6044,15.853895253345677,1.9787505431318426,136.7789209335045,2.2800657953216374,0.03793868504244502
6045,345.894459774397,22.645973761537565,2932.913680221326,54.931894518522874,3.80406202011139
6046,50.08078128441077,3.033473362919494,429.08258882368705,7.74251698243366,0.8688430656322979
6047,142.0647243215948,9.735451743599413,1207.2676283504004,23.18055462204478,1.2976822951320997
6048,238.35763060298305,15.032022663439813,2021.3347063823785,37.64130964192543,1.596575265141786
6049,114.11031811779046,9.752826339071255,981.5063994211624,17.409572277431376,2.0016618042898986
6050,274.74708267363917,19.948499991386207,2340.6410374703532,43.46776535257768,3.3614596188138695
6051,147.6652428212331,8.906367016011691,1249.8419550725607,23.124614317978306,1.4367474182764028
6052,344.57599007405275,20.82545290487717,2918.2481607153163,54.316092093352154,3.6755759492941897
6053,320.48944751026517,21.65794503227503,2722.6503668826535,50.64257320297423,3.185494368595165
6054,275.1155542122981,17.55539259174951,2330.0490807895194,43.51799224235576,2.9768367129463305
6055,-27.94313935129772,-3.073665641830926,-240.55275377745622,-4.957964316131399,0.16483055767568278
6056,291.2372139010822,17.966423746442054,2463.3846261677454,45.46207265745898,2.8690173058878545
6057,50.806321729379,3.9589903026245588,431.44247929821074,8.511821606438208,0.5929351852611071
6058,307.4372526210582,21.504133296162145,2614.8615434096405,47.99853528573898,3.5536153203088903
6059,215.11347322792153,14.568778593571857,1823.1521270129244,32.94309820686389,2.960561591953327
6060,134.9935900984017,11.170083513106338,1158.5198018630383,21.51221219643993,1.4695937634508196
6061,181.786816587453,13.176304974908435,1548.1839552895772,27.758085195344833,3.0819907936863213
6062,19.159189675299398,-0.6393121421807741,151.6956714537624,2.1180016079531723,0.7473386440187539
6063,29.270448828161015,0.6724314073073625,240.57099550669412,4.490374370978962,0.4057878110845392
6064,68.39491730183644,4.521861362291172,581.4039905008974,11.275732155224976,0.18323586969464412
6065,100.96874638252302,8.212799629965549,866.1702819041914,15.513668769022727,0.8751699319971933
6066,-2.195856151712206,-0.8303268321315601,-18.664424315022824,-0.2988775921334381,0.02480610900639313
6067,189.43613599398736,13.019893783855245,1612.1134539411878,29.03407599990566,2.074209141093468
6068,326.96289515160197,23.046877328822916,2780.9116360661383,51.60438983814864,3.631809891138569
6069,85.95026327488003,7.364840306387122,740.6826012553968,12.579656788858106,1.2102660501309193
6070,313.9558871922671,20.89994773447647,2663.5634550129867,49.696857861485285,3.1685151571089265
6071,56.42313409501266,2.968689713217133,473.3479128522506,8.833426571308886,0.6338654939579311
6072,341.48733572950346,22.766281972788523,2897.308089081324,53.67156773232047,3.7699074400101016
6073,74.44073654831354,6.094806834167539,643.3012319849881,11.737262494371905,0.9124024729271278
6074,197.40903772175264,12.849584983071452,1674.8700396154575,31.367945861178534,1.7410989473319045
6075,154.34092735296693,9.79651790677865,1305.2208884683328,23.587833763466524,1.9497996410650154
6076,204.53096021638657,14.377916018376627,1739.2160348272193,31.400537185284893,2.888568639660957
6077,247.06495618336257,18.717759172706263,2112.4356270331846,38.959156391573025,3.636416388949548
6078,95.30927712901153,8.407730635479686,818.8865360316485,14.960749271617109,1.1181059371155868
6079,319.67043560657095,20.54910642105817,2707.9299357667933,49.85690744049043,3.9183002223163776
6080,311.40534976745613,19.750448231008342,2639.0096311288194,49.68923888614546,3.7022722816417213
6081,208.04162008318792,16.653698590794125,1779.12569252756,32.202023605855906,2.5965159124103883
6082,256.61776437087093,16.386719164184033,2176.29953856929,40.97599849537404,2.5224014681696523
6083,305.9077515262877,18.93072970493853,2585.7831963047397,48.53850290056179,2.929423147604687
6084,206.56029623478656,12.133931215712082,1743.9685610369854,33.144241359644084,1.4716147146268512
6085,279.8437935700646,18.834754095708384,2375.905642651044,44.647417435635795,3.6983573540966486
6086,131.39347996797267,10.072237029752873,1123.404797971858,20.608458185614122,1.1400696895546445
6087,221.43151690079017,15.344332548701388,1880.26855042319,34.625088897274324,2.8521938475993682
6088,96.83348074074762,6.432956791265808,822.0098350760446,14.690065869327592,1.0772668798314897
6089,206.3516871542663,12.494438357799853,1746.5593843082127,32.97088911364046,2.305852268435433
6090,217.27285176723527,12.68590028139293,1834.9770214443301,33.91152805061575,3.877330527966444
6091,67.57116542292476,6.3172391821815035,588.1880266047802,9.69608711155296,1.1493504696638026
6092,218.21933408276536,14.816199734003517,1853.3853678143953,34.24373731904593,3.072405990607708
6093,-51.230381492438624,-4.114979636965692,-439.9169747826987,-8.357841667069742,0.041042114846301825
6094,59.66672201646422,4.274722168306001,508.57456824199215,9.26127490886065,1.2221126676268352
6095,171.82219259854168,11.524840978487491,1462.4598460752911,26.79607429776215,3.025447376217917
6096,359.1981869018227,22.359022655477272,3043.6667626538824,56.751077934619104,3.588780454957508
6097,351.30919044670947,24.564107989327077,2984.703319828741,55.34366880805541,3.8808436485571054
6098,365.2459399844651,22.694077462118027,3090.431225994669,57.11873946894186,3.7235634798598465
6099,325.2039282503332,21.95189684076144,2763.4183057316955,51.35378460675088,3.6172218912980845
6100,336.7341578144572,23.034007057339352,2864.7284208413294,52.877367857428816,3.523475008591273
6101,198.20945129285548,13.95764631724585,1685.0793349723706,29.593550766220716,3.162745731704902
6102,89.2682867902326,4.962376729626216,756.5237379888653,14.921277532971622,0.2196235267555866
6103,219.4919895964469,13.954269069003006,1857.897589978814,33.68921206940193,2.618306016114375
6104,193.71472144970775,11.813092031391047,1640.978705362767,30.00482249150571,1.8372831245141699
6105,58.73968176729725,5.854695359634065,503.4984494451649,10.166159968064884,0.13463385561645103
6106,22.486904840794843,1.1894839589238,185.27561507469545,2.068512483217383,0.28565180613976127
6107,66.66817215656216,2.554429420862079,551.7552423144969,10.990160506750716,0.5480095020205265
6108,318.126582375871,21.27835049957654,2701.036023099035,49.79542592516451,3.426561864770995
6109,312.3470953804816,21.559242122086673,2655.5848814305386,49.21756234799333,3.515922605280954
6110,402.375977450447,28.32862162549115,3419.437596194065,63.51101276641591,3.652914081839124
6111,110.8746603661536,7.5704245937784105,938.6478879421413,17.58207984600139,0.8107498685788412
6112,260.9589186007249,18.54353460182497,2221.911501195994,40.66265288983695,2.659722973344285
6113,280.88048221360134,18.54399501027288,2381.5946088345095,44.2633632666533,2.8953344729762933
6114,101.15689363943858,6.994763287061907,861.2814828536389,15.615397869958473,0.8047344419674705
6115,329.5719483830865,21.775035545715347,2795.3598815896726,51.25295307933009,3.7782135410217115
6116,293.9400215106824,19.44965330125499,2492.306531461829,45.51212967774278,3.56842258108997
6117,197.15010660548904,13.28995590531398,1672.405019585064,30.660276042802327,2.560335791860107
6118,184.35307836738866,12.248805212583157,1563.446354045076,28.775547865229004,3.010207493899638
6119,150.57889417284449,9.128449078571412,1272.2057374122312,23.618482055306306,1.601367179255397
6120,303.601331618502,21.42863922299989,2587.213300531885,47.13209166727679,3.401312966848504
6121,-3.858751086642381,0.38952758813668265,-32.59977250577946,-1.0130767839364503,0.8363405362097276
6122,288.1340804592278,19.983723241823416,2446.9467560395933,46.01833332768113,2.714481618502542
6123,171.40111777569297,10.98148336569837,1448.3590459768025,27.2306231922407,1.7828428165045223
6124,114.38085886172456,6.241568295145598,967.3790770533187,18.166307453148853,0.5986782736969265
6125,182.53043214206986,12.134269534210794,1547.1705763495324,29.6558878225538,2.9514910486403876
6126,125.9895080506367,8.72861759310983,1071.3091285994833,20.067708650928818,1.9109929913331736
6127,63.95200614802523,2.7090691161642857,538.501668370758,10.321694930244936,0.33988623007280383
6128,88.19485087416928,6.546509813745217,756.1866553420978,12.884373039069427,1.4683937558000624
6129,193.97260149768042,10.958713969787487,1635.3750141357002,30.294575208260973,2.0813737248192457
6130,126.6120873164502,9.278866783298307,1082.2568961764507,18.660384824159532,2.8877296515402917
6131,401.0800150380155,25.009214486696152,3389.865353216585,63.28230826183666,3.2950351153644526
6132,71.63757476156633,4.804284898600548,601.8039810900129,11.887266219828293,1.622739279067857
6133,203.5491999385618,16.121735041427666,1741.8986146366883,31.20975874647846,3.6005541795394573
6134,-7.720258112584115,0.22355678461993816,-60.50899427002755,-1.2367689052005377,0.10261825687734571
6135,308.1268401179704,20.53294560318222,2614.6064758498846,48.0975069157814,3.676488600894154
6136,325.43170687322527,21.855349664490944,2764.420134859306,50.945960938091,3.290219614649651
6137,60.19644458826249,5.597457712977997,521.7296547202452,9.873651388591554,0.1846822989192618
6138,209.70949792356421,13.638619051910243,1773.6036891513556,32.72277697182059,2.9416059827771748
6139,80.82097932120513,4.554289749600848,677.8178483323279,12.300463559226374,0.4866939018645189
6140,237.20959829992984,16.227406061672674,2014.0498870866259,37.38648021047798,2.6412137880253126
6141,127.5765518849532,8.97532360652161,1087.2119951214495,19.916947677865593,0.4586713148424644
6142,360.21247812175534,24.65521274436531,3058.5053375420916,56.526967791156856,3.882346370040838
6143,140.76523426953383,9.60306939640039,1205.3617497201599,21.46176496637992,1.7524415082761235
6144,152.4193320351016,10.008876109775326,1288.6717185354016,23.658459732219715,1.9803422821237011
6145,68.4823091918926,4.509843686532549,585.4777933004506,11.506228890314777,0.40479579420622613
6146,97.99523361146503,9.818821331469394,850.9329464670441,15.53290883196191,1.7854549933640906
6147,332.5701661504033,22.32697344660647,2824.8555174281064,51.88204431467115,3.930921325563424
6148,74.9501958714207,4.463205596166655,630.9014573585546,11.520484293522323,0.06163348828887605
6149,-3.454333644461753,-1.9090192635460066,-32.756675106234454,-1.1134467707948241,0.41436469779783724
6150,100.37533126797533,6.678200789901526,854.4228657392898,15.532381967681063,0.23784770873432137
6151,324.9619418521505,22.230618094676046,2763.234662380464,50.57874268713147,3.367087117159861
6152,39.09903655627925,3.2983526251373005,340.69878900519086,5.830762426759767,0.8835875399342887
6153,13.080289962380128,-1.3117765005392745,100.77483612318093,1.7599809978705108,0.500716214809152
6154,279.5253854831323,20.230182196661644,2382.7246258181463,43.64443878435172,3.8219730236928937
6155,278.20669753599884,17.909491899456498,2353.488459528483,44.44001470561473,2.055358786339517
6156,133.26526856009284,8.070222925727661,1121.3652125840358,20.736348304338673,0.8371016429777383
6157,192.0975125281707,13.258251138154751,1637.5647600005416,28.649453954759288,2.9428907640720547
6158,-0.6084895126124539,1.4906991131649656,6.7621476658550765,-0.7703703538821833,0.8977564610777429
6159,157.03791613724522,10.623877673538054,1330.2990485248517,24.400212999815967,2.204182125563923
6160,189.25441345521878,13.162477218579264,1606.3643681077515,30.163415172004434,2.452627397614216
6161,165.10894750316237,10.427848038315837,1397.8068048737016,26.308300170575045,1.742538144842146
6162,20.411738982494356,0.5930796319628762,170.34506619757641,3.0887187640336107,0.705189624695064
6163,105.22501750193943,8.967539722651118,899.0234323737913,16.808939265874685,1.222061032457174
6164,267.08111917973105,17.469696177528427,2264.258665324602,41.46080296895832,3.1505898385126523
6165,186.63444481105,14.011620997258325,1591.5068184343384,29.078209444159818,2.4633679457446136
6166,111.89261955817128,6.871468703387278,947.5699263541661,17.01850090219566,0.8202785363250089
6167,160.10656323281734,10.175706934004674,1358.7772567014542,24.83368290107216,1.9526132600876496
6168,236.14881423592314,16.60904705816302,2004.8599460412543,36.38663928691376,3.7708480826051765
6169,100.06389296608346,9.727397449971741,866.4631813046907,14.347464389200413,3.1109221469401467
6170,52.10959194768467,4.605918732551414,450.61224870213465,7.391347113307754,1.477828616990791
6171,42.33592141385742,2.45959556622691,351.7228017728223,6.360634933738661,1.1129678136262728
6172,161.85534744678216,10.374183247523266,1375.6695054168126,24.444049266500226,2.6815770503420717
6173,162.2549921762061,10.24212045303211,1373.7579102666868,25.815400486242464,1.600526373893393
6174,265.1649975929184,17.318576071648113,2251.0524363931595,40.60177076890735,3.464822423701934
6175,49.10868364410683,4.902377331765028,424.2497208963591,6.641907125170135,0.9361309827026849
6176,344.9225920295232,20.81816904041694,2917.736558966478,55.68419987823299,2.647585482011377
6177,16.642337240362362,2.0736293177417817,149.2032633908463,2.0649357309557272,0.9439280935670422
6178,119.15907620617847,6.539472810514551,1006.3525973193383,18.40855650272412,1.5402477705980822
6179,24.090102672609355,2.0861123143948426,205.0235808565196,3.879844289072679,0.7117975862410337
6180,213.0414322867689,15.758502828556914,1811.2603766144225,33.9630670271241,2.196263089816566
6181,274.0642898775446,17.767525001413574,2323.6893959586905,43.08637395915699,2.800168791100288
6182,277.5603515599529,18.932297844332805,2358.4369654255406,42.787713065592754,3.3976598724637395
6183,169.5613557263826,9.105221990003743,1429.0458338954581,25.93221660204087,3.053104346150039
6184,61.275686820562655,6.033118272988737,530.6973082967448,9.770343593652324,1.384715568699785
6185,124.34206310937196,8.791309951805367,1053.6170841763344,19.741798607665878,1.2559253495095843
6186,57.013443682981,6.169698752410694,492.7139263346905,9.646080638343388,1.0508418982207335
6187,71.57764418980433,4.661545587874459,607.0341752962885,11.804483668060668,0.9439211365636657
6188,168.8393666875099,12.360980181836377,1443.340907542022,25.48082339718958,2.6920295122558913
6189,287.9827046192663,16.510887515938776,2427.553404313758,44.223843231503324,3.7531880555367314
6190,415.5239726140697,26.94264550777969,3519.7764772475834,65.76650906428272,3.348587950818177
6191,149.1547877069641,9.88179172393521,1265.738455066306,22.87396826418725,1.980511133118124
6192,131.4760493905559,8.727085390399099,1118.7508036476743,20.53149424921511,1.9621613808266996
6193,-5.417638028089872,0.7043382731450667,-38.98785211918214,-1.3714422999360956,0.05844439642268506
6194,-14.626474677675024,-0.7483822380905238,-120.60690501518944,-2.0476820457620843,0.03987765579583913
6195,296.85957548229715,21.129278454399294,2526.8974519885164,46.92924601743741,3.6560845548523035
6196,263.8518679961626,17.33672608695729,2237.0548369422113,41.47911829877075,3.2635889189014917
6197,162.79668909394042,10.352062494268734,1378.4587145334453,25.270896064663006,2.41957776699977
6198,180.60754372132703,11.363317881742411,1529.9085492391373,28.78931380759579,1.767302551021678
6199,313.91198007024565,22.86937240860864,2678.902974982856,48.55717899941268,3.9842475060352487
6200,4.245917841739988,0.7709419510813311,42.55703490942358,0.2849446690542332,0.38314109388873563
6201,44.749055892191826,3.3681266406133084,381.1249168711169,7.245442776033524,1.4286978490787292
6202,55.96846292942535,3.2482685848627115,467.0084666161723,8.426026668897915,1.488298011439885
6203,121.40311387884026,7.993800931611801,1036.5402987966752,18.745984018209164,2.016901185439606
6204,24.708861215595945,1.7736658821963065,209.24978186363708,3.960382368421548,0.527588074805311
6205,286.9936989721188,19.77429740538056,2438.0819835883303,44.701762152435634,3.685760685067874
6206,289.8797461479581,19.66587682526487,2466.2597856735324,45.15326075810032,3.821756997791889
6207,72.33770450422064,6.429689404501191,619.6968347553635,11.994634952493627,1.0145992422357355
6208,41.73232148146024,2.8207370689862437,355.46724811884343,6.5752302924846235,0.32259269570201043
6209,198.99018140055387,13.115618335760235,1688.4335346814835,30.70048674905239,2.723702733114724
6210,369.2725583978606,24.562623785036664,3134.1384124873894,58.62960805767417,3.403990872757302
6211,218.43704025493957,14.559524228428538,1848.0898400488156,33.378067710710624,2.8679276329714365
6212,-4.572745228317433,0.7429405689653854,-32.89831505215316,-0.676102949305224,0.541797882703893
6213,157.48451212287927,10.807788569256559,1338.8914838551557,23.997004062372486,1.667869572707501
6214,194.9745406073332,13.885357665975544,1661.5562533024492,31.03936232884629,2.143852197287614
6215,164.3987894310887,9.727888842298693,1396.1019232146662,26.22170604004873,1.5164932593567468
6216,112.14779458747037,7.12924719635257,951.0782659098932,17.161423331541616,1.4498350190970624
6217,-4.660053028478873,-1.1174335783266012,-43.85402669022299,-0.9818167248926235,0.0925681820398494
6218,249.6976492211125,16.277943467866713,2112.0689461432253,38.6537517398352,3.2106963143568685
6219,342.5927753790556,21.864660156412263,2906.5719170393313,54.63324714552375,3.4981281809251925
6220,49.69543928655325,3.0126955750308104,421.5890261757507,7.3834501333756455,0.4904234846054294
6221,256.4154119278258,15.623034984911158,2174.4376727793465,39.806339310075955,3.4674866280594694
6222,113.72575303246755,7.840270790842794,968.2446827065228,17.651696854611075,0.6539446025120457
6223,235.16111805230062,17.39269445986432,2002.0068913968523,37.114030293744456,2.9193619997186215
6224,94.40062543501094,6.4811106903861,799.4696008528811,15.715061342342235,0.5121046100628699
6225,78.53440124606405,5.562440181604789,671.9855963579723,13.273652866641664,0.5988828046052785
6226,-2.3234019573112508,-0.7501928971135086,-20.173867579716624,-0.7299266886717162,0.02280148105246127
6227,374.6728647212081,26.336244907637884,3187.4939053936905,58.76653433951456,3.944694052194448
6228,118.7396641357394,5.949124417679933,1000.785390945165,19.03406187583385,0.8193659664202935
6229,32.626190618802134,-0.24295767424992176,262.67146941884266,5.801007423038871,0.5617039876390635
6230,83.79194414226652,6.414758641275906,713.5667916638754,12.981138333232845,1.1817566915652127
6231,32.009666486275776,1.320772586349033,265.14455237653874,4.343637835835406,0.23152003509307573
6232,279.74271445071383,19.486945178284078,2380.4768177301557,42.42729582374707,3.8626609731947172
6233,254.42006194053423,16.447163180387545,2155.2063602918,39.495623749166654,2.868477319765534
6234,280.7449175564482,18.58512446405222,2382.1731934186914,43.9453122127848,3.544161642640382
6235,78.55955247805507,4.680940382500129,666.148210605997,12.30825363196589,1.1668782397231783
6236,214.6689580291489,16.892082893515866,1839.2442823225851,32.72717160960599,3.667339341236215
6237,340.989280491584,22.269217756347423,2889.2964710197143,53.69021187259347,3.6951383343504403
6238,224.4887412263763,13.904027110869164,1897.7393560852834,35.39522454089263,3.2215541179521887
6239,234.6277404454317,14.716672448032194,1991.5736484024083,35.54224326456076,3.4976798416172925
6240,94.72612692842148,6.130416596653827,805.3247477967441,14.666043073359017,0.9638409982360612
6241,30.36413099737441,2.9298362664458883,263.738142389021,4.60385279807599,0.4391798210689202
6242,449.09344639847,29.62132090901339,3805.0420945172646,70.98227144662319,3.62406956936314
6243,51.344294953647605,3.788973738602947,433.221704154386,8.232177163058482,0.7460870975317473
6244,224.54173987683228,14.998026630677135,1906.4700351484048,35.15827815514257,3.3999846047058524
6245,125.05519601061175,8.470369399819589,1067.725039272034,19.79755018849837,0.6533286934507996
6246,236.50415540991392,13.671202824585304,1989.3175444085946,37.20441801207645,2.76881894698375
6247,103.58273842567506,6.495201982211637,884.545399980745,16.619355190291643,0.18272884154836966
6248,261.4013622120848,16.620476990926946,2215.6197896677763,41.0774342270432,3.022139517458234
6249,200.19095250094455,10.845617942798858,1685.9064624401321,31.300044315757077,1.6002626118350722
6250,149.87546547370022,8.482275988424336,1264.8137254279393,23.582553599424635,1.4947307069879923
6251,238.54764082339673,17.07635320826679,2027.3896211519684,37.58817017935767,3.5265091325979845
6252,314.8593881502769,20.753172835491114,2672.31028051257,49.563221147967205,3.6340192685012154
6253,18.53404274783155,1.6307136364583537,158.74705132010135,2.6375555587953974,0.3979839572339565
6254,153.51096103990005,10.500816288801719,1298.1254537255463,24.691732916803105,1.1921630005385446
6255,50.576515252409465,3.5823454306165967,435.1790619492637,8.89568879346163,0.34809814457374966
6256,2.7484580564067937,0.2077157024717574,21.535166432834103,0.2896082549401515,0.17809304642579216
6257,109.21115161603699,7.503468776681151,927.234246691588,16.630205293014722,2.1147264501061933
6258,227.4136242199798,16.74876746662094,1935.3074724652488,36.0436187530341,3.1762221050025845
6259,207.2060925722793,13.777130927479654,1759.0333116124482,31.917451231485693,2.7819601754371317
6260,183.22468179609623,12.774638459284706,1554.755402026804,28.09414166614766,2.565566710926647
6261,160.5683087414963,11.14259568230857,1369.289473134407,25.511497681245153,1.6247854749304214
6262,159.97684305097104,12.838414087059967,1367.2706557502843,25.294603744474536,1.5793782004762407
6263,68.59168874700792,3.8618142363212487,581.4245275848881,11.117176598225818,1.126938370196633
6264,181.63195428611652,10.9470804715215,1539.7483162299516,28.53356378325474,1.9178670153321238
6265,233.04574630010225,15.689901827130909,1973.8035586765004,35.906321318357755,3.281568079517429
6266,42.855657218751325,1.5736348551641606,352.17816698025246,6.971629498519787,0.4624599339828688
6267,127.71617182921038,5.896122308367636,1069.946559541149,19.553731613782148,1.7889167224473486
6268,215.28252526238106,13.695212012011595,1823.2676317684566,34.192976288930296,1.9815208599745948
6269,189.15746380830785,12.544639416120877,1606.8855269400742,29.84301109959479,1.9463616026609514
6270,0.9317797139258046,1.9182886901303837,17.47860542714166,-0.35500139439337897,0.276204079385145
6271,279.8408442254161,15.818311089126444,2361.474497953571,44.56780802674962,2.6374323983350862
6272,245.7883809602992,15.423970896214064,2082.933160361564,37.765048681637715,3.329276384305127
6273,167.643270731642,10.105350795165144,1421.2062022901066,26.489353292482697,1.3661221275847626
6274,330.8113222499096,21.627791629395503,2804.3888907633045,51.939348558802564,3.5753865619095797
6275,178.72128389029396,10.730951003677738,1513.8823750435904,29.08455321373648,0.654773117892963
6276,268.73098579634217,15.834647646205498,2264.7212635229644,42.40512906975783,3.4237826595571117
6277,226.9440746765127,14.063550117966223,1924.745525716361,35.31242051103423,3.7191450387112472
6278,187.95531477511216,11.057079235059527,1586.6120202075454,30.062628552060367,2.133884927769056
6279,264.2199607092846,18.465869890591947,2249.255807182605,41.64319297183578,2.34332199378979
6280,229.1014173938286,17.838204724872494,1956.3153615761116,35.5013578204061,3.4329633424291943
6281,239.4578185456892,15.973260054972032,2032.9722187932127,36.01564770839561,3.872685030132736
6282,126.45619868880922,8.45920141595351,1073.804031177276,19.697999626169842,1.7317736557551147
6283,209.82439707067422,11.645325717198634,1763.0957462526735,33.49552412689899,2.2786813299887654
6284,69.07770471749788,2.5766184406731574,574.2038940537582,10.556425773650563,0.2791947452604191
6285,81.09082664162936,6.488290301190343,691.43387371471,12.35210985816956,1.249618692247544
6286,280.1777189365519,17.206696460810058,2367.8488379627,44.280675560498516,2.533715637558064
6287,145.24259882170773,9.856032716302535,1242.03082694121,23.16243792693196,1.350163045480686
6288,248.13418428799994,14.978647496953917,2100.8818057104677,38.66691061020745,3.90598554655776
6289,14.814784561289226,2.950791559295073,133.22426204682446,1.5122850648356039,0.47059269124341796
6290,115.7136393369883,8.758381743416715,982.7884300522784,17.591052271370543,0.926496985220719
6291,61.65276347281472,3.9882350325674727,520.0246492971014,9.26243903122521,0.7386557900812472
6292,230.62646515170928,15.549220439143273,1956.257550981516,35.79752154516899,2.5013923494221015
6293,41.47777338076193,5.836440003684161,368.339730544319,6.119836404433526,0.7536666224913167
6294,-41.6028843772634,-3.2824949059094166,-356.365413821501,-6.544724605731696,0.08786723516924777
6295,204.16924871018483,13.676888326109184,1734.4304975644284,31.236440823040017,2.0545532853001767
6296,188.04579446330314,13.093044645534317,1595.7233408991176,29.118886178743335,1.8188791994755737
6297,89.40688851211561,4.923296197689804,753.0528710275468,14.351169218688055,0.2958402227371528
6298,317.9520699095756,21.120637597861936,2701.316719328366,49.847349523326216,3.084544106642135
6299,263.60291293488035,15.35984280795141,2223.447486161556,41.11466444093455,2.1968095074515834
6300,319.47987017511565,22.680187451226182,2725.577922325385,49.64209215027322,3.747850951138045
6301,55.10863552327263,3.8798439618432567,469.1727334520707,8.278330863838965,0.16622485945438115
6302,1.1796356714537841,-0.03142111011682225,10.10726862388915,-0.13599213994722126,0.14027467513814162
6303,120.83685753175615,8.207072193735707,1027.7881826485366,18.37172132164733,1.657877923603864
6304,266.22487230290454,15.822422033913357,2249.897929619042,42.948187490528724,2.5487976743139065
6305,131.84498573928053,9.154592917111662,1116.9421731406082,19.938742649283697,1.8757659701084037
6306,106.06515560081561,6.605509753528338,894.9085677733905,17.28250345912526,1.034402720479978
6307,156.0219581826142,9.432173284589064,1322.8426334175974,24.2805037780517,2.5056033922582444
6308,261.1125542959461,16.563560638827994,2210.2907879721756,40.528905038607434,3.1675143247163984
6309,29.91107819121149,1.586299934299807,254.28484568047477,5.468398088794927,0.3168426576529746
6310,209.6522417983487,12.828477525572202,1770.2468317695639,32.87805195943721,0.8431476059776695
6311,319.8304755194576,20.785594553462143,2710.368308284139,49.91531557949664,3.839917126757652
6312,259.21641974740817,16.649956525449927,2197.212433274911,40.19786785284869,3.3208764349182593
6313,199.64170828134223,12.475963652821322,1689.7515820419796,31.214079465532826,2.3824695992985094
6314,5.117470021104387,-0.23585872833248178,42.74487592818569,0.3582083445601626,0.22031712577137608
6315,178.5184904898817,11.494690435391977,1510.0764295269453,29.417629639951603,1.5384390361900375
6316,86.81232483153724,5.45727744481284,739.8100047793785,13.889484098377118,0.4141789291428424
6317,226.30093248074957,15.64330374804176,1923.7668575162365,34.87595170669712,2.8244721511605198
6318,221.0207631657238,15.38722115576241,1884.521108526286,34.903213267595504,2.0193146175317165
6319,183.98965927407306,12.779711210117568,1561.5956263002831,28.783872526886384,2.120209053667139
6320,303.53244362407514,19.19603408020235,2565.679607104499,46.87562704734287,2.7425464125998165
6321,333.48795209361094,21.419012726409477,2824.24731420189,52.6575416588508,3.132329386402894
6322,-55.4379744460265,-2.1321448642213143,-461.2143031070334,-8.059807308300401,0.3674770716005016
6323,56.9389795633066,3.7606953022722505,485.1469319311461,9.602032802715005,0.3305698139983577
6324,267.1239510816509,17.604711980909762,2264.0748596434464,41.8912579272127,2.296365948939501
6325,142.68426914884046,9.989659322893093,1210.3575231647828,21.739262463948414,2.3349727040839596
6326,201.7404363168928,12.369888652297565,1709.3153954438983,31.725122873243677,2.3795290366290733
6327,138.12868136847075,9.13101123437031,1171.0034525609685,21.664898987349513,1.7986785113239838
6328,348.75742261553364,22.395038326318854,2953.0074085304714,54.26632994086087,3.7849624632665306
6329,280.5069978665673,18.44904480169073,2379.249121036952,43.45712990856175,3.3761119932887533
6330,162.39212922969105,9.595932312051602,1375.7523267940373,25.75423215885813,1.452315864917756
6331,182.84379793053225,12.146214823610512,1548.3916884569317,29.235779878341503,1.8320155906629556
6332,82.99158257192228,4.619290960608261,700.8597891727408,12.707941641637143,0.6309555053598412
6333,153.69137549532692,8.415115845663992,1290.4077098470545,23.835316438921748,1.7805196181602647
6334,281.89896509489876,21.4852181466399,2407.849383444324,43.14650833138836,3.6545988687671476
6335,46.97484741100338,3.4298158987025196,399.93109604950195,6.681440014398664,0.9701120958471678
6336,180.6401908003268,11.449118724298485,1533.7337366063502,28.747404823106933,1.4609672530997435
6337,234.73613615602383,14.83411938444943,1985.8217982415454,36.59152860288068,3.3942186382393142
6338,59.73046509322052,4.635170401852212,508.27011754554474,9.11516912700998,2.0271451077053433
6339,66.34489409574665,6.244758153377617,570.7850785693548,11.146827175659475,0.36934358765190245
6340,332.82177379322604,21.03154713815595,2822.7241823464237,52.3955620770537,3.007236026349659
6341,57.236455825721414,3.6524577194447287,482.11148308306457,9.556662114789582,0.6417561864743107
6342,228.13075620003767,15.919732922884842,1940.3319245722153,36.07734056303667,3.2325431964682916
6343,185.9836863247961,11.68974591400076,1565.9135751688073,28.263711130892002,2.3585982919194812
6344,200.3800459677876,12.337311531660177,1694.9421477581534,30.951486073467958,2.0740049858062175
6345,91.53993825455751,5.894133226608803,776.4409175505988,14.590634052841216,0.8107197976960938
6346,75.40817457299372,4.917210620980684,642.5002743993556,11.255539971561713,1.0345666830331255
6347,273.4100904633218,17.572095182162183,2317.7182230416597,42.61849617691577,3.617022267935118
6348,99.71574459231616,7.5849687818850455,850.0993043475928,14.818266765852794,1.304042918294603
6349,221.8608206699666,16.22486490451198,1890.6975461679256,33.79254455681338,3.899593511150889
6350,306.3950999540746,19.455240359325213,2594.219164134415,48.15127830889574,3.000138904908068
6351,118.35751094812532,9.8624258007158,1015.465197098125,18.219361466653037,2.133383175855359
6352,99.16720504194164,5.129684200445541,835.3900893067475,14.811913090019372,0.9690097951328909
6353,144.03822852091992,10.434791194430009,1226.2489944462584,22.632844710061473,1.4357494081860391
6354,191.52395907476625,12.765734692138732,1621.1281551025293,30.947174638980833,1.7192363412476852
6355,301.92772373113974,20.568283151666208,2564.8489624303243,47.08318168866253,3.4136640007295087
6356,324.5006286387032,22.112950329698666,2758.6309186662515,51.04658195330938,3.0208240023576427
6357,284.6790746031766,19.82224637556885,2421.1120318409726,44.2901782030128,3.687225773473551
6358,171.83722602066453,12.482155803036413,1461.5953086047857,26.220547730206068,3.3002498622980356
6359,185.12467857962022,12.695185827154093,1574.5254747379624,28.953656235295306,2.1949981335882334
6360,-6.6763320890282705,-1.2023743840574497,-62.22086674803367,-1.9729584872514572,0.8571712169102339
6361,258.5837157360113,16.80466438697004,2191.2137248260306,40.329245439762424,2.9304764905512486
6362,346.2223292551191,22.868117562138575,2937.924698377869,54.99115677463078,3.7216511329006376
6363,344.88841092326413,21.467349230297227,2915.72036911723,54.03627520752549,3.947608252062287
6364,298.9451025192288,20.915202552746067,2545.847178606576,47.53581226202294,3.239038960898754
6365,213.36993642867284,13.971225861505534,1812.4490183361006,33.2087988501177,3.1237703512745782
6366,175.06922366295845,11.18870069558999,1486.0828906002023,27.577840253340113,2.2942867981875823
6367,209.3065837248553,16.304852406450784,1790.771668329564,32.989494312222625,2.3146012022316405
6368,68.77646958317092,6.33796867477507,594.4542881571413,10.832755991373277,0.8572929127044611
6369,337.6075049170564,20.563702319891945,2851.423273088903,53.26958324312331,3.6059297314035903
6370,282.85331304446476,19.767017226613387,2406.4493232356567,44.3768535246796,3.5470378151069593
6371,288.8010239789886,17.992341653437162,2441.3602811374994,44.787251284054065,3.9493744419091303
6372,5.719029555847375,1.3218676274670107,48.7280352212082,-0.29618007085556064,0.05103446040248549
6373,59.535491335309246,4.673545219990009,511.8837380631325,9.79642190176232,1.083239753806108
6374,245.405217072455,17.5746080487347,2088.2008403401665,38.76632100430705,2.915142968338475
6375,84.131311196806,2.3890306444919336,696.7594068777655,13.003880444062185,0.6888173171074725
6376,273.2800397232217,17.69812056769522,2321.5734830566525,43.27724086954708,3.096382578373502
6377,227.17488649267813,12.909894288380135,1916.4957204436769,36.547776906397345,1.8434094524062168
6378,174.87809534217854,11.017559422167334,1482.342238580161,27.862435526883004,1.3522877733980834
6379,235.0299279048316,16.345368108859915,1999.844928086273,36.852146012477654,2.7009552100703504
6380,122.1968197159317,7.425280389712645,1034.6175791263497,18.73641844362857,1.6558831553389641
6381,228.52813162299543,14.695185393376848,1935.9449695943374,36.26720856663225,3.449111298930762
6382,154.93274918832583,9.225722005634314,1311.2569735356744,22.823771656599515,2.778692072024422
6383,125.89144632102085,8.706811499391026,1063.7782180023767,19.964901753948446,1.7959655804088257
6384,265.48266262970577,17.158803945993355,2250.561191328133,40.958097977593994,3.4673197630870387
6385,297.880845866376,20.782365046194897,2530.4965852849236,46.56874154913503,3.6501307054503367
6386,361.7143716932139,23.663699667480266,3065.3840484321977,56.70348854299792,3.5138909047995757
6387,-11.219559755007447,-0.16274359560948604,-91.67721691507543,-2.4417729239918247,0.6939035709201846
6388,111.13423958866952,8.459289512331607,942.6878907853232,18.616780299358915,1.1472429281406127
6389,268.49098104323286,18.570795306822003,2285.5820466587443,41.541378937454795,3.7406857079915725
6390,211.96073555737095,14.383381114842289,1799.0439942095818,32.10741117249478,3.039297512564671
6391,-69.03621108593804,-3.3226450708770927,-575.4471704984293,-11.847148568968084,0.23382822173138873
6392,44.479101048945914,2.210498999793591,378.1593254163408,6.36912549682005,0.6902428435593735
6393,105.4645669143832,7.378945016271507,899.3951282328032,15.70949689429452,1.6708081829002541
6394,287.98093643372226,19.30940693621876,2443.066284657285,45.323528710073646,3.5334132546225394
6395,155.3806725050031,11.345377414713912,1321.3429975433671,24.820560006191315,1.3791254609544996
6396,164.78259926525095,8.668704087528246,1388.9924985630664,26.367948669996302,1.6246659518137805
6397,168.51992530552457,11.001397333649592,1426.3915849781843,26.852194655091697,2.3062039132241976
6398,286.8971319553401,19.782109526100758,2433.3711335360485,44.672017452738395,3.4493143185157153
6399,34.32230512539462,5.34853845839478,310.1429119825512,4.151985114282851,1.9648415431224633
6400,348.6359882950069,23.18380181737792,2961.16074487854,54.348074397875855,3.7819755564296185
6401,124.7739640479704,8.577010392300908,1058.4839004633604,19.4351887989578,1.175567898987759
6402,257.0419152970801,16.698064039634183,2182.2412001096673,40.10116262803576,2.471661500124731
6403,114.1016794500185,8.920767054728035,978.4636193868865,16.951270176407164,1.9842335443823873
6404,84.9791067451276,5.623366048031536,723.2363820298116,13.598686994054523,0.8949180022156731
6405,345.59399042803676,23.126608974386478,2929.8957651083006,53.81307734438545,3.2357446494523887
6406,124.32061607802173,7.629104429595015,1055.0717950710618,19.14740909519849,1.5230984373522487
6407,75.65069760691547,3.8116004384165367,635.0950750790844,12.08694729639471,1.0574815396031738
6408,168.9281644693906,10.98257713685162,1431.5634538204145,26.145275652545518,1.6794813399820097
6409,16.5286344934683,-0.16506321267029178,136.0413334374,2.9226836525508504,0.24665400819878558
6410,-11.95582784832034,-1.2888143343056118,-98.83051331607999,-2.4403827076340767,0.023965175202240285
6411,136.9729114023099,7.76189221901754,1159.6555263145408,21.732008660912495,1.980129513488015
6412,256.9952704990081,16.479514964693127,2178.0976581621235,40.39583509981505,2.6528493727746674
6413,235.91140696756773,16.073833252417426,2007.5862047154856,35.8749465157868,2.968643003710045
6414,310.7115748138996,22.966625292129308,2651.767284992021,48.94924525783253,2.586569869951411
6415,374.41461457445547,25.30618049996084,3179.44257991253,59.54303418531802,3.896308186622145
6416,299.67068038910264,18.59276658163544,2537.5473161133923,46.84542686652355,2.8632121402938564
6417,30.522599779244093,2.655580864563442,260.16480661829576,4.853778282632973,0.022100904022985812
6418,33.22735927001852,2.199283333178564,280.2229484382309,5.673378604334532,0.32751795737931566
6419,228.47137935316061,16.36751879733105,1943.1907751418253,35.136257694534876,2.536111511761733
6420,131.8892087509564,9.434493296705313,1122.70748811783,20.485149376443097,1.0069540749185277
6421,229.8142163236956,15.38757063300147,1952.111883185416,35.74349025448913,3.1038053937499117
6422,58.82482897058273,3.8960889149756404,500.54821969050454,9.508064047159872,0.31018755652401353
6423,134.10322375431778,6.68798009816965,1121.9632374347275,21.416099603626396,1.4635448667437707
6424,141.64749007446102,10.390005595049765,1206.1267310938526,23.250007453191326,0.4191034383331469
6425,49.76191084000809,3.891318527202979,425.55821383448495,8.329352630068014,0.530584129990209
6426,67.77016029879105,4.820111976784782,580.2635397336375,10.529432125971146,0.647168990050734
6427,150.36776243785803,10.047129716894862,1278.695308208367,24.225659008203518,0.9145774648877425
6428,236.93647895530876,15.792199614656356,2010.2858338230471,37.60847818199943,2.9034679560173937
6429,370.3801706213287,23.98950081962751,3139.065427879215,58.35763891968474,3.9456763839734195
6430,212.42417880718386,15.929830294151984,1810.7216267321958,32.756948015095816,2.967593545685675
6431,65.64927832032066,3.571899822614899,557.0303508974852,9.096903369294921,1.6831037394371169
6432,288.16036776038754,18.532792587969745,2440.328767712202,45.09863082515284,3.049370259287276
6433,143.56638335546205,9.111476822393893,1209.810323045957,22.478868156593602,0.9290803071961964
6434,224.9172503560971,14.52375022335623,1913.3837779024914,35.39462898481421,2.190686845012787
6435,212.96194522186903,13.800141348400954,1802.5074566246053,33.2007880951598,2.2849492956135253
6436,0.04041265950850148,1.0063606904640565,7.660903120657081,0.24273914490477377,0.38358133791865434
6437,18.68154330534488,2.349936998119084,162.1141281710564,1.0948883800906835,1.258637843590277
6438,154.38576384057396,10.859814370684783,1317.017920600089,23.11036744637135,2.0430652002555014
6439,130.56359306169904,7.870861019310951,1105.406402024721,20.626102407198413,1.458213314743178
6440,49.985075881563965,3.3567345254476657,419.68894959119683,7.960754675594568,0.03754015690298784
6441,169.28658475677526,11.94343730347597,1440.9866624634876,26.364890786927287,2.720518468787995
6442,97.98275264429773,8.571603069509553,840.3429954561801,14.731319400309474,1.0761893707818317
6443,145.81100160987356,7.579285624276047,1222.5798923656691,23.157597544653136,1.2558734312087743
6444,262.41589067362924,16.078579946798556,2219.9930797909633,40.578820255139576,3.1895151976840297
6445,164.62002760849575,10.934371861775649,1397.8242863023843,26.240141266036876,2.101491422775946
6446,206.92282298332623,13.11471045914638,1758.0522184973104,31.479781595271835,3.0178017586518053
6447,327.2459990508529,20.074774680013995,2770.088126972422,51.616153824709166,3.703737651635035
6448,71.57270893731757,5.087309714327532,609.1115430224609,11.712080780727549,0.3855689885477589
6449,115.01966430412675,7.6148764719064745,974.062943707621,19.07249372595465,0.6053974439104199
6450,153.55647208959743,11.210859499493608,1304.172102117203,23.73825903647767,2.547189654593526
6451,243.4977876999838,16.17981891352585,2065.0134226727146,37.387866026604314,3.187923100794745
6452,88.64383621940952,4.652746547637723,748.4452138061207,14.306565135451844,0.7729058912470808
6453,208.0428675461554,14.77719362968822,1768.6300955354793,32.08496259438375,3.471518841587819
6454,123.45280937224362,9.48591962051025,1051.3295613081443,19.14256360967703,1.3155937975191483
6455,221.42775565147835,14.119008222255998,1879.095832435305,34.40594475731871,3.2375715128742706
6456,364.58969645105475,23.97113870041486,3094.5584879953108,57.23629091440517,3.895232248604454
6457,80.8555874962749,4.8927064146852866,686.0023384184462,12.68140608286598,1.7760414929113169
6458,339.722912167123,23.011072092784744,2886.4203000771145,54.16142513682438,3.7865760041847
6459,31.512909943874384,1.1900792519454506,259.84703985647286,5.926093787373422,0.19139178347139785
6460,287.6713581012068,18.718439943348315,2443.5749362007305,45.775385306731955,3.2168250727121377
6461,245.7563406953354,18.08802065140931,2097.431356212467,37.65629620730421,3.527121327917574
6462,53.73340078225755,4.015517556132437,458.3834072034971,7.266478013946782,1.2360447790650446
6463,30.378211030824996,4.072016488373318,264.8948821070516,3.7496812870233196,0.6751443880898362
6464,178.15666712176602,14.077578152512052,1522.1807394257078,28.704319422090908,2.330839763067029
6465,173.3704546286917,11.541214945576773,1474.2780028357297,26.024154274182585,2.673999549524688
6466,138.65538722119635,11.43361502529908,1189.5628229883466,21.311340116708067,2.2055449752972027
6467,78.19749005580681,4.063470946134663,655.2408282446556,12.09188536261114,1.8327235880097126
6468,81.33434416527817,4.6579116426202605,690.607063891509,12.17374420786304,0.6409337973331626
6469,135.20451241028687,9.626640477495599,1150.0931978221606,21.328926032281867,2.653223703758501
6470,90.36404539522167,7.160094104816338,773.8248433798639,13.837523088490611,1.631981049434227
6471,160.7132981254598,11.490261208487253,1368.9471235414085,25.01951198680036,2.2903121063828022
6472,264.5421733661534,17.788127195451438,2246.188180674673,40.958886605698794,2.7725292998149174
6473,249.52331380566736,15.155570791249978,2110.7022824708915,38.930439572024326,2.9459648261604947
6474,224.73812311822957,15.58881924771794,1909.5146630617019,34.566409359785546,2.6707148791924156
6475,210.6982380145336,14.079167196633787,1785.555951336212,33.23142913097232,2.5595577381921673
6476,118.27807800083124,9.544405637484164,1013.1006382791301,19.285144179221653,0.9228417715102832
6477,217.29498361507345,13.936106274384294,1837.817491749547,34.59885852340688,2.7070726321297878
6478,242.69976488989735,16.873163854154516,2060.0870404436328,38.39067214693638,2.6575428991346204
6479,215.93894617891064,15.886362236724572,1835.5956044508491,33.38559693150327,2.3955516473033645
6480,147.6015380084377,10.310491863888053,1253.728980234936,23.502990778824632,1.4711800897540042
6481,235.7586271751459,15.448374632457282,1996.7826403800289,36.928524270304756,3.3809866885139663
6482,106.21251989706646,7.025299789095887,901.1703366740129,15.561939028599289,2.1668914858969157
6483,299.29507524665354,21.2516291121332,2550.5015781292896,47.059718206272706,3.1841301892147245
6484,127.95589005576582,10.236284449832102,1093.171432674251,19.3867565434243,2.4648395376381664
6485,264.50279441133995,16.82531583686427,2239.3806487099228,40.868231430416216,3.6515692196966025
6486,288.83220147367933,19.725818759843527,2455.2124097673563,45.22409216813002,3.6488292340096824
6487,264.4872885371568,16.948539432394135,2241.617230230824,43.312152359479015,2.291501046214008
6488,219.60221969213336,12.879916114786326,1853.0970686100632,34.50833911222243,3.2502917353944487
6489,373.8692651576963,23.722413772867792,3167.7452052956705,59.39395895690633,3.588953112498087
6490,7.7613485129053466,-2.1459716814356034,53.24254767826388,2.0429788475100423,0.018228132471658665
6491,49.466168497281124,4.885655110623039,425.74633069661127,7.195602394803437,0.7671008303200231
6492,300.45982823731805,22.619481218210527,2560.9428967233716,46.80679076556351,3.6723417901153046
6493,-15.561908573224487,0.5850102711318588,-121.73574997795876,-2.93412254930514,0.6052809371087502
6494,212.91291338012346,14.535381556865925,1803.8386947984427,32.62858716673528,3.7330782111133076
6495,46.98369815401624,2.852349536741816,394.6069213912344,6.742330036334311,1.1222550594609664
6496,134.52078103894934,9.029649825310429,1137.1653605870204,20.43779763951872,1.9922634177143084
6497,290.4445487530764,18.12761659653685,2461.0994563772815,45.73582185385558,3.550570066736374
6498,214.6977506849564,13.919079705693466,1820.9724013354887,33.452029904908215,2.602268436443533
6499,310.18461618238837,19.163262369430097,2629.6039674895596,49.252974764085764,3.0500426746770257
6500,196.3902647287103,14.491523438466826,1676.2348123605345,29.493878516336025,2.739833783629229
6501,285.03649145805565,18.327884540806323,2417.932244707277,44.07924982092043,3.5772319028073274
6502,180.33488886034343,9.683872443768472,1517.4455934154503,28.452214082715273,2.0214472709521343
6503,322.64486449331713,20.220414411785526,2734.9455249255575,51.365046073743414,3.2946001656877737
6504,246.18504090049893,15.073092983717778,2083.7434552542986,38.668507583982596,2.2388139780794907
6505,184.81981375381025,12.041787067450073,1569.5886239071317,28.279780658913904,2.872108726709008
6506,293.6502921745073,19.288298442950914,2495.150908964528,46.00565926925994,3.4465945322668454
6507,257.95931231157743,17.580399332770508,2197.3278053443273,40.61769790495385,2.9434316412030603
6508,110.13206062632382,7.545391247056864,937.2608759195266,17.050883650985007,1.7896802462277028
6509,290.39716561949837,18.433400212687726,2467.9452543927277,45.98656892387881,3.323007187035698
6510,-26.301846226770174,-2.3083455461657314,-223.4020304316931,-4.982969932222799,0.7905431522391213
6511,225.58792711923064,16.875677519828496,1920.446146762016,36.049832090711675,2.966416327435965
6512,62.38363351558467,2.2333196817750025,517.904339002473,9.70502441784351,1.0112778669714713
6513,221.85181797883243,16.516660822785973,1894.5265908539131,33.58857538500692,3.9625984924817756
6514,199.08307325862702,13.44867097618464,1689.8016632044998,31.545713656472596,1.5010459340951745
6515,127.18610377916038,7.106782931961107,1071.943507637397,20.651590389045744,0.7262821434613582
6516,310.81540175287944,20.93123721776887,2642.07356812154,48.651374480277326,3.9662882409385825
6517,45.48074967958942,4.685174648421082,396.3849634171527,6.580120011639626,0.3115617243515745
6518,209.93851705936612,14.363157768811082,1777.8584450100823,31.621914601373,3.172169574022362
6519,368.644830769471,23.784476268770288,3129.10502518818,57.86572015921357,3.361632873105392
6520,264.8259197697554,17.755561970492913,2245.3355862726694,41.93264898436168,3.1714307992875885
6521,7.628839786078922,2.8536318355307992,82.17707737796259,0.49644931831201333,0.9858475582458621
6522,296.58867472681436,19.55941112124765,2516.9950936493615,46.65325656672253,3.758080009108979
6523,248.9136325332749,18.371677992364482,2119.714878415552,38.55442115070761,3.650032856543146
6524,359.1959256918134,22.35683031353718,3037.2578383601353,55.737814527529785,3.8583452546197665
6525,119.68736026548999,10.642474335219564,1025.9592022246184,18.795750177732515,1.0050084444307519
6526,-49.75763614843306,-1.5462285117985788,-417.0540715024254,-8.307814605675986,0.7321796410926207
6527,7.958444206143323,1.3733747190341083,73.82374265959467,1.0949910530577758,0.07375964149882108
6528,323.6875757546405,21.97184708041065,2753.2062191954574,50.0882744794291,3.6936775868354363
6529,118.42664284811251,7.351054954304628,1001.5554042357194,19.845816011922526,1.7080573012415048
6530,341.47990873641925,21.594168218624148,2888.3810128920563,53.9164163119366,3.9140128265096825
6531,180.8878867080225,13.508525048197143,1541.8846977363678,27.922603349172572,2.574109295459746
6532,209.94300535258648,14.270023458382937,1784.8679672609908,34.041874022016,1.1631155178679609
6533,314.1674595624295,20.780880069940416,2660.3606133934236,49.75515673098011,3.206499548194993
6534,115.4108595057926,8.316525041113781,984.4823955380118,17.2929597540416,0.9489752118505397
6535,177.1193165275461,12.582318786028361,1508.409826211745,27.48770438411113,2.3025404828832223
6536,278.32265397341655,19.336363486782567,2363.537710618494,43.91967422433874,2.622888259597871
6537,165.45117165655495,11.661947726809482,1407.1238383878451,26.55588950244008,1.227627075116977
6538,262.48608665802277,17.503594980698587,2226.63437313303,41.480082003051805,3.058806678965382
6539,271.8394338928765,19.137223348480944,2314.5981731522224,41.686754342255455,3.4729020863569624
6540,294.8206228330754,20.8050486740198,2512.042693966814,45.25367907697329,3.7950066571244885
6541,48.62576978453261,1.3198309613566246,403.3380661434266,7.307694234712121,0.424272946513351
6542,352.4321789265577,23.449109363672296,2994.216670687978,55.43451563972551,3.9087590124469695
6543,254.09290382231538,16.854779445715543,2163.33989004422,39.11330920149375,3.639578385219316
6544,343.67787676863003,22.091091472931595,2911.746720044332,54.394262401794144,3.725697377686465
6545,8.536457793029538,-0.5073171770591534,66.10512829763039,1.1126147099091286,0.30409599358626727
6546,180.77529442626977,13.418184580526184,1540.9467892662303,27.99002404794079,2.529635801596662
6547,47.11476524647057,2.5164030298826994,396.9928648926412,7.894476763840352,0.06715860767770199
6548,222.59913017499395,14.042661558463045,1889.350570701585,35.27964828231326,2.054643041716258
6549,158.79962646585605,9.728005964423456,1347.0626371628848,24.165333495072154,1.3480581799852818
6550,75.93947430427671,4.12184187367808,636.7387265474786,11.078499703494115,1.1545206404199346
6551,295.14804335854,20.880226249709146,2511.011195703729,46.687374126401735,3.6302760260205047
6552,92.62475860978927,5.087362886981707,784.2679290695446,14.375623562483602,0.19748156609361844
6553,194.0241092738839,12.905642873868747,1644.8001488497544,30.166042749017006,2.590944004419919
6554,187.98569610609155,12.624108465157608,1602.2487341592032,30.049439250259436,1.4801542350080652
6555,166.04792183419198,12.522228412100134,1420.3881773191147,25.25396657710296,1.8903645024008338
6556,235.87683242497272,16.570401381007727,2005.2706471208312,35.96663819138694,3.0280634329291027
6557,96.43481559318539,7.117845559087941,824.9183365426495,14.854412309455203,1.7269062192609428
6558,319.58212048878545,20.032065711312637,2708.3227399174402,50.900654099264344,3.5262687347358153
6559,142.909447910761,11.023157691004304,1222.0136694957826,22.649647046166237,1.8750122556950308
6560,155.54699398080447,7.807718076794073,1303.0805979978559,25.014462785441605,0.9837221366584878
6561,79.86889566790605,5.8781181143398324,685.3423836671304,10.894144438510375,2.622794602827256
6562,110.58278433243275,9.224327871912166,952.5156670946737,18.56529444756161,0.360722919073698
6563,49.634803232386936,2.766393233614955,414.67508633933664,7.396419651887936,0.8757011219343971
6564,259.91974059425945,16.838307324102505,2203.488049255559,40.49590268920562,3.4578473519510067
6565,290.2878923828957,20.18933494922676,2466.256663472256,46.558290017582145,2.8992082401351578
6566,247.68008718047616,16.794033467564205,2099.906095805985,38.5608085197631,3.6238948380824363
6567,126.58201076406242,7.498585956913281,1070.1156728567723,19.725915776493014,0.5580218417229417
6568,281.0788834440598,20.103114145165826,2390.7481277696797,44.880391093392134,3.8451207551108584
6569,170.2942332730567,12.674714512536257,1452.244372876735,25.92753948953675,2.782368713149633
6570,287.59963409373233,17.751042394183386,2435.451757834784,45.119902323640694,2.759770180078525
6571,357.25803034846336,22.56380072554456,3028.4291380464615,55.947305204467476,3.710467259390123
6572,339.7958045863946,23.436097218701693,2889.683893995114,52.86859489718921,3.8989764882932905
6573,332.30669691998423,22.852781657778905,2823.15728991594,52.37148929677389,3.879515703072001
6574,163.39464412007166,9.819537305834741,1383.7748845597193,25.58459931465992,1.9202121920577047
6575,318.3964564957372,21.36506180976342,2706.5613144455233,50.19176862786977,3.588783201578673
6576,70.10365849546223,3.338284549521881,584.8015009674996,10.482989775793245,1.2729813625716058
6577,199.6528573314869,12.744304123632265,1691.073535930529,31.757093382091284,1.644560929006293
6578,319.6095134584813,20.14496073184644,2702.835962078246,51.041203044180506,2.9146558867565564
6579,158.92904180284273,11.842242548632331,1354.4079576077925,24.947724256083333,2.6629910768676495
6580,173.71721769132293,10.859148668334175,1472.2340562667728,27.116342768243765,2.3319406338381423
6581,-23.676590534061162,-0.2746720193352683,-191.05262900345625,-4.532832519936674,0.6111177944549291
6582,242.48991813353408,15.65502602665781,2055.707714159537,37.59961983308138,2.2227882154992726
6583,226.85881374367654,13.828913054841792,1919.9855707900915,36.269080338043594,3.6208208022393404
6584,332.45888803467574,20.254601646769963,2810.1265670709618,51.66299819114201,3.887514602715382
6585,-10.010258964212843,0.8601064370789048,-74.76068864155273,-1.3943645774336497,0.3146364402582722
6586,71.84987127618405,4.195578193340118,606.1299571133022,12.018364289354903,0.10003712519929087
6587,272.87494150706794,16.217143918759803,2306.2669667924997,43.284886234618185,1.8800609013496872
6588,72.63519248546636,4.56146506605025,618.944852163411,10.27547789897028,1.2144143832694563
6589,146.93011390439378,10.029639252304207,1247.1167709312322,23.17603836388599,2.1233927741628027
6590,207.20259938925255,15.069144625977017,1764.7653003335763,32.9612947329881,2.4968297575468186
6591,129.81677807073558,8.625295884386194,1099.3785073924544,20.84942254953623,1.0499700710053292
6592,116.30255794633622,7.557581075747144,988.7975219187736,18.016926068938954,1.9829551935932597
6593,147.4185531757835,9.57811023297549,1254.7665414952094,22.55217294124985,0.6023038491483375
6594,23.78598723785182,1.6388878455704254,201.04322640753037,3.964898371216857,0.2971870413415574
6595,206.04645591312013,14.054310086762268,1747.6929254107883,31.538795496093336,1.5529171222447613
6596,313.80704063248925,21.735771057355528,2667.9048989245393,48.82029835789564,3.77966211806837
6597,129.32069900375814,10.543659148943073,1105.7365128373726,19.61087540912853,1.3800103371515733
6598,167.65734592643037,11.383061575835942,1422.8158710778346,26.306710342719683,2.544654483148978
6599,338.9770706077545,22.08334305978044,2877.084427664484,52.84617198648362,3.7373461895238465
6600,32.259440533249126,1.267990445867392,270.64362438411,5.547334577458658,1.6881343950114434
6601,-26.2691352309239,-1.017864656353563,-217.37802270594617,-5.082679456331864,0.7513717619853049
6602,323.54923246894367,21.376179127309634,2754.339866883069,49.47240461626965,3.823775475886549
6603,299.78807130190575,19.19539557963215,2543.353037490199,47.59326836040194,3.654146977960151
6604,137.01815666715024,9.56849672991423,1168.738185488127,20.613548610944978,2.186248554293813
6605,183.90024068108497,13.287308332739846,1565.8668496648356,28.994891122301116,2.0953799420807195
6606,73.40393920867406,2.9986632300584786,611.320999555394,11.276699037443004,0.764507663997692
6607,235.4518280405061,14.969822997536163,1988.0740597495942,38.30136189186263,0.7246292058507535
6608,39.44248677616873,2.9238761523414976,337.0331057319416,6.066144164641885,0.7015089077335417
6609,30.696908549700794,2.369642923089998,258.2136612060789,3.873911366084388,0.5043346936387527
6610,260.535759858648,18.043376412737857,2212.7344662630517,40.126317398342444,3.4098821485765325
6611,16.550165098198306,0.040408002380811436,139.34842184736726,2.624723174359471,0.04634287542215354
6612,41.9306156081789,2.2050769928581633,352.97143265043235,5.643783090410558,0.7846005854522518
6613,136.67871782391757,9.923165152259473,1163.6302624553007,21.220013369071793,2.1304816901144905
6614,180.12917486684992,13.087931342629926,1533.7818513078803,29.1535685211446,2.3197643300458526
6615,181.3194486495971,13.238276299764703,1549.7268391203338,27.68341262702471,2.180361346839432
6616,169.91844967286298,12.428313771707169,1447.4149297810325,25.223920057213196,3.520742281642846
6617,212.62947724824141,13.920058523009923,1803.9899916665945,34.01213882679481,1.8847305223297957
6618,286.85231711084333,19.14721237473147,2430.431099229769,44.51783365926882,3.8400251894303077
6619,-19.921792201483893,-0.23592301673035743,-165.61507703636724,-3.4321578411818243,0.1814190483531597
6620,67.26359537626966,3.978699208116351,563.0313240551949,10.262773917203917,0.9027292347824236
6621,96.82347158845877,7.736586159961407,827.2795294215715,15.338679333657744,1.7380892867444508
6622,98.95413549689074,6.8657408121771475,838.9586222256027,14.788138472961185,2.368700427833806
6623,195.0030125665995,12.296566622493119,1652.6310278172334,29.80252240640286,2.4456560486941443
6624,122.22565994396292,8.101032700800932,1036.9638783623539,18.708950553788267,1.2562697244892371
6625,-18.455543027123547,1.293149398763433,-143.37854266110577,-3.6687145869324063,0.03571519633116971
6626,96.39799186131373,6.817331928774378,820.1348701468877,15.467672293239422,1.4966384165367024
6627,52.608919542910044,6.098946302674269,458.2570336994935,7.900440930521972,0.9710691595232745
6628,191.64154151004232,11.501041612701396,1621.809514928209,30.47336238345505,1.2877889917844096
6629,128.4127789565476,6.780157968107158,1081.1665208796146,21.39153967023956,0.9865512463289532
6630,266.61238538461583,18.3399050744345,2265.8779216837265,42.458973990997485,2.75049014978987
6631,234.53803276826585,15.271080836032947,1988.974568179278,37.312319641940455,3.2621103706228625
6632,309.9094946169802,20.33466865250498,2627.4998903351698,49.58078681090144,3.6629133852442064
6633,199.55516370260392,11.373309710935567,1682.8517119025685,32.323725855798834,1.1262328061904308
6634,288.9945438605783,19.41310257802015,2451.488576357828,46.60029097277238,3.116906871796148
6635,41.24089698565978,3.0802989951632664,354.92911538720665,6.541314909995322,0.3016018980549986
6636,54.36786318376233,3.599748483495954,454.3834116086719,8.603780006363497,0.4104236003449566
6637,246.66188405439948,17.70671651528499,2094.812947884648,39.4210610668757,2.696383046869379
6638,167.0485113356694,12.10627288594072,1421.6578105862438,26.254654258257307,2.0433247293826566
6639,341.23313482463305,22.94487046776944,2899.7446114753234,53.07731988710902,3.652523337927576
6640,-49.38637277720467,-3.5565197878995756,-426.6127495438504,-8.353212964837564,0.4085723335886233
6641,18.27038315554296,1.7186067383582522,158.15564203771578,2.678137483760038,1.590191013377114
6642,24.704538308408075,2.4072168631869286,218.01182415611626,4.362377765402549,0.5070320001893913
6643,100.02307398053189,6.491149703281572,841.0713959550918,15.83822584274955,1.1316064479914125
6644,59.08443672818703,5.76927307962501,508.6023025032674,9.076639983289997,0.9349624682750077
6645,217.60044748673894,15.843821799501871,1852.4854643418562,33.9255443082243,2.7307331680294875
6646,208.5061885555656,14.5232556888384,1771.61749560026,32.307620744999724,2.8348474300993973
6647,268.6873407487172,15.91698334170199,2273.1977333624727,41.6019369233449,2.7082493377467274
6648,304.5179916789191,20.33312610441745,2582.585684264541,48.1705760343836,3.607259489693419
6649,90.15062451470543,6.404551868087248,767.4755725210517,14.222556727737366,1.111073165096998
6650,193.49713437311576,11.853307863564584,1638.4582942101617,31.1133003214479,1.7733168749214965
6651,150.57560313622557,9.585064924966325,1274.439294981958,24.390564774752065,0.9539026317789481
6652,189.44149147398323,13.140963692743918,1605.4511948379118,29.82291864690154,2.51184237201659
6653,19.44525424166448,1.7827421547639903,167.79858102788307,3.0379052325619744,0.8569493301183977
6654,308.3867722045212,20.251989855299325,2618.3342927079443,48.24179229122836,3.349583934463397
6655,190.72903104953534,13.570195221463704,1620.6341380938434,30.376021729331384,2.4728119702757723
6656,163.47260384991262,10.602239930221655,1386.02828899653,25.10522899372826,2.7477597518605408
6657,161.43619836367355,12.91026105694379,1375.7320599429713,25.061837240968476,2.6209704823946867
6658,334.12074969527083,24.901125236047733,2847.7238616891796,51.658369614415804,3.522321933504225
6659,340.6342924737542,22.403105610955464,2891.766109727206,53.71676875564385,3.994227426299005
6660,321.5513943218256,21.053377661959733,2728.042615616628,51.453455528007325,2.691186933080751
6661,329.2742796736989,24.787339845998265,2807.0605603153026,51.45788256647349,3.8869122590702694
6662,204.07519119021995,15.109444274016681,1735.523907903307,31.864861909815307,1.6949149813919084
6663,214.50003920415662,14.411669623426683,1819.4864478738555,33.24078235866156,2.456362724204378
6664,328.27483421449193,21.48814133913338,2782.675502667241,51.626697905357304,3.6998834401371905
6665,169.8630549853771,12.591754831619406,1444.5197820858057,26.367333125872918,2.725606801778541
6666,314.82033394310855,18.990686114337993,2663.697749134517,50.130300090659944,3.070660257443136
6667,216.92617637799296,13.63159157315193,1836.9794538006172,34.60216351282865,1.7030480693876777
6668,56.47658445685163,3.060997796699879,476.32043510478053,9.321318379379523,0.8002754357481083
6669,89.06226561941271,4.1592780977300645,744.2626241048555,14.702337238039348,0.47749368287539573
6670,146.99386996558022,10.311103166562372,1247.8225023137813,22.026731067376897,1.2008644138137434
6671,181.476312366584,13.457917662108308,1545.8395731511878,27.66720957493893,2.3576835716598534
6672,105.71254598045655,6.650416149645228,896.223348498531,16.83918228512823,0.5760943737504549
6673,43.428929294999094,3.329476803543205,372.22877092357646,5.778048740005604,0.7558937426833179
6674,187.24190941826956,12.680581689056368,1594.5542635722784,29.87091370127775,2.3612339221763965
6675,36.99203631808362,2.1569735730174306,317.3451198029707,5.868188718597905,0.7560438128715266
6676,237.29271021577554,15.287436229510215,2011.2653680600502,37.38281924892394,2.416284392783442
6677,292.6646047563397,16.705148038967575,2470.2874359922203,46.514431237565645,1.980961022188874
6678,288.6653124973753,20.749531557983005,2456.2901034064157,44.49663482662922,3.362600165514026
6679,125.33410800322365,8.312545701753809,1060.8573956697583,19.738658907532326,1.2237323034036165
6680,132.6258156181912,7.638389061837453,1115.4328870412244,22.18063303333612,0.8496462831747795
6681,64.545887478657,2.8407563017557074,541.1340551674343,10.29725583663614,0.9799602104999248
6682,213.85526687263842,15.160843631989561,1818.020540432955,33.33176911599299,3.027125363590115
6683,103.70568108286265,8.238865777901912,880.2007302940244,16.241037232611365,0.8550412264276885
6684,13.584815047309991,1.7459780182357245,124.7479574019275,3.151322029838434,0.645776875873818
6685,20.226355582331223,2.3535598892476806,175.96575740973708,3.0815268137810605,0.1599208101672862
6686,63.10563733581043,5.541291270431089,542.2009829491742,10.00076458755132,1.4801999127665892
6687,19.95708472892446,3.485147592868178,179.68226406753388,2.616148438992621,0.9554661834232583
6688,214.2193049610142,15.658481296195731,1825.6760586002822,34.159861483656734,2.2813216837797636
6689,40.75758451752088,3.010435375596954,349.72109141372187,6.976569589749307,0.031577219973766724
6690,341.8792222126397,22.303071421936487,2894.1370492823958,53.911708152389835,3.0236542678556444
6691,231.42479726445532,15.41125797421454,1963.9067465658,36.633218788336286,2.0830232607949797
6692,151.42241289567605,8.93516393410186,1277.870677882346,23.296050822290272,2.2470493260690665
6693,9.730033099876087,1.4812113468177028,80.15427480363002,0.3554391606607705,0.4538724407442669
6694,232.7842433281389,18.386442318201382,1993.220647468934,35.411639277147444,3.568016792612835
6695,218.46640660701337,15.140335588618253,1860.8761988002364,33.76784680770065,3.4194317367561102
6696,339.84825230056265,21.992527587724037,2883.3819363032344,53.64681968519885,3.0434785454645104
6697,222.64477935674006,15.358232071587084,1894.1382814125097,34.786422289752714,2.0991717059459742
6698,157.08890482784753,10.645589616738318,1332.8133378427815,25.336459848360054,0.8205065053581317
6699,162.55640247187088,10.114374091313849,1375.1369886763603,24.44305214855407,2.2049888576628827
6700,280.057118754272,18.2243140513987,2375.6198997481038,43.60679389638031,3.145705220384801
6701,-9.745257915157262,-1.2037376764919165,-84.02653105834987,-1.4331355672544173,0.37410329766165384
6702,175.123942798746,11.433102221392177,1485.0685246006742,27.570295978726367,1.3623618725225843
6703,303.02408530175245,21.347491287470483,2578.642121001986,48.373656070664346,3.4333273847004206
6704,27.898904347793778,1.4389783294781449,233.16756636945635,4.256620364701733,0.8464203212364381
6705,189.3492545318669,12.999641414915768,1610.9285133319647,28.638508739452178,2.3932799961268336
6706,220.5310623859951,12.864713423928631,1864.4972087108792,35.40476649075885,2.2425707075246684
6707,236.28021595628212,16.238508310917307,2009.327499830441,37.00717357682279,2.7465742402792763
6708,172.50441614874705,12.414240741858155,1471.2037040802359,26.47318580640786,2.5260459660091343
6709,95.26060715196533,5.293753574587219,801.5948154692842,15.167560182184074,0.934191406014905
6710,301.1768029340327,20.421951730026322,2555.383460523141,47.3404181653909,3.3130204966897914
6711,184.9241517289521,13.710756157246273,1574.7951691278483,29.587208769192692,1.9705009083687042
6712,219.94137288318618,14.891873838725353,1864.9407244844351,34.41624983293457,2.606343245586025
6713,12.936776429211001,2.136274219059258,125.2957576930584,0.6045413255206569,1.5298615964100017
6714,60.986871132710704,3.6667200886158584,518.6137773604523,9.803179966325953,0.7319601236494013
6715,90.90957055185841,7.155044315132132,783.0029806093856,14.389963877524913,1.3536510431152
6716,104.28542197595579,8.130742557084565,892.7727869475822,15.361106672357543,1.3000970920019497
6717,167.9722742190342,10.475259171834596,1420.6328897001144,26.144022893039594,2.1930768860524146
6718,260.78102783531324,18.424054547874356,2216.8300830908665,40.39256534447006,3.480525211502035
6719,71.84278264846417,4.339408765365111,608.5889040919346,11.895701181432557,0.9409005379754531
6720,3.2593287813286986,3.35645876800669,41.868655112084014,0.6394638986466301,0.12140040192802903
6721,156.87206582533156,9.484088951565994,1332.1548779242473,24.47223704949286,2.0667552962024907
6722,286.5655306933574,17.717625200464052,2429.9200484152957,44.83181107315217,3.392508859015006
6723,355.57146986822494,23.62714400729011,3020.8567023773085,56.04466737463038,3.638421218895183
6724,330.3847529976774,22.629076346034818,2812.7164645146495,52.549089419878726,3.9168138652274154
6725,102.87637370482902,7.824483078453872,878.2909821973171,16.46198356757513,0.9720102295838777
6726,95.0347014033901,4.5596528527182585,792.6775482406662,15.516691425711176,1.2400543160515398
6727,129.47167880232587,9.061816937972228,1100.096342599528,20.096065481017813,2.1994615770200805
6728,131.56176620334278,8.33936370723139,1115.7728213158152,20.72295956235162,2.227303874746422
6729,255.43222826934112,17.66799013268551,2171.9872523469226,39.62387611811306,2.8740622959199933
6730,89.40458894079524,8.228250549560752,771.3923500405912,13.21987768525205,1.432751134223703
6731,13.637595728020903,0.4819354526785533,115.1734202665788,1.470487123097731,0.8626193981186843
6732,331.8347407225963,23.09462692540159,2824.7568165509188,51.40710208553736,3.582982740083494
6733,4.80944014580613,0.04657136482524962,34.00852577758654,0.8290472025269169,0.027061770831871446
6734,155.52348483117183,11.338145804687539,1326.582078193739,23.59926934586891,2.6750458661518777
6735,273.59315541314015,22.405245255039702,2343.956881878133,42.98675188530702,3.8254453905559833
6736,79.24194516076231,4.226237840888128,666.7526527150584,12.931757490039011,0.5266926650935293
6737,50.75734021679407,2.8464014559927833,425.1817230035283,7.993349749371843,0.47616465323944546
6738,145.3684295132643,9.088026958526818,1231.3956692050015,22.4482681998799,1.6065610815820093
6739,221.44313021098213,14.160218154330426,1882.5023352449675,34.171814150564,3.830566238834609
6740,42.25110260046043,2.9366370200093,357.7025333558237,6.438779981176341,0.4305418341247629
6741,175.60696044204596,12.345979267164019,1495.0545274742049,27.74133583505527,2.242833373372514
6742,78.53287782487867,5.646403821625924,661.6880942709013,12.40313150426869,1.3891666040291835
6743,67.04220171204503,4.0930283353151005,572.3852039064525,10.265117142355049,1.3681513181831741
6744,147.91541227888743,10.299102335232345,1253.7102992606583,21.59573873986828,2.82111383593963
6745,19.302579743627724,-0.5183526076858831,158.07544708857216,2.7541127094387856,0.8106002841756759
6746,163.23098692526017,10.015523978499004,1380.6488338410695,25.01534939723421,1.6486075627266845
6747,228.11073905507027,16.510323067620735,1947.0529606435532,35.32088937149891,2.354830865359768
6748,258.3793220952936,17.44182301632719,2188.137925050513,40.76204391039937,2.6747795110027317
6749,108.52447903103426,6.745337037505241,917.5522184465038,16.740364440746855,1.1248778927063734
6750,182.39897378462618,11.221791579604734,1545.3096943792232,28.402110195812238,2.23430511157756
6751,121.55628918664088,10.583622146270224,1044.9148767071367,19.224747977074532,1.6319137470806413
6752,191.49514057744108,13.703911831599175,1632.3010536515735,29.588414409005058,3.2173709636047985
6753,8.10848384439168,-0.31231419651046943,59.28232006914867,2.0178184859582053,0.6663611845009458
6754,80.77823112603367,7.461594094157256,691.3414254810712,11.281790901646795,2.059581419930281
6755,78.95581354289878,4.5523653637867945,668.9095165059383,12.933995855964966,0.5122320250592773
6756,112.03071622965972,6.709676443080779,946.7569978866866,17.044374060939827,1.3508370279144302
6757,5.896374612324615,-0.04564752220675583,51.47920112112985,0.49477886276476224,0.24783847266407122
6758,249.82529251029126,17.44805288589826,2124.744059285888,38.96643921804723,3.385882472670132
6759,-80.21109441003378,-7.234740855942604,-690.4042342432507,-12.86402569595749,0.022040746613658513
6760,159.3479912024832,9.377430192212477,1351.1494808365687,24.454971133936226,1.342102982792691
6761,271.4979671423627,16.063024997063028,2296.198685305827,42.59150810746242,3.79824325628603
6762,165.05642028118177,10.934944239558227,1402.551184134595,25.836805644423983,2.0426114348338764
6763,232.61314064805478,14.586970435164883,1974.2483042854578,36.265039505291504,2.9120687044685267
6764,136.6190583831911,9.894095990489264,1164.4145362270428,20.42325293548604,1.2798359298553454
6765,378.6369261250194,23.320660439476107,3207.5504485975935,59.28968154433645,3.9345196913319405
6766,334.25846493967146,23.85169529445757,2841.2891888730687,52.60585710945509,3.8879920936162002
6767,262.52839937570445,18.560227971542584,2232.8995748678744,39.8784202581434,3.2648622510597045
6768,340.5152106087613,22.334771900586343,2888.9459850303733,54.20947651929753,2.6375228806647555
6769,334.8673647973314,21.000903256943694,2834.013334027188,52.110783363654036,3.966747852554715
6770,163.40798752183372,11.336738927955704,1388.0395144023285,25.584713529194005,2.4586408137234304
6771,52.95657255031104,4.343284535203612,451.95364276214036,8.226364497438198,0.8270300283720884
6772,20.928070835654047,3.183724436543355,185.67826069775236,3.4385907876995585,0.9688853240091082
6773,266.9979433749996,18.598684381074303,2268.798630035709,42.09084684575472,3.8345420753406687
6774,302.16483768016604,18.698355108369533,2551.2660217305556,48.38270739682516,3.319178370192623
6775,233.74144684863774,14.769222596395657,1979.5279687119796,36.66178669534388,3.068794408644028
6776,147.4877232746044,9.320676783779485,1252.4855574459593,22.672801067476804,1.7573483112774189
6777,-5.266788220369251,2.2462558902295506,-33.237605597038076,-0.8107527925094731,0.02955377025841699
6778,48.57119883354851,1.908614007786447,407.9942163209203,6.377421716460777,1.450785532987973
6779,324.4026671522998,22.9408424458846,2762.5171116906695,50.00566848241342,3.758722075003669
6780,245.4067783414358,17.33802102169313,2087.195924668329,38.00222384463559,3.0942568648877007
6781,226.9144711470686,16.1262297762916,1930.3595231974873,35.784129521205976,2.800250802245248
6782,236.66607705819703,15.40368961282594,2009.5549717672973,36.992779418600875,3.669896402644523
6783,93.75662260709002,3.8299316124912606,779.726519426567,16.11283624621413,0.1812611346634485
6784,93.56446269235393,4.21138890524414,780.1543334170306,14.245277358916217,0.991579251901205
6785,269.2247421054344,16.256915220239648,2276.2682992478503,42.17054288572533,2.7074473764086093
6786,3.3291425506887995,0.7453716297573134,32.28942186314691,0.3731163342661148,1.484719467090109
6787,-11.78589520171973,0.18807099002859853,-97.45560463982028,-2.387313500136155,0.07652443344039117
6788,335.54546361242967,21.535239452306563,2840.094239174972,53.293927887988346,3.2749421473243667
6789,248.13535164766137,17.09946488224344,2110.3890216733703,38.880690888488616,3.1074933401724136
6790,117.83204463838352,5.82962529430472,988.6042002008392,18.44215254701873,1.0899511525026706
6791,-55.07700526321206,-3.7740600914518616,-470.18526510184705,-9.290078296717073,0.3243599179961465
6792,197.75161071827034,12.556351871283528,1675.4682300550721,30.311380115143447,3.0599820022279665
6793,218.62704039526548,14.596641639911892,1856.294793031993,33.947023448209045,2.772280959551615
6794,214.38062964829942,13.911075414433055,1819.0955266326398,33.64364618625968,3.135508028840208
6795,155.19140236709572,8.148893954500243,1303.7987354123543,23.958135450288765,1.4453059741077285
6796,218.3783250114583,17.06037838674803,1863.5860444127911,34.144804943220926,2.423650904877412
6797,67.92535994251361,5.562755643003121,581.4785595313521,10.097173364216653,1.559438665286165
6798,259.2408652922306,18.09519294820724,2204.943759955787,41.296899339365524,1.517492815933514
6799,135.31959901567922,9.404953098730761,1150.8293678062637,21.333454524281507,1.0569456855497612
6800,194.80349656499152,12.649828417816526,1651.6802149828209,30.96100680237534,1.9158520398975836
6801,139.66536697341854,9.486486383828815,1185.9197178281847,23.066855341177074,0.8107303945574005
6802,284.6112878411863,20.588142844002373,2422.381822543903,43.79097745207248,3.996878642419914
6803,122.70458326985062,9.679712638932756,1050.8800169585434,19.852781454674883,0.8689064331097844
6804,85.30858906986967,5.376822610750673,728.7844814586126,13.098552409046032,1.7721557707780806
6805,126.87974183122944,7.547112976184698,1070.681756379163,19.97951504094464,1.8930974782017653
6806,193.82978834211337,13.403772670807792,1645.6853398377855,30.42943764600959,2.6204922957376553
6807,14.157803046617229,2.8273802780465456,126.48201371853551,2.1396252861555363,0.26510232325732197
6808,237.0490730544989,16.07260708893678,2014.4017888567414,36.975849163482216,3.2033984364841204
6809,76.13422924075005,5.220997377275385,645.2902984012669,11.669515393633883,1.3392284827642427
6810,70.58957993378453,6.330161260273103,608.6970370939971,11.44867549820547,0.8341976059394973
6811,276.8211796421682,19.585745823124906,2358.687213770587,42.463114281814136,3.8228969677171647
6812,319.0551763820962,20.02820852927341,2703.458218005294,49.03458471362193,3.79453886811126
6813,-2.8527427954680213,0.8925844910841427,-17.328526465687588,-0.07915821413058088,0.41556420045995823
6814,355.18017991771075,21.152432637391684,2999.507192239613,55.27518850438014,3.771129536290057
6815,221.50844256467707,15.898898743306775,1883.661480723616,34.779172195185666,3.5792452631377434
6816,23.44380748656065,2.2453690360144467,204.43144582009418,3.8766826138389345,0.8289730709920642
6817,36.701321274584814,0.46655684656262997,307.3211600357529,5.695796112424114,0.37276534191017996
6818,105.29016015192127,8.546067700713365,897.6014052945508,15.94686623155794,1.5488971496592843
6819,301.55144978379207,18.14614665802809,2546.0015976255645,48.317591089818634,2.973159238973973
6820,269.5781243737173,17.35938061293401,2287.558922287819,42.22084783314803,2.936942974928687
6821,274.04161195328135,17.730040314817835,2324.2212473766717,42.78032707317267,3.633217087455995
6822,-45.64464290681639,-2.8573852162297193,-388.76463824546573,-8.785455358639682,0.5813477195033188
6823,67.64408038779976,5.422700213306722,577.4354108729492,11.092881461125637,0.9000772162171118
6824,133.26184507234206,6.882583574548718,1122.581735897509,21.19918396407585,1.2359256673269172
6825,246.63672337514998,14.812489077846868,2080.7150306863264,39.94122211861764,2.4126936042699474
6826,196.37743560320558,13.709819002247059,1673.4924668667604,31.121983495425567,2.2361320763281185
6827,0.580425113852298,0.15646463131582555,4.015169623359551,-0.16471522662708027,0.679237685502331
6828,168.80525615989458,11.394195268241821,1430.0009797398566,26.35114482091072,2.3767186042857693
6829,65.74082131636575,3.7411289029411567,551.0747826954721,10.85217764458471,0.21247556712851434
6830,145.61387125603818,12.051313335283004,1245.8515751236157,23.18871728146584,2.104159986952072
6831,114.90064576392739,6.782800761675269,971.6299693788551,17.993644242414664,1.288963283450943
6832,156.50747632668188,11.226113819714843,1331.361028885954,25.62142602225915,0.8382147140846836
6833,124.08503049982153,9.724467997731733,1060.6846630321522,19.469605547421537,2.0042376915529876
6834,-4.944167302528106,-0.19839690219401662,-38.86216668248555,-1.2502036894239872,0.6809103358954478
6835,-39.09597092493581,-1.069268595473418,-323.9818604136973,-6.267077034199741,0.047849546613697225
6836,197.44172510712377,14.640104212856272,1679.1762135908032,30.494863952603197,2.922635063569447
6837,183.40046715618718,13.372428352261764,1566.3234358376392,28.57486254637704,2.189192986787114
6838,98.1517529793757,7.734391968571667,840.3696217249644,15.353610313927813,0.9548246620606027
6839,261.3799970038282,18.400148648964894,2222.199794033004,42.221516583496744,2.507629413047636
6840,43.29965770389401,4.276119803288936,379.85966129739415,6.428367845917254,0.9367444027054228
6841,220.4242272605659,14.151612882750488,1868.7962147025864,33.858714530610705,2.451344460384873
6842,347.79995477763833,23.48849697283688,2955.2312320515284,54.681389607554635,3.798651340658101
6843,226.58458736647594,15.756941135825345,1924.5952346253216,34.78729819869793,2.8935131176786473
6844,161.91527299169866,11.637191891523983,1379.3128646031798,25.34662297121109,1.7931029384492887
6845,37.00089820953339,1.470316165937199,299.81337606591643,5.8831019410123115,0.4866549538432481
6846,114.6643949290842,9.242316321064742,980.4466112593102,18.204813586651877,0.9727131356721839
6847,165.80289278691424,11.199937512063151,1403.945050344207,24.818386603865587,3.3499552927160816
6848,72.90974832507722,2.5814199252681123,610.2874799904397,12.048791575040315,1.0969449097076307
6849,42.910361596896784,0.6421973092934561,353.7481790131375,5.7580500032021185,1.345387079569838
6850,276.70573627738173,15.830376742563757,2337.6081170239618,42.74686297887332,3.3555212770486738
6851,97.13890288961304,6.216984339797298,821.7937800713111,14.884907978405252,2.5188324455493425
6852,97.69350366756876,6.753055095364585,830.6357605587403,15.10918656105621,0.9029912419723152
6853,-43.5815039469987,-1.8289079700147293,-365.8722365899888,-7.545510792894079,0.1903606120176038
6854,19.238591451587784,-0.25395259354206456,150.71119914753572,2.9387231012410893,0.18182295378430924
6855,192.6482959435688,11.469466962202658,1630.988555454285,29.811767786528392,1.9324813565804129
6856,65.04263594985761,4.242662978279678,556.4215208845756,10.241013275894547,0.5276929328445146
6857,83.30899030503126,3.8993701263088636,699.0159631081151,11.88377488189303,1.0036321583209653
6858,210.79953027637103,14.651723874069546,1789.2652571284455,31.77891980657026,3.000697892086475
6859,16.446941440010136,1.6384361176002615,140.95593213990722,1.875855937191592,0.5024512325725476
6860,30.541557893012556,0.37156262098549875,248.9385052512274,5.169937317882688,0.12072467494312011
6861,350.66556413585,22.05455329937313,2968.679689307415,55.68340198244555,2.631413804264118
6862,59.05685441309095,2.807000945386555,498.02752270125495,8.739954177278936,0.5065520598738096
6863,175.0275085501407,11.214275799002728,1483.1494135447908,27.40654059109891,1.4080108745255968
6864,287.9503384047545,18.172294664835725,2441.4527096583424,45.26474966800958,3.6796221931826314
6865,110.37909866045366,6.835518650917428,929.2686344580248,17.366179370394434,1.4519728609382532
6866,272.5442176386642,18.654630340807202,2311.478405521982,42.98686127412909,2.876390333976714
6867,77.71844735118103,3.3011858866431174,652.979342514977,12.296072331342666,0.737152563306263
6868,314.33908049737556,22.33119213246106,2674.3764346833973,49.472376044872185,3.5855107725944637
6869,337.8032957350201,24.273849502851572,2875.552385055105,52.97636718114448,3.756166514900344
6870,248.03459849988687,16.356082286645005,2107.023523854574,38.04713275351345,3.583967546788657
6871,279.1403368914082,18.716035857256564,2366.2456636921406,43.62782319556364,3.6851739296439425
6872,91.65597629525764,7.572836752009451,782.7141113727495,14.04058941790774,0.7278205423690642
6873,-58.001817166326234,-4.9316953165385895,-496.1937772839447,-10.1333817901497,0.19884858771223524
6874,331.21292785684795,21.81581971370271,2811.2986465368726,52.51346890988562,3.3103755148063487
6875,311.5390478341864,20.728025631671496,2645.224395482922,47.90312072646737,3.9488667870391456
6876,294.9374452707873,19.847384510550242,2509.4963384791163,46.48276290237236,2.891343467638208
6877,232.81639137705974,15.955031839943844,1969.7032660625039,36.50416432531947,2.9181004969503506
6878,261.6121917391819,17.970427899041344,2225.7955985787416,40.61916370416866,2.8947163493489696
6879,150.03593586362803,9.532735077277453,1271.6751562070683,23.53614904993831,1.6501777037273389
6880,8.165303738109706,0.5332343995407856,65.29086233850144,1.102566939904079,0.8605301375020722
6881,259.5798533149177,17.34059868071308,2202.2744897616385,40.7496933320953,2.820211354384566
6882,406.1927075104498,26.505601839294805,3442.271220747724,63.67677056596378,3.400371772181133
6883,45.26124145888755,4.974909430256794,388.0428641883942,6.845694753293743,0.12498145891868084
6884,139.48206722577493,9.166740465055376,1186.8436066643992,21.56016859089177,2.403669080362803
6885,92.11300856148841,8.308569274439723,792.6906300769485,14.01258100524326,2.0876051973642586
6886,296.61254972338634,21.944396921581028,2525.8047148234555,45.59800407415696,3.92832993526486
6887,427.17548980904274,28.693593130348873,3625.0028573563645,66.92721331807769,3.938062229084073
6888,338.8103774000569,22.360523516547833,2874.2128778562815,53.377309728180194,3.9990228859001347
6889,149.09955821544176,9.326059058415712,1261.840647654439,23.857699548395953,2.0907579172172905
6890,149.54291735541716,11.428067198794103,1278.5496351718598,24.926600786961455,1.5208286121068935
6891,265.2078630828119,16.066868348524007,2246.2352913768623,42.51399659323347,3.6156152923413365
6892,206.63805539261574,11.549634989420593,1743.3949215305788,32.85817078713367,2.1407017598561238
6893,165.50520029310692,11.782924460590186,1400.194055857625,25.115047534310744,2.2893675017842314
6894,162.47815615246225,10.331138429076226,1384.996096151086,25.993121623072998,1.4064996786718162
6895,337.61203364836075,22.9050604276743,2867.931602949063,53.434681451213905,3.3337817253940907
6896,246.78826213565534,14.701436826162357,2085.4312459039356,38.84376243395262,2.353303701343473
6897,335.2897484871751,21.831160238344093,2843.2418331971826,52.72708225933909,3.9063739437500833
6898,99.83815106550325,8.992476924532102,857.7559838452053,15.368002316423572,1.8508484286910005
6899,300.9411997508196,18.991114781005187,2549.8471352129554,47.579427328102966,2.345039320862617
6900,319.8031461697766,19.72022443623493,2707.987921379232,50.50116190426104,3.0269739869925396
6901,193.83214144901171,12.911210905276448,1650.3094655273535,30.277378996410675,2.798466195070095
6902,59.210829729655565,3.338873606427718,501.7895783744723,9.66007963287279,0.552793287510732
6903,89.49229903569832,8.268911310975946,773.0186798980893,13.562531909664555,1.4792275218682764
6904,301.5864620589608,21.074811509089336,2570.100626780515,47.55976403756453,3.929410817682976
6905,43.66205024004361,1.672669780116508,368.07194677685857,6.873103254081135,0.4939346817327519
6906,154.68401999479593,10.707823578048451,1318.6228531271217,24.869881691935788,1.4314119786284643
6907,339.6974543816164,22.011238458708668,2878.6782177773516,53.16611458425722,3.163796522315596
6908,194.66172058193166,11.85074783978838,1646.0455559201955,31.110074885884202,1.6966925188493827
6909,251.06950402351592,16.039068651297082,2130.4606156775662,39.39878781172628,2.8975812284810574
6910,311.45973598015763,20.1000415427153,2644.09395571999,49.10223963875031,3.711015100195292
6911,243.08211521081742,17.554577815938885,2072.1291666070215,37.76112335409897,3.333904913243212
6912,255.72880150019373,17.876005028602382,2170.416446698929,39.57996914628675,3.064976865173021
6913,150.3637297944407,8.564317984072357,1267.2818301352138,23.451777227361234,2.0150666377200133
6914,118.84838422516867,7.377898338407662,1003.3366419894493,19.7603770867805,1.7264017827645604
6915,231.13103168888517,15.47587293580237,1961.2970505257244,36.15083621055366,3.7231616742255564
6916,118.41786001052155,7.131160199414101,1002.2552738695495,18.774218515790107,0.5051163076846046
6917,210.23601288886192,13.29382083260767,1781.6194999005174,32.54218850357075,2.7761215038555944
6918,66.37937064438452,3.123103772543213,554.9391502849375,10.048988649987933,0.392673515356587
6919,236.1660667477342,14.231635019988547,2001.2160333505099,37.48666268252098,3.0027787899052494
6920,192.19211047941553,11.896297584858045,1628.0547918993573,29.789548533911155,2.232684986499171
6921,52.454092831583935,1.9168370127334509,436.7283026227378,8.903125110201842,0.775148430498747
6922,149.3728889757855,9.853542506610738,1268.673763334223,23.81322664016555,2.1192245268558803
6923,224.90812287525054,16.659379877907742,1914.4054995733263,34.28299528522088,2.835401089250101
6924,272.48967585732385,18.50452314058046,2315.901288444274,42.503260243432685,3.9746258175087386
6925,58.734999461567085,3.03958554348451,496.4234641347825,9.489346951876085,0.48758700819707235
6926,135.3112128840717,8.588726747359406,1145.325590710107,21.43776238327177,1.6316546347378766
6927,170.37959560725727,10.184500809716612,1438.9167339946,25.79354493932019,2.482896370029584
6928,77.90027354003509,6.148916241631239,664.7842671738458,11.863405196317775,1.6676109763419698
6929,216.062449058445,14.897456608092972,1838.6637495764164,34.06049953154539,2.64533360288367
6930,336.999277543133,20.036147339732352,2851.4464754655974,53.03049595971251,3.8626930357851466
6931,15.357970512072438,1.5360980857091238,132.61710514235517,1.8619897474060663,0.3188274004182752
6932,220.84531919574368,15.048641202948573,1876.1627335920552,34.9759706980332,3.0716229760022666
6933,235.73537394300178,14.547345497704399,1999.4658179273183,36.27422371523564,3.0437361184260183
6934,-3.414868652251012,1.5068079053002217,-22.03247997512455,-0.6269910893068116,0.8921618945629168
6935,280.6575584744334,17.257483874797327,2376.4028906482667,44.405890878898646,3.0692231370081373
6936,84.33134007629755,5.421992798573681,713.9967365772267,12.518532465608303,1.272465913627629
6937,122.83159279331804,8.517025396712326,1045.2424675244467,19.3494248720646,1.1422622684255792
6938,330.0138100514223,22.366072177124227,2799.6413044772826,51.83687190501578,3.9259599753583485
6939,294.2383426303886,17.325182611377294,2489.04498305414,46.16274649435751,2.7186394557896074
6940,217.6752590962528,15.499066741777952,1852.4022431950063,32.71767050729285,3.200161173371849
6941,330.6896256469836,23.14857936138667,2812.9402831135035,52.92405940636931,3.047275164965657
6942,87.56713845880104,6.4219311202585985,744.2719781208904,13.909571930508244,0.6139407288610728
6943,199.9841582062088,13.730473176927735,1698.3865033230384,31.733961653698763,2.7677620134108745
6944,115.86406653881085,8.324568141177963,990.1658057850434,17.2108254556176,1.857726383444792
6945,90.36347141216247,6.595186356965971,776.881392385112,14.385612269345438,1.839547253078098
6946,130.26294550995652,11.23946345986933,1119.427873921237,19.805414012414516,2.713945541270169
6947,286.4007428145329,17.89038861488572,2425.883431765447,44.826269378911974,3.142202037255355
6948,212.69409566591565,12.930763043282273,1801.3923459537154,32.50165236182889,2.334592096410371
6949,143.55965299880157,10.037184394135497,1219.9246531982271,22.335536566067507,1.8465981108202314
6950,329.9283486914639,20.8012889959545,2791.0757207954325,51.4881043686159,2.7538001062940807
6951,222.56376300217562,15.694144575107627,1896.0420204678821,34.99255682358253,1.8636080640553798
6952,107.1355382829811,8.378950211861076,913.2946390231737,16.53777124238225,1.3129269572792777
6953,128.23853482167104,12.519613734125345,1109.0400162183923,18.58965011618653,2.609779015481667
6954,224.06728831210236,15.200268574698994,1903.5908829903578,35.44965160323853,3.2101932402690787
6955,53.51916113225248,3.3114624686622056,461.66565505189254,8.643761929239108,1.6424849362455447
6956,142.0195954948772,9.687538242930778,1205.2609769356666,22.49330455372128,1.559053064407975
6957,370.92473402645516,23.55646256306456,3144.828487939373,58.12790122009479,3.918395480120153
6958,239.23471302379644,16.84351557931047,2035.7959258537849,37.41910130629591,3.3106563986778608
6959,59.060461737878526,3.771214845295196,498.0212450731521,8.474252197995542,1.4941333632427374
6960,106.59634858122597,6.388581997535259,897.6360564774313,17.051409681016043,1.6375172969783809
6961,104.21579431622641,8.8008174141963,891.3136944127941,15.302114426003385,1.9150827187730068
6962,206.90723484348806,15.03733234516921,1760.2253968235707,32.81260464047719,1.6275752973848916
6963,152.35093133060366,10.808057320389425,1300.5267064781897,22.849775538628275,2.1621444905517344
6964,172.66555552815908,11.15853628729585,1468.680886028549,26.042016137379218,1.8350428026951744
6965,123.7391891167445,8.842176233758625,1057.8487063734312,19.70472327397541,0.8603858228527019
6966,319.8725339386188,20.242629662440372,2708.335509618732,50.07559000509499,3.7949980784079718
6967,58.215025626471714,3.669535395050975,493.0023137710243,8.09477342024715,0.8062242013445546
6968,80.89887952020949,3.3483233549713507,682.4712885035462,13.628503504879523,0.19864200358612116
6969,227.56536267563868,16.636719066300078,1936.5331483713871,34.914502685017865,2.7169630698838207
6970,329.45584220307796,20.72144754435539,2784.91268104268,52.0305814554103,3.67652490456643
6971,72.34071817093593,6.527621758225051,621.0996313387841,10.584582883406629,1.4054918773822855
6972,104.48749329529167,6.152314892803153,879.0134427206948,16.108626804018098,1.8828790780375786
6973,276.28649510191053,16.574810101129405,2336.682286068986,43.43039311504276,2.761640870702241
6974,123.64476083816018,8.8832155102767,1051.620665933344,19.453757615702663,1.9462072619706055
6975,261.91401608658066,16.715613436702455,2220.5248571654583,40.725559224075425,2.4275224894341743
6976,164.5104217129341,12.014288186065285,1407.4464561241152,25.94591912034319,1.8355244091622929
6977,247.5003977998887,17.043557745443874,2099.951386784053,38.4448154389961,3.585121840033201
6978,84.40030341496725,7.989299089340681,725.284117546013,13.356241570224093,1.2397182592979208
6979,236.21118563790972,14.175285491766791,1995.96957906907,37.190934844045174,2.2978798904049587
6980,107.37904212034667,8.858438196414978,921.0112576849456,16.643789065086573,2.2398025404208375
6981,97.42829408163885,6.1598051653584225,822.7630088443028,14.9586262594956,1.2861526654965973
6982,161.12595945062498,11.584692523039525,1373.603187112242,25.048937938146082,2.1002772810461656
6983,386.21392292414714,24.1918571495794,3270.3092924015023,61.652935326530105,3.9900418496869885
6984,208.97829746498138,15.148237098993548,1780.1333577864957,32.27896346414597,2.45906645400347
6985,127.16694780802044,8.575226112851347,1082.0024425134,20.158646824945915,1.6625857525263306
6986,274.16096617628045,17.990856378725336,2327.398572110848,42.38717365143373,3.503423949748147
6987,23.044338235339936,1.7387865950613515,194.95352977730167,3.5075094264140123,0.2840188901703562
6988,246.39384425481015,16.050886488159673,2083.9202341791715,38.27127661175542,2.853368901686965
6989,333.2591778323456,21.563752998690404,2826.641795660984,52.06455156799471,2.9144155574096082
6990,156.2837731369698,11.95019143525621,1336.5098914837706,24.898437919075448,3.4214643580180897
6991,186.62140997259328,13.294631110742396,1588.6044522671912,29.667314196122785,2.4148725157498316
6992,209.7756177097575,14.099979581114628,1779.998765853433,33.620490844892316,2.3905989578953637
6993,310.1963641825083,21.73225992449837,2637.445262280119,48.57948325144892,3.2529706146523916
6994,339.439241094332,21.375396036071134,2876.5257450167264,53.88330983978939,3.440605584425769
6995,214.1293620022774,15.017478497619265,1817.250004967162,33.29140865975566,2.853010107597289
6996,241.19796497664342,15.593357872118094,2045.2264263783431,37.895125549371684,2.7604131455315217
6997,80.0230692861085,6.119918835115856,683.6230861030688,13.430578170740318,0.005631462795925302
6998,-40.765620147353125,-2.0099954773056883,-345.18173325262285,-7.966833882770279,0.20169000074186627
6999,264.2803723855327,17.34489762503289,2239.8134310159007,41.369157564390584,2.7807627111841104
7000,242.22675465295796,14.951117983717635,2046.6109235327133,37.824858785470134,2.914561362812679
7001,316.74196134233716,19.90722423290866,2683.3419188627204,49.588695909073515,3.541951417091841
7002,284.624305889873,19.64537045597049,2422.2740265220705,44.23253425092262,3.658413574425302
7003,79.3270360823446,3.5714983558750504,661.3286859859934,12.72876517491847,0.7524464588497781
7004,176.29894799450398,11.301198963369822,1489.8226641122985,28.347508900181854,1.4353616515949095
7005,99.18209133832283,6.823296565654809,840.96186978824,15.371875375266058,1.079129324206232
7006,282.69241769775203,17.79324326759211,2395.795540180375,44.14023142519088,3.4024588336446544
7007,161.39804770153967,10.613049244014777,1370.174270303642,26.985730036979643,1.5412049698451669
7008,325.1865296142347,20.897664982631063,2755.786432493032,51.510631415438546,3.2816135108557933
7009,224.40008129931317,13.144302580394564,1896.8268083558135,35.34548151585101,2.8101146200201454
7010,344.09772184587104,24.577823558923544,2925.6057628312997,53.73498633046306,3.569460580426367
7011,33.29664368556349,3.3947994702687865,285.4463231587332,5.4811231297664165,0.5569984302217765
7012,4.8805933552573775,2.464529981365713,55.63921805794554,0.9008811228365801,0.2932245513026124
7013,332.0485812933493,22.40126758736693,2822.507728247247,52.247208082953186,3.4219912084288264
7014,173.03824685213814,13.31866037646228,1482.4951798336783,26.40059510278182,2.291789998285885
7015,200.93843153303698,14.495239907920832,1713.3628586636507,31.051129709873493,3.0276230834668807
7016,292.8147241175855,18.807872863426415,2476.083920965481,46.147428550510206,3.374320863491582
7017,229.67567042005476,14.284300587509549,1945.7283229086677,35.20317909836981,3.5916731375921245
7018,138.2902676466847,10.127674573922873,1176.8497106370733,21.18618007511267,1.8343445087914199
7019,149.81317488764634,11.504802594370387,1280.6075012377398,21.76017762189878,2.5125887041850734
7020,161.3240786381442,10.973749766589998,1368.497928142593,24.456706096018372,2.084805426445012
7021,237.83789113927455,17.483606683412237,2025.4142851622812,37.20456151123382,3.166525720437253
7022,203.96095944074963,15.46496478876908,1738.520431593009,32.24249375988992,2.616923705019302
7023,239.2153090113184,13.495328742036023,2015.4035137163287,37.396019815441676,2.829449072828772
7024,101.62088017981773,6.710698638303023,868.4028845614084,15.94373284567733,0.9722076436882352
7025,226.55463393546881,13.176401390681148,1911.6385795282029,36.233752966767824,2.2176252013494686
7026,40.4127057128943,2.6631364574578664,342.6926051580261,6.4126272458119224,0.536700131824571
7027,38.751773112161324,0.3049388685171861,316.9077449422647,5.78275592808985,0.536790057831209
7028,138.96023922128649,10.629074346479616,1188.746292568982,21.671762574067813,1.212026994873141
7029,284.91698828118746,19.76466947389834,2426.5190961610106,44.73332908742369,3.817145932728534
7030,221.4353393501403,14.516269675285178,1876.758692775689,34.2444123152544,2.5935625176500867
7031,337.52159786128556,21.398540896120103,2862.4982731435643,53.36283304379845,3.6426619873029025
7032,363.6575418722483,24.387866960690474,3086.9934498059683,56.54824169258495,3.547864323993151
7033,116.65708845811596,8.263229174700204,995.8733853695354,18.43143718400833,1.2921722568896956
7034,164.87987886675006,12.102506982082621,1412.2003432870974,26.409507362008032,1.6732479829662168
7035,199.4032312748732,13.349464508087728,1695.8737397530135,31.524811439587534,2.304911907070171
7036,268.4554976849602,18.272881036358186,2281.4073580437016,42.0681412503753,3.0224496436244235
7037,22.296416969302296,0.2530872387441132,182.3237915145493,4.470918115574219,0.09883934757532709
7038,14.34808215828891,4.571946033195694,138.823699308179,1.8300014758681087,1.7667797444654978
7039,42.973990403292206,3.7717583970175457,373.3759035858959,6.960174998305249,0.7716345089057643
7040,22.600809522665546,1.8714658114935818,192.92402542412924,3.9506220891348693,0.31474546918843016
7041,359.42320714789287,22.506884966622323,3044.0230513772717,57.10308915126518,3.9419487613100883
7042,299.18085942067745,19.964043662370955,2538.61443589684,47.40015996165728,3.770486086844937
7043,162.4146747444209,11.08220482423603,1373.5004356320796,25.028564537668476,2.4580623107139425
7044,313.31026616704906,19.99924219972042,2657.8029093800615,49.19624264010941,3.2289409064604366
7045,200.89304508158858,12.835662827574591,1699.3596585197483,31.3697413689101,2.4561616800661463
7046,245.12664029724982,17.017168777181904,2079.1415725428396,37.922774991366175,2.4631515712358336
7047,44.94245547158905,4.853297036016,388.7349290589135,7.187432573557671,0.22574347051122778
7048,-10.84122088046399,0.6054460763135946,-83.58202507016696,-1.246607612558232,0.22568501193168844
7049,184.65101130134144,11.748893994896042,1571.8662956835767,29.173907731104144,2.20666409041359
7050,324.5306997758309,20.67317021720994,2750.4340669205662,50.45983570306727,3.8625906151101663
7051,251.36832292101323,16.827829074789,2136.574462660364,39.99154908228439,3.2348533984043883
7052,429.1616909381297,29.269935835822317,3642.1120848698074,67.6301086631619,3.813185118438101
7053,102.00987484909214,7.303202819724726,861.1031199772739,16.423119332400884,1.4396620043208879
7054,78.24465999817676,3.288462810754605,655.4528630437276,12.44255753109771,0.8042065748186817
7055,289.02942709411184,19.32079255484216,2451.1363530479575,45.35973016679429,3.693319760916283
7056,246.14044187539812,16.841201955624474,2095.141627625628,38.223183136248146,3.746431329172369
7057,-5.678176162257468,2.0982374942974986,-35.220726557514716,-1.5470249945997105,0.9780063571083746
7058,363.1876946240573,25.79325105686004,3091.1734257463368,56.74385105215854,3.756912340916356
7059,107.87009229797621,9.159239167771428,925.1199110821929,16.967655249856037,1.0644974901778022
7060,40.50752603800108,2.598099583032626,341.54492167924667,7.032509167571569,0.19265381649348035
7061,306.32934351628603,20.787395352426017,2596.331302766524,48.118934670391845,3.6211909889708354
7062,310.4217735096462,21.37981858208059,2637.207075103912,48.677203116657374,2.871815414170231
7063,351.5638696519308,24.471616137790026,2991.7156393316204,54.969182480747556,3.705318600600949
7064,266.0690148690543,18.40180457028814,2260.3826676831345,41.9703565080056,2.594792762783455
7065,178.7684977876093,11.723469673199808,1515.978588101096,27.793494251828,2.836164018506298
7066,137.63251660742333,9.20316585014244,1166.3377601721809,21.123048215587012,1.2384643074236243
7067,26.983611168439374,1.274280360355342,221.5980728400165,4.843140680418175,0.6231237165543795
7068,234.70305945657967,14.64567065957539,1987.2053172574672,37.643479615144635,2.044857867181656
7069,45.19597056325402,3.761075013445134,385.36105615337226,7.024901645791352,0.2311402825718476
7070,342.7345449549359,21.7521436866097,2905.1789569338034,54.01450718980317,3.828186427806434
7071,214.10400795857026,15.154312969750732,1823.4208722787423,32.758477272849184,3.11806391947019
7072,365.00076283557894,23.763422591721337,3097.9894302527455,57.043443602961716,3.584644371295358
7073,87.17173414153872,6.318234401572754,745.5414666478765,13.50676421636942,1.1137199795617865
7074,284.46986626720496,17.15305480001474,2406.0466277300384,44.444178969198774,3.8066769736827117
7075,256.8775338057982,17.52461344249657,2178.0867505050787,40.930877691106254,2.424892681515898
7076,274.46170085915156,18.946041579627142,2332.4822574627296,42.8374083615446,3.711227415664558
7077,21.92572298883103,1.048732616321658,184.24793421569763,3.640942047982284,0.9371552722414913
7078,-24.97400265119259,-2.6730381403658,-217.68344268672112,-4.576812366025675,0.6084221709449826
7079,257.90686109080536,18.71094544596842,2193.427554182815,40.50397159490752,2.7565913849956436
7080,266.7987664984055,18.026190033136345,2267.4404029630105,41.30803657546895,2.371771678351796
7081,330.04258332084106,23.505934709888102,2811.102334595626,51.9061846245129,3.879905193915761
7082,36.45830158709554,3.568135847189881,318.83235725611297,5.043665711939215,0.7197194645134095
7083,119.52489231644714,8.13016105048892,1015.4303339159302,18.176144778774553,1.5137911218138385
7084,217.8669974364311,13.056900195374755,1840.625151036106,34.65535342229992,1.5924693497107771
7085,229.83226650595594,14.930165337263668,1952.3602207985086,36.29899375995763,2.749676394238811
7086,118.57012348363348,7.310942754959536,1006.5153646541646,18.593695268600925,0.9459707006693128
7087,288.7406028717969,19.173496439511727,2447.5779244866967,44.89560365488185,3.5018636457603423
7088,333.1385566377423,20.584777831773156,2817.6806181791558,52.32101788679704,3.824916679230699
7089,270.2206717406257,18.73439631285188,2290.737746674189,42.11616595095264,3.543324085779632
7090,184.01081340342864,9.832534658792797,1543.1109889745974,29.47065874788801,1.951436484940293
7091,180.77036365118863,11.45573445900678,1534.7764863818843,27.58869737547603,1.7596939652073642
7092,68.22452593930674,3.9413132613807473,576.0747279942422,11.298969792122957,0.44476773042035056
7093,90.18729193177636,5.3847208484277385,758.4440962796581,14.021324674434657,0.5896387744540488
7094,154.90979883738314,12.523948927877555,1321.4297189863732,24.158121254073194,2.9066308160088488
7095,320.3206867940468,21.06196400237854,2718.0920265692785,50.70764931502129,3.815278363795041
7096,140.69789169848283,11.097411476122934,1203.7751062788775,21.85358505609146,1.758987780055742
7097,124.42378268243326,7.341921622877614,1048.650799402743,20.902354709153467,0.33078885535956326
7098,211.1888486787717,14.877737486359559,1798.421114442767,32.58401068031582,3.1530683519456293
7099,117.63675250191302,6.676994053188045,990.739580858682,18.613164583119428,1.2513534543356863
7100,87.93844241681536,6.87854572626506,756.0200332605745,13.81214323913926,0.8650419458385201
7101,166.44495070986628,10.421150144722695,1409.4756670436097,25.818797057094574,2.0750682514171395
7102,132.79606697771004,9.661661925966913,1127.2037060418593,20.077228159973195,1.446348118061231
7103,232.17834650086147,13.854234723864566,1968.4940272731913,36.75536878854862,2.7424743378892673
7104,262.46173044429327,15.377938301922292,2221.0624900856556,40.33558517330793,3.459425592320836
7105,104.91465714529959,6.6347767389820875,896.0725466575333,16.188698856105383,2.4751142853715744
7106,375.84624812907344,25.08640698255872,3189.415564054744,58.731455922480954,3.4504409353270664
7107,116.80466115604686,8.566990587897987,1003.7050090864495,19.190904004970907,0.9382671989918641
7108,14.201458805769944,2.6491365544466055,130.13755798634423,2.258500306277884,0.2089020721327075
7109,279.37338239038854,20.568351337831416,2382.6670042641376,43.574391788098765,3.0950394362180256
7110,214.2764009482929,14.05456333926097,1820.59951850033,33.42280310582725,2.6623953155855964
7111,45.55697397569459,4.510923694598127,397.87431693152786,6.929824520659356,0.02738709600920952
7112,78.38125955908711,5.0444916313794295,665.6270923785581,12.210885842161362,0.4257131119102868
7113,282.99080285122824,19.702659214643756,2411.177782790208,43.55478300697093,3.6844760416905955
7114,148.97021028948708,7.691528739455581,1254.574439147131,23.099640741944345,0.8602024091089224
7115,195.78282246733488,12.875025103405768,1665.9812146472354,31.179938970751124,1.4955079721243951
7116,189.8921374477612,13.29446741929426,1615.487255570642,29.55493745901221,2.705537481932708
7117,237.98923991899574,16.457737865715288,2026.336528678698,37.997513079537555,2.0944537107943346
7118,-33.57095912412463,-2.43418677077525,-286.98082613773283,-5.961196638527328,0.45846695596739995
7119,4.723737015630054,0.5756728461659348,39.968863292280574,0.5498306088023397,0.08796616264486756
7120,168.74403457960545,11.94279019862047,1434.8571765608406,25.567425320485704,2.3200558821112285
7121,25.3729482322138,1.4409722984180442,215.1658560891617,3.8853514933279802,0.03188837755443075
7122,137.12991433982975,10.74006147991369,1175.9971725689265,20.85420571198219,2.0245521382741143
7123,-1.9012839153357421,-1.0234719563656383,-20.734650651443296,-0.40977777447111685,0.2159109833226056
7124,109.5069572664527,7.789813601375626,927.9966642343602,16.99850231774158,1.6969836601167403
7125,261.718543578092,18.710544406770435,2227.4664978453225,41.89720780070997,3.404841653229418
7126,209.7582872804538,14.03852864481399,1785.5952047827257,32.821654574386564,1.652624220875044
7127,65.43837025351203,3.8026742825174566,551.5306237983785,10.438453972350155,0.10887105359023108
7128,216.40468357168263,13.904477090339697,1837.1944310967745,34.3471065431744,1.3820822805023107
7129,136.00835537734133,8.752524300463037,1152.9116314223054,20.590365372588973,1.902281635120386
7130,189.51825432225135,10.577065377024852,1595.4076831215057,30.256483767343592,1.0980817652184078
7131,30.703539073423702,3.103281729460595,265.1295600546139,4.159589213670245,0.8310741247478468
7132,135.52975596082294,9.241400663548006,1153.403452237393,20.861565355834404,1.25663651358354
7133,211.80437083877834,15.79225904432424,1806.8712365657348,33.8155232121147,1.6901313494899033
7134,199.40325645149585,14.084704490432888,1697.547670680567,30.889851890131194,2.961505431344709
7135,-5.4626187018198475,-0.510773108369543,-45.664799784157125,-0.8517236147424618,0.35017158549723515
7136,174.194052061869,9.263269210211119,1466.5855833403623,27.566789194488187,1.3592256449848623
7137,108.24796219962543,8.42434087711278,927.7919310650283,16.575205599261942,1.4898681025774105
7138,188.8370097747122,14.385959380215674,1609.4694675240992,29.047997579951478,3.3110591011462653
7139,216.3794583190936,14.018926854566272,1832.1379902023077,34.78301382204238,2.715250667538058
7140,226.73307200621616,15.90388185353191,1925.7094146750628,35.15971105969315,2.746291149070029
7141,199.55262499026537,14.05763574799781,1696.836955620378,30.60088727218272,2.9639917793648176
7142,112.49543708576893,6.550362524582058,952.1101070148559,17.396490231210024,2.345303005378971
7143,234.90238347242067,13.82403794854177,1984.3165686042878,35.91847586941492,3.0404522317977714
7144,126.17134568221661,8.105972777505805,1074.8956876105215,20.428564029832863,0.5735511528754462
7145,293.34800256273866,20.509006065930446,2496.500151316374,45.86085882498213,3.226180532174528
7146,117.17311568948935,9.256418049167063,1003.0121854274635,18.142957189480867,0.9512937933638832
7147,91.72402632332205,5.504650184790735,769.6560241959515,14.58501137140542,0.4935106188727394
7148,163.50097000700754,11.903703967057059,1391.1716354789787,24.39266007529323,2.614313853475836
7149,253.2412349521906,17.52342065192665,2157.8190556358263,40.58281285711182,2.6524811231608267
7150,306.9906567304677,20.459783980784312,2601.874365555734,47.09038009640283,3.7075770661644274
7151,245.16158667409786,16.127896721026403,2076.098230304506,38.157952728762005,3.749135636004592
7152,120.00052776520373,8.899107270038321,1021.4417021955925,19.079400698765813,1.1291535773316528
7153,-3.4949719344329915,-1.923215753405704,-37.473089496237534,-1.3490370736867368,0.7952120554589484
7154,96.4898615589455,7.626136445953774,829.0015405963755,14.63854712137655,2.107624307681013
7155,144.38879691789248,10.335022080893953,1228.649523494318,22.951620334966943,2.025792468092599
7156,28.503130024724147,-0.47332132865804133,234.3905859397299,5.1872836961080555,0.28091974862712643
7157,120.8569133971583,7.471452720869307,1025.2074366418376,18.767485335750663,1.8578946066440296
7158,262.32892503410363,15.853821276845792,2222.582581434255,40.878132877045935,2.2639703316823767
7159,374.7326336237887,25.29277093651448,3182.44625016054,58.53274653331738,3.9016383411466644
7160,-62.36174905707928,-1.2053074430225414,-518.295584448512,-10.294394932201113,0.2566035252164309
7161,260.10853406352516,17.78717836473752,2214.026159741201,39.849663331441306,3.7159618315361445
7162,-21.5005082069864,0.6111542671822896,-170.7255656035086,-3.8263229619515897,0.3089158318785947
7163,38.559619129740284,3.01094546364564,328.53763844608017,6.567580085005739,0.029376736820000637
7164,191.74409606990488,13.189545225074268,1633.6618627349094,30.082305756214904,2.565060877617834
7165,267.6458667797345,17.054644976543223,2266.8833130587304,42.053932238237124,3.7565910636023254
7166,112.55806552000301,7.252200150069849,958.0714738789007,17.165717584825696,1.0834138426545459
7167,212.1883593594992,15.004604166461798,1806.6007303783683,33.57321321841158,2.515657540476154
7168,262.0872036486673,18.197472616036286,2232.631181509608,40.78379531902449,3.819187752570274
7169,108.44622415839667,6.581938584028064,918.1364270627168,18.320186081275033,1.0815076228801752
7170,210.73187064035855,15.807688172150652,1795.8867431654392,32.60343710703395,2.765627920313012
7171,40.94920403841837,2.7807342295887243,346.6395320962912,6.856640855522267,0.7852613801743855
7172,125.87236651032347,8.00382559169407,1067.6219321291378,20.662133277565673,1.6013386067167903
7173,197.281577273896,11.609902205764696,1671.65247991522,31.75132510654401,1.4915378328166344
7174,149.69700578148786,10.907841347297577,1270.8150884784866,22.66790381709979,2.137592069416105
7175,292.39599223389234,19.798833390363278,2484.5483213823572,45.665220290855466,3.0712773025981264
7176,145.59180290632364,8.702570283466331,1232.117591589653,23.442543330926,1.379635400364685
7177,321.0796483922351,21.870375836244605,2728.6749508712114,50.137466021869635,3.6564276675604
7178,-52.769077824372566,-2.420011865674004,-444.999860281368,-8.06090393602158,0.1531297153181308
7179,154.24402940660775,9.592711832515377,1311.2827368012754,23.95546142969565,2.0847129237300517
7180,191.21983647053943,12.045498086029998,1622.8631159987722,29.42353779922911,2.4599085974968085
7181,133.76427194151793,8.03385581584607,1126.0471533051314,21.53188408879666,0.23050852434558067
7182,290.9985028309493,18.221741522410042,2466.2108057265255,45.69607842943259,3.6010483619258093
7183,13.053061588074002,-0.5295921642047352,105.4741810971814,2.4933173945697633,0.1296597800020063
7184,195.43454146239887,14.422952686965433,1667.2307052699778,30.214372171641408,2.608129846047428
7185,311.5470471413513,19.07656242377631,2630.5221685067445,48.78053027575401,3.684802999716419
7186,224.83781260182337,14.83614831643387,1908.2920403151013,33.81793676305542,3.544791642484043
7187,301.4559030753732,19.549894862242585,2556.6810269044186,46.867557236671985,3.2383212840118905
7188,149.81893032368657,9.931557630320338,1266.1911461336547,23.88735829094738,2.453458691543929
7189,-3.3759036671774947,-0.2968198532354742,-23.71921111883499,-0.7278691332660732,0.299504412070827
7190,89.94291544394865,6.298078847374391,762.7529385759667,14.21954436456414,0.38771160326809717
7191,72.03766331914127,3.451221336934384,601.7259659523172,11.466069418141496,0.9021606518670882
7192,52.35094221768418,2.6292337016251177,440.15612398418574,7.891244082779808,0.76460545459841
7193,-83.80200118313945,-5.07810647875448,-713.7956512093118,-13.85665634125702,0.5702859408094083
7194,269.3350371288843,18.85198382052471,2290.237725385951,41.787088934442,3.23734014833462
7195,47.93460292285532,1.4810948578643421,400.47209144614516,7.801665646102212,0.5857206909222357
7196,51.64743885850995,2.541820919775533,433.1023485689049,8.315503037666065,0.3304393532235581
7197,149.4006490123916,10.402592981941947,1266.7019535953411,23.756303877399993,1.2814564118904683
7198,194.8394258374576,10.679628416174273,1641.3271754569566,30.275858559403197,2.217411846875404
7199,227.4228369875373,15.806633007398345,1934.3295965010077,35.020431638560126,3.0192917380268245
7200,118.3428990041456,8.178876323277429,1009.0262161323917,18.86719787921347,0.9677786824469679
7201,360.71623128366895,23.670544922584373,3063.9037054095834,56.3092168528822,3.299498856980957
7202,242.1762547613904,15.000058378500466,2049.9181203083695,37.65321953020431,2.339495456006334
7203,175.89510127768907,13.798220874075271,1505.9196263614797,28.206406220519614,1.7550273034797281
7204,69.71220046985398,6.156691433095348,597.9142354452687,11.206855784033282,0.4335781207587366
7205,375.95961132115127,24.09186382198075,3183.5479945625375,59.651552969221754,3.5763537881264678
7206,184.24113316216335,13.000391617335218,1565.7465014380227,29.170836850899164,1.5275363564430622
7207,129.58228341186813,8.07681739366731,1102.6949063574564,19.95907999123164,1.6544648609476211
7208,151.9921143362707,9.708036548606364,1283.1395634777475,24.198955247966406,0.8157968617148041
7209,38.558182764734106,1.576938576714971,318.8175570750551,5.878161783126673,1.8033785475635389
7210,274.6155770633571,18.657786354747707,2326.7244809675467,43.56507945384166,2.84754486725213
7211,95.56925480957851,4.1072069514625005,791.7066832374755,15.542293391471281,0.6917450698845751
7212,131.21292921850082,9.421973426705042,1116.0511775702785,20.662638784095364,2.1980807740253807
7213,310.5750738363766,20.46466836026954,2631.7424213190484,48.739772265817656,3.854647991619099
7214,224.15720013513283,16.035101776673173,1905.3795690068966,36.077101166782334,2.497787939723793
7215,39.20981923044182,1.5373003239990215,329.01531996688726,4.971090882031543,0.7622115446965703
7216,305.31006739985594,21.698193998991094,2594.115648904921,47.935771764013374,3.683278719197713
7217,31.275537515198188,3.31269961926868,272.9722619622476,4.019753642840684,0.48429354699196825
7218,33.32753634657876,3.0432079656985644,286.4015165843103,5.593664157044487,0.1951801535386113
7219,268.491153938164,16.287856096817364,2266.079803517875,41.51811607103261,3.156578733115054
7220,228.29561104603025,16.98293795130889,1948.5731022472617,34.414324515061466,3.5153290560931523
7221,189.50285792022805,13.79519211556708,1618.0759444358837,29.462649682900437,2.639436017181583
7222,-14.53116027548778,-1.3325063580642214,-121.61158712793383,-1.6253479637237473,0.039437583955504785
7223,-7.3449817410114004,0.4604744951130437,-59.79713249230198,-1.7494106642209373,0.3533743756672756
7224,273.06921260467067,18.110989616733114,2318.2661451233203,43.368055452336044,1.8481056707700074
7225,263.5325962544015,17.57447786207668,2234.8032966784835,41.37590292460223,3.249782021220981
7226,293.99926914403414,20.168889664343016,2500.39283864197,45.563300615239676,3.1812521255312425
7227,73.5710645199197,4.859304413739505,619.8145314480989,12.506070541785437,0.5948070523854909
7228,221.14968976052714,13.6155112292674,1868.4168953321275,34.70744933170203,2.1306097708561125
7229,112.13069436970436,6.219788001976585,947.3160335582041,17.125069205134395,2.1477839077495116
7230,268.8972960907017,17.250449633377325,2276.1119611983427,42.404279137037825,2.914518916770275
7231,36.17249361772586,3.015587808911274,309.0424063273023,5.841195913897812,0.6570963063566806
7232,372.2387907287024,23.96994003655299,3156.654679443914,59.31707374483364,3.222464191075707
7233,173.48987279020665,11.265236049183663,1476.4751911471476,27.05055690133601,2.2671671646433484
7234,386.6706405889158,25.000300524542354,3280.7003598935885,61.52681134640729,3.826472434764736
7235,3.806233794725748,-0.22043473114994727,30.007526192284452,0.7646879849127138,0.2809744365154643
7236,144.23831201238798,7.593386774643999,1211.0832618093416,23.270728339442407,1.8552997421654829
7237,218.727001232704,14.577219275582397,1853.3428709622112,33.01593659352199,3.6431325976792635
7238,57.950899060227314,3.5743357505353917,486.5179937582556,8.762538355796282,0.376847195392485
7239,84.89913690011372,6.56716855072802,726.3618291094831,13.258307675628059,1.0173561221309537
7240,7.690207091971014,0.9736423199945907,70.79806235591317,1.6994589960629027,0.4347712575225535
7241,135.79336909525068,8.446320536605402,1149.937863703352,20.2804178214351,1.4399194526756602
7242,347.7917208787225,21.34226472602757,2943.760947377807,55.17670077801378,2.6872280733814993
7243,89.26229901973412,6.7892201343607095,762.3256845894691,14.26609053789872,0.31120023171304023
7244,243.90362223895542,16.790396157667796,2074.1125039216613,38.34005540431762,2.5393877045876883
7245,78.96151514447835,5.00813372276872,664.5877846900715,12.954209731201964,0.8074092476344932
7246,310.424045088439,22.16303604746171,2641.5867211133586,48.03111022640904,3.4960782193435542
7247,162.80617173982822,10.222750202500198,1379.964328214358,25.14427484223061,2.5491554533402128
7248,165.0348974435448,12.546978238884863,1409.7179867646216,26.727505723512557,2.2516983980423175
7249,230.14211079391296,16.10241138319423,1956.6449010202218,36.73866042722952,2.566151290835143
7250,151.2915378162419,11.449798167167286,1290.2118746101555,22.877536520393953,2.596422276712707
7251,146.67930933808168,11.513629285420015,1249.9707324635326,23.120498960469764,0.9643794881323049
7252,208.21960371254275,15.43930313949973,1770.947556968047,32.464611886141405,3.2164151988526832
7253,124.0573310568849,9.823177045003836,1060.6218086160402,19.50002919113027,1.633872828696377
7254,301.8512899749863,20.31465541753125,2565.443419922595,47.33261735405543,3.43951246764581
7255,-7.341556097460479,-1.2688274630177658,-64.47852663187132,-1.57519765960327,0.1995551000154423
7256,247.27385965152334,16.093995866394906,2093.1415247319333,38.15673051091718,2.636511233792937
7257,281.81395119039473,18.982356325715187,2391.3982857059627,43.83094275515688,2.7363722195226616
7258,13.87940287880023,1.4088844836081438,121.61472951814844,2.8748694258973266,0.3065435607166349
7259,272.04907132656564,18.052204206403992,2309.569967080934,43.14696565200399,3.835733636702391
7260,71.64461914436023,6.072581819370289,614.9871799558413,11.261402304194434,0.317359436348299
7261,127.88143567832796,10.228860507380169,1092.5924565355274,19.497391293978183,1.969748564551148
7262,193.37850982530225,13.639652665585036,1647.414169938934,30.810671184357016,2.3397235108303405
7263,118.58706139425438,7.944625969709094,1009.3616653079982,18.64746512307509,1.5398791397223919
7264,278.06924430743766,16.74597792940342,2351.4677010812698,42.820283462098296,3.1615983951919406
7265,245.6594205195074,15.776844502410098,2082.4335787150626,39.74497606022747,2.1265309003125843
7266,266.04770692558526,16.905342539107565,2252.3730299858107,42.34452697884044,2.5161166769647068
7267,-7.201381916112447,-0.9155194520325156,-60.26525939551812,-0.9643522565333638,0.5931103723885522
7268,170.9632984837813,13.586513845667335,1463.0174409507988,26.82800978174508,2.383844914075179
7269,262.29196191464825,16.604242261851862,2221.2800061692774,41.640167748960025,3.6112949244997714
7270,223.03493207309447,14.622998525664377,1890.2448090679738,35.91230502392891,2.303926190631778
7271,192.35713168937832,12.69213369491567,1631.4215038324853,29.405891564311265,3.3859680414929967
7272,211.81391182793683,13.44848849652229,1789.7246268315953,34.06541759862204,2.260110668010087
7273,284.8675460911078,17.716226940217297,2411.3772651296485,45.446639790447094,2.720205035532468
7274,76.60031737130731,5.513218339258351,645.6365284484227,11.968177153330856,0.8954725574868774
7275,211.24822641283708,14.351137885440542,1790.1431582407108,32.918610820252574,2.629663894375439
7276,351.66223937803767,23.13350208496894,2977.9451163656586,54.45988342289913,3.953933072368721
7277,76.16319712329991,6.161305402374332,653.0786271948162,11.469795775168215,0.6801390849596407
7278,276.20034651765513,18.565167379507063,2347.2993433711117,42.14398518018519,3.1208767096409264
7279,261.98899439841927,19.680164286332563,2234.986158433971,40.01167558062495,3.4790889168942267
7280,185.20082101777606,12.592886864060498,1574.3460642432433,29.484390465709435,2.0354872393681367
7281,140.4460318374696,8.729869280216967,1187.8184790187076,21.528706450012457,1.4191073382935322
7282,9.04544912668667,-1.650829403098057,61.17812919480394,1.0370267784779026,0.4773660809126512
7283,262.9125502219786,18.668530633248793,2233.5523623764934,41.22325405397156,2.787582712693656
7284,105.5849854875931,8.874468687478414,908.9753411342828,15.930223981182827,1.486354290681179
7285,212.7644449008949,14.265638537601523,1813.4611779325392,33.045439992141496,3.123199740912987
7286,30.810743273382847,3.326431666435723,269.31428214942207,5.197170418806479,0.7936543827238651
7287,251.0785114097625,18.43167126896805,2140.411893570093,39.61521819401866,2.6939680478990153
7288,71.25061278378992,5.351293644522056,607.9414940873138,10.905537249932522,1.1201920753509413
7289,212.7294847792972,14.404953822754626,1802.4451689352993,33.14447796241235,2.568550951012252
7290,91.72560030181015,6.757189858467417,784.1837525129577,15.427965518075569,0.8903476434729352
7291,28.85299611470559,2.28065395302089,251.10101585609848,3.657203382306319,0.2736695161287548
7292,12.595716307999606,0.2227449941869557,101.48258243579349,1.8063254540146445,0.394058975086681
7293,279.940418825806,19.165049925040478,2383.2007344465533,43.646387979303405,2.9649308468332225
7294,135.92493254688077,8.975127711661635,1152.9452217494338,21.131783203771764,1.9860566719906325
7295,-14.427963749386551,-1.1868381684822538,-117.85018502080244,-2.26043647627659,0.44486286524460894
7296,243.13095878950804,17.61472368624473,2069.248148575323,38.13927626305444,3.0844488122655473
7297,258.3350549029163,15.96720540465177,2185.4397169304625,41.189774492255815,3.0373137367127727
7298,74.17777470784534,4.252412660728723,624.7447299851309,11.894440753346885,0.42594519016572363
7299,204.21334745572238,14.526738101460435,1742.0936285280445,32.2594101872065,2.2743875406388034
7300,126.14851311599294,10.260040507224554,1085.0297456739017,19.72252228182252,1.170836716306761
7301,-28.729190269833758,-0.5238247624254093,-239.2722444276975,-5.281759385393131,0.05496654353348296
7302,32.02816394335764,0.33557677471980957,268.3429521397449,4.971468856532438,0.08074682285732893
7303,199.25481255608716,12.294258274529868,1686.6064511772227,32.77436746562637,2.2061005135749294
7304,235.1733955095284,16.236910655251027,1996.8404570205937,36.76641498978546,3.0697995839828724
7305,120.07643075606425,8.347214067671153,1020.727784904992,18.597902337796715,1.5758447998581597
7306,227.58918623394595,16.407658382087252,1936.8711184802278,35.663030066425065,2.170138880235035
7307,123.63588172705708,6.23606471429588,1042.9109601959478,19.882332145626464,0.5109180315822908
7308,70.38992191676563,3.5598989458758883,596.1009899391768,11.232442820684366,0.671855318427637
7309,42.9826916656508,5.20820844118844,370.62271194524084,5.927813727751227,1.6208848326701215
7310,34.90849099600463,4.311627775838498,307.21930246540074,5.21901691418907,1.4610681430434287
7311,118.35417101631445,9.192293354280578,1012.0693511186483,18.2874713708178,2.583995653462256
7312,83.12067727759411,4.360031750961685,700.663834823522,13.948551981138014,0.5334694713161934
7313,276.4823991357349,19.381099496743595,2352.4924385757763,42.98955971906146,3.8853203772948666
7314,-58.01337217217085,-1.7275492429877053,-481.96087790944256,-9.691689601757757,0.8021845323834444
7315,249.92396954910114,18.616468693396513,2128.986596382048,37.826287466957886,3.436637276238488
7316,30.310466944281686,0.8561564646507862,248.35350152919733,4.511357836227967,0.11751765958700444
7317,296.6197323923474,18.49317652020627,2509.237239164368,47.286915045148305,3.7471462139609018
7318,176.20265040798108,14.25552796100283,1508.387901553958,27.03597922920784,2.518604107476832
7319,369.3383771424813,25.444966011845793,3135.952964477075,59.41528775226708,3.401787567617227
7320,255.0942532268365,16.578471168654076,2163.246655410116,39.671001338276774,3.03688830712534
7321,178.10851054363462,10.370821969094813,1507.2006669618588,28.50308750812193,1.7381806029541846
7322,65.06073776666314,5.339961706322226,556.1454835902122,10.12971095376207,0.7969865057710845
7323,296.44586853727856,19.79016187708108,2517.376043857468,47.2357379057486,3.837806793808275
7324,210.7185430273854,15.281288736582844,1790.756567758306,33.33594233738157,2.514409822159107
7325,0.5849980296597181,-0.5623918052766521,0.466139856130102,-0.06125291255074217,0.339178087457058
7326,376.95759716140856,26.186528906072272,3198.921603226753,59.12393787514058,3.593658321831013
7327,268.43638053733287,18.562287006436087,2281.52449912219,42.49956354447304,3.2910945883451297
7328,219.22137501729435,15.160717282233396,1865.011050069249,34.5147423017239,1.5203750887939718
7329,68.17630972400845,1.9094225218145828,559.8383679717206,10.139224967623914,0.5548195201938637
7330,258.1198279804251,16.960608639554927,2187.7341240859932,41.1742136963734,3.0672351913387255
7331,145.15043677112203,10.553614026040957,1238.3315698076176,22.128660423476724,1.1017260899997017
7332,64.10708744646578,4.695959825626375,549.2064542884476,10.448292873392159,1.5946974768572044
7333,88.84132727613684,6.2622312935646995,756.7668751831787,13.89072027133664,1.556764824082605
7334,117.9028337005617,9.32502012840439,1002.7154923558445,18.091002626273912,1.747542729192665
7335,84.60623651497599,6.072778852457408,713.6954215892262,13.167848309372381,1.5403399941309752
7336,92.3396973350245,6.572874517050633,783.0907740596983,13.591229315328372,1.6748521009367896
7337,260.8958528108815,17.54578594204164,2214.9652912065567,41.415508805947475,3.1893140592935
7338,247.2775338369589,15.781887477482057,2097.226267064948,37.99942975911159,2.911506224095352
7339,-1.6509267619509513,1.0218473721699954,-4.290848755445303,-0.9237900066932507,0.2398138229735074
7340,68.36316285764553,6.773928899882982,589.0900160796025,10.407625053914161,1.9590209520692121
7341,93.5313155862696,4.844826262534268,788.2193465957109,15.0775574082671,0.5316869389968817
7342,244.32236738385836,17.523162187622475,2083.4413462760863,38.42907289461621,2.5674579253634797
7343,128.59668802279063,8.89357410061924,1092.2148711893312,19.078808887467556,1.845315183696528
7344,268.5223629375195,18.962969711507007,2287.565447074412,42.204293374387845,3.8400212266451303
7345,182.79077745330562,13.063418732693602,1559.593815239927,27.841371427980768,2.285633908692074
7346,210.7396641719358,13.261387588965633,1784.9290311578359,33.727949960400686,3.548095341922328
7347,255.35594234149707,16.614835673264444,2166.6306484172896,40.09880199519521,2.7818795063161637
7348,92.10982284637822,5.369779707591048,777.2270290703942,14.31333027309159,1.786313023386128
7349,136.01612654005157,7.24861267061895,1143.8651116242786,21.471341413854503,0.7117721827539647
7350,75.5684593652974,5.335969230382669,645.0890075984576,11.630003115963847,0.789969466910176
7351,250.9019714124141,17.757202299297134,2138.7969773026416,38.89823595427496,3.5143481762399755
7352,122.12720258793132,9.529936538546083,1043.6369153154155,19.994209902412575,1.2563307415744722
7353,145.71184384200973,9.712598495128361,1236.7128499370697,23.247794779555957,1.9650472811451505
7354,257.4640213831056,17.0896786746426,2180.903740904792,40.45384454466282,3.283999982063194
7355,274.71762528722445,18.3322913756804,2331.1890473519275,42.03262753105544,3.912253419528857
7356,166.9263482904299,12.996580410332806,1426.7351835587203,26.12819411165416,2.50606437908426
7357,145.1625252733579,8.988749310482788,1223.584824917237,21.73967073186921,1.8155705532744029
7358,153.60466047664045,10.603757724254132,1302.3443721563278,24.08886560771908,1.832826480402944
7359,45.88440689270233,2.0196242554822277,384.92686523216105,6.349939227764501,0.9713551311795552
7360,-30.521474028689912,-2.396161914823149,-259.65523226941895,-4.836908210265568,0.20945815394089928
7361,387.88551155571116,24.83384663998577,3289.651281083209,61.75241836929383,3.8212867007871405
7362,114.20730177565815,6.089658561202413,962.1523088054256,18.29161668392264,1.0794997227543126
7363,277.35683300423284,17.697776469781537,2353.8866048141535,43.67216842209335,2.8084879385488652
7364,-11.241883146711746,0.7272477523951442,-83.59573559188841,-1.8602104695690684,0.34436547548809227
7365,29.784639872034244,2.231476673334669,253.63162668431255,4.6984640500601245,0.34645105205240867
7366,349.57980352687383,22.057650380301325,2957.4713925778747,55.234857086919185,3.3704272675472056
7367,250.0729915350316,15.36453029195456,2115.934567678347,39.6908854288878,2.6402560685111083
7368,255.19686739638166,16.90934432083573,2162.52485782543,40.935361242093094,2.776651939109676
7369,314.66253170380475,21.021433475035202,2670.133250047824,49.850200996988164,3.096137171300566
7370,234.7563354870171,16.671445927761702,1992.8011468412046,37.546434208431286,2.837031270703116
7371,137.90868730223636,9.334719346926914,1172.6609215311123,22.45415835240025,0.6457495564972815
7372,94.41913167988832,5.410065373720908,800.331439869022,14.990592791367966,1.7416218254944837
7373,120.20212609342649,8.431939149544927,1024.0235178714615,19.287193748395588,1.0250259678983547
7374,277.4154104175142,17.121531789043715,2349.2262846220647,42.85453061221397,2.781052905895666
7375,134.55687743493579,8.692363223002419,1137.9641643353186,21.931724323422667,1.4226282704497488
7376,278.11034663602635,18.90969123023468,2363.934141834607,43.06817897456859,3.9802699515644853
7377,206.4782338046606,13.997467450024965,1753.875376153118,32.829371267886025,1.3099986732745368
7378,207.5548770225868,13.68105082055757,1757.2422465928785,32.88784245788379,2.8057312346767844
7379,295.93779068743845,20.017834853075204,2510.6721843650353,45.539275302439684,3.4831812826800093
7380,209.2256002245912,13.237975593057511,1770.839678968526,32.62489868620563,2.4171648969361845
7381,119.00907327923167,10.058099993989122,1023.6165163229507,17.49881558541121,2.5335613177373126
7382,103.72011772889952,6.061989642446486,874.0261789568036,17.659783322650625,1.224269705838414
7383,226.78986291225348,13.527364352971176,1912.2009419802139,35.82014043761438,2.2792455337733406
7384,285.87857048091075,21.383964701322032,2436.816873878631,45.36170646495586,3.864426765202288
7385,156.21965329927443,10.578955091563744,1327.0750699734617,24.499340215648026,2.0217553689081575
7386,207.9379209146709,14.693117519219129,1767.7659613873764,32.64406934135862,1.9302681920504203
7387,79.20202753918282,4.570344766557063,667.8104351482355,11.787323075845867,0.9192578538817755
7388,277.76049564688736,17.993127930580926,2358.0143183933246,43.60666073359764,2.977301354470266
7389,284.8675488617367,19.0515627005435,2420.880566050477,44.77090418184489,2.2372952666382893
7390,305.87620115829776,20.698580717795117,2593.018162211469,48.05708196508034,3.783850700544131
7391,143.7590507339546,9.574131973821093,1223.067261760621,23.066566182564323,2.089182734574876
7392,87.54652692415095,5.50376457284934,735.3043161363486,13.776073624187376,1.06637799512094
7393,300.89591598984845,19.03233448435474,2544.356780676934,46.84262102765962,3.7808893912646973
7394,72.86581837650954,3.6898741157449826,612.4261139730036,11.122095623830543,0.3378293992803125
7395,159.76200047682758,9.791004425728284,1351.2547245534895,25.28331136162165,2.433753594064948
7396,262.1648697229163,16.57171717868428,2221.329772430027,41.33242698292733,2.7343660035380863
7397,162.72898303508285,11.58744958787919,1386.6188368656249,24.861383690359002,2.3458724501772594
7398,97.58145848701577,6.331148901537707,826.8993617909346,15.947007920834576,0.28777677369814025
7399,67.74609007118515,5.803576630676286,581.0789396310928,10.478934572355342,0.4878605381980834
7400,-20.61760820190303,-1.2508461218915339,-171.29166532091324,-3.1645150975163334,0.13025191566758165
7401,201.43353000605862,12.188052659004194,1704.2941100782039,31.126951816069177,2.6033468811893563
7402,43.33536810058512,1.9103265662502458,361.78538909373316,7.366872817902945,0.8475514456267748
7403,221.25565007833208,13.383886342177293,1875.7968636880282,33.21446563652282,2.8024299107051194
7404,170.61800783347655,12.096650783657688,1450.8601860881436,26.954731940457005,2.386548181348127
7405,55.77230225879085,3.7745486195962275,467.98119543532005,8.034890632139932,0.5157529490943431
7406,233.65856219799414,15.964410553623672,1983.9477244670877,36.900299372071494,3.7026379327742043
7407,254.0147023620612,18.30465726922177,2158.689073400869,38.93621584779295,3.809457889827804
7408,307.31775429889666,21.770591807483886,2615.103089266457,47.981379039327905,3.4645360284508806
7409,-69.92751178954478,-3.838005445923719,-587.4917079588087,-12.674374663685725,0.6643075791652797
7410,282.62349759488154,18.34250614165368,2393.2944272126892,43.85650545389815,3.6084302669699824
7411,175.04707441750972,13.662243192708269,1491.6911255766804,27.12483976562183,1.8827101026264912
7412,141.21520162975742,10.751949875432842,1205.0011149784764,21.664974001960108,1.4470181189037064
7413,92.67607596827408,5.79762761275502,776.5834260037292,15.131569895263064,0.814106491477852
7414,158.29100316927259,11.51310866735102,1349.9268792542628,24.012582024823327,3.1188477593649964
7415,188.86330613331756,12.397792852193824,1606.812751758668,30.80648286787947,1.5388433559241963
7416,-54.8775226001293,-3.6460969497677445,-466.3199370968498,-8.850600478521876,0.37968865898661
7417,424.18482591611604,25.54819266594039,3586.9315579759227,66.93414884890612,3.9451730455635046
7418,226.50868323667555,14.967486218680616,1926.6606434105274,35.09478634508361,3.196905243914481
7419,115.16224795167241,7.751535272376831,980.1654324681876,17.609089855697277,0.6749146911440334
7420,82.15124807312694,3.616822033817537,686.8718902042634,12.466278885113303,1.0689781979980642
7421,308.44760942695734,20.32502469580615,2616.6080405082043,49.113052360448236,3.026883726628246
7422,252.34381440429834,16.15674502368379,2136.9821507448223,39.39475035221411,2.5856876987153226
7423,291.1455866897592,19.421064485186452,2467.8811089578717,44.45773603970944,3.854572204061506
7424,106.87210611065096,8.004544063580415,912.0264719005534,16.148759280877965,0.8098223765064456
7425,191.56374764543958,13.048576114064492,1625.7729059754176,29.22515258538009,2.55114648641202
7426,96.2473274410202,8.835910619043746,829.0887085207034,15.000544543674552,1.477782631386718
7427,252.90369162997473,15.992054109204657,2144.616175431881,40.06767803278131,2.207336391128783
7428,222.76708484591072,15.985265300024553,1903.109051289028,34.70298494741808,2.437824825532597
7429,248.72594582363664,13.407572788152354,2093.9873666869935,38.97537035427046,2.5554062363220185
7430,127.33096268606161,4.89309016091465,1062.6849547584338,20.0052572047627,1.1368118349569603
7431,204.71630724483217,13.032142622165624,1733.0312445363309,31.883309728788465,2.7782908964232464
7432,16.246651558257142,2.0821392261183758,144.68956531589362,2.855238921762144,0.20220400103776015
7433,35.192497538504405,4.0543775776613815,309.08608765103736,5.9889250878696725,0.6839294267161504
7434,261.06992082988165,18.2358219251162,2217.147565634863,40.47147479035682,3.6689578584694034
7435,274.03912121746606,17.774491108031473,2329.188349224342,43.16831855495466,3.285621145916273
7436,-0.7347190988415249,-0.09671568553504928,-6.033895526279382,0.4333521371119923,0.2064804891673795
7437,52.58984237171729,5.224791623775873,452.07515680327884,8.171868404383124,1.3786951222830424
7438,163.02217583342204,9.979445547062042,1380.7179392434384,25.93612920872588,1.2720715569768282
7439,106.55218805381521,8.78526484001931,911.8435198187073,17.010997683344634,1.7277255275744956
7440,335.6930762406438,21.85610783201552,2845.603104034561,52.74098331589819,3.4734080755767023
7441,142.43254983065518,10.101315828702809,1210.6722413152688,21.995372976760823,2.2150646051858742
7442,223.64110339924147,14.523689077175785,1894.2119439638611,34.54776046796166,2.7901434358487727
7443,184.2297861801711,12.542277091741681,1564.7372134074556,28.66478799826392,2.4064439386108303
7444,278.02080140360795,18.10994250328814,2357.2361514934014,42.78915423425946,3.862424864892827
7445,270.7204604948354,17.95060325000975,2296.448808351577,42.65507419518141,2.852756859019545
7446,8.553358686079296,0.5703629254913014,73.52342223267671,0.8231193069970055,0.15532885511437922
7447,66.17124964170571,4.723712502630375,567.8561093242574,9.548322912535317,1.24455951646165
7448,58.59443858438839,5.131620671376732,503.35229964000865,8.96318478506279,0.9693635863105721
7449,74.77362977340275,6.365548654138899,638.1579750490599,10.945704976867656,1.2856621023879344
7450,127.93970832586609,8.109964558500536,1081.6378350064526,20.32128813165375,2.4287653402582854
7451,47.87715827019887,2.067653262128598,399.2656255093429,7.139484688505483,0.20811992073855157
7452,255.81612026824473,19.35485826443057,2184.927325293309,40.03820259428363,3.997113820442529
7453,167.23416541630567,10.86581800528117,1414.7186087693635,26.447063811972836,2.58464749424816
7454,192.50570891829378,13.244479957414871,1638.818542069661,30.394490757024727,2.127832834985251
7455,332.1412110023714,22.97370526123096,2824.5121542417482,52.05325261812326,3.775262584725473
7456,37.25159036986346,3.1156161790099017,318.944594047879,5.64363847743898,1.0749762743105111
7457,272.1924470374598,16.300087026338073,2300.884178786272,43.118240132993314,3.1216734106251907
7458,35.27665277932849,4.023866129346635,306.14158304966327,6.411041475123733,0.7516908021010855
7459,118.74398745768511,9.380161598004232,1013.6895579125498,18.191128584744018,0.6566088926008584
7460,390.54385554506575,26.37684169744035,3317.1991318995724,61.101152977961156,3.953383136915563
7461,239.1475373393217,14.666541421887423,2022.0537918962236,37.782423795093344,2.228657162894905
7462,111.04048533306943,6.285106873343895,937.5377580730997,16.71799675519812,1.2128423237890842
7463,52.52894762525973,1.2642651218370444,439.2323286297446,8.96344613532843,0.3482281986687572
7464,260.87159767027066,17.110844717900047,2210.8916979849814,40.96395931179857,3.6567021151135717
7465,356.12852751728,23.065420985417255,3018.7162004443335,56.75737752250191,3.375379263009545
7466,4.364612384205177,0.005481563694030633,35.8874113129471,-0.8026934655611557,0.6423371981351815
7467,-51.38220682106986,-0.8098648680451379,-426.4332572912321,-9.580313379485945,0.0154764249216508
7468,418.58635541671646,28.05027977035246,3561.9327865920327,66.41625362729506,3.7630196201707555
7469,-10.966820205573836,0.3541638639036778,-83.82502168909127,-1.4416439328344932,0.12961481713695688
7470,266.0746399339978,17.020496218450955,2254.5044668252917,42.171318364453086,2.733870961023962
7471,79.13919601032275,5.219551339316937,675.0765450760558,12.418647151999481,1.8602291569292722
7472,22.51799618653081,0.7195985242636276,192.11871316161614,3.025797263428492,0.7936828318623537
7473,73.59725210961665,3.449783640391838,613.5897191641377,11.41099248463428,0.41709632481993975
7474,74.1092598568478,4.796415511591942,630.5476867679256,11.522816326019035,0.8508833539727982
7475,-13.666167655055002,-0.9601499503809863,-119.33195696979018,-2.9021765364117127,0.2684233780812839
7476,244.14418171801825,16.108738456765856,2072.3257921364684,38.588136750723756,3.4440890300963054
7477,80.29336242953381,6.224208826332778,680.9170856734249,12.261665908259944,1.9314477026485561
7478,116.03496653301514,6.471054162731015,975.2127970844873,17.665863482009172,0.719272076037591
7479,278.8272123992708,19.689309293128698,2369.158153156046,43.311645228166185,3.9732534111750573
7480,188.0318417301367,14.129108369657004,1601.496111950607,29.08273115028927,3.181230725109503
7481,42.960273236306094,3.8725198217665056,368.13870508317115,6.535473753326753,1.038428502476724
7482,39.23311547772915,2.9979997108730867,338.1425314147054,5.787290296137581,0.33637023885551764
7483,240.8751841290306,15.573587215179021,2041.7256288363717,36.57055899378416,3.2279754380553394
7484,191.3628984427543,12.55164051392125,1623.9394718900155,30.282817876416747,1.8983923537115084
7485,238.15521520880657,14.963870676195661,2014.7554002276445,37.335659245181425,2.460026665814255
7486,274.92526309085997,17.816074971136185,2332.7844809228354,43.212657718607005,2.4732109370895334
7487,158.42764183481697,9.857214958189928,1341.211914763392,25.252660045480624,2.046173330625562
7488,90.6418278526785,6.942145093460862,773.275023960823,13.668475060932185,1.1001204979927626
7489,381.7901023097363,25.914265433527177,3243.8866710359976,60.45416729438726,3.899682712986681
7490,365.68822766655626,23.6189440905746,3102.63094703331,56.83592964150042,3.961730151582395
7491,319.8281122375496,22.128332886175784,2719.047726171084,50.14511761800098,3.8449991407342767
7492,44.01361691201113,2.334845142106057,373.6552520700152,6.0542033790917404,0.87698083926277
7493,377.2448207422767,25.364990550343123,3198.9122763977216,58.486248999891984,3.957868234682765
7494,93.97729646195641,7.240272998888477,802.1463961476571,15.214949332204567,1.4841087293447157
7495,323.2504724455659,17.1099956508208,2719.8002325351995,50.512974441438686,3.0050877896703057
7496,184.35930107462266,11.224909776622319,1561.9126288872826,29.724656068608077,1.4649177555786177
7497,3.5161303175525225,1.043573573135053,33.66742320726951,0.5379122399847249,0.5715886025392618
7498,131.52403751153398,7.783992504009915,1112.0002876287365,20.758977293279163,1.0466068550244447
7499,173.31332716314665,10.324633079247594,1466.1207939635312,27.296154308909724,1.9242640069809926
7500,227.4632376892023,17.220418012096292,1944.4115064175407,36.26429097843061,2.534790336244305
7501,100.78348522636006,7.42949229380449,859.4465344929124,14.598097208955465,1.9877443530040222
7502,267.12936923672737,18.82394393525278,2274.393414048079,41.7068966064297,3.5589036014137267
7503,77.69296987985567,5.224728015459228,661.8771338479369,11.701006074215167,1.7814326396548688
7504,194.46209205732066,13.408772861664218,1657.8077734603737,29.728196645710717,2.500876279490721
7505,175.09168063359382,13.559261393161016,1497.7268040927415,27.20872663841729,2.5089889534326226
7506,47.950786813510724,3.5251158872739774,410.0152918689812,7.879833220438211,0.3063465330035422
7507,228.27929828517995,16.407676463594026,1943.2065791429309,35.30048661812914,2.964449180714753
7508,350.76219582111617,20.92378079494072,2966.553533783161,54.935557212929645,3.1631947093803325
7509,178.68336789690932,12.10575452218643,1513.5240032700192,28.81774231048797,1.810760588659945
7510,155.53291105293724,12.044076970005905,1329.30075272209,23.33284291217758,2.3991129511829707
7511,188.5138123374793,12.675288014097873,1598.7517540635677,30.03514785676249,2.806835277847332
7512,198.71397272149315,15.632869428979017,1696.8021741325583,31.1214050012212,2.5004354915480587
7513,227.9188454822999,13.915979380798635,1921.132471271217,35.296526355211604,3.038459120057616
7514,-44.570321106473415,-3.596398073877546,-385.85175220833463,-6.336834562507896,0.3884313584117991
7515,71.4575636133791,5.87882410294653,619.5160329709613,11.095819680931841,1.0387546897347497
7516,220.55120435338796,11.962318876555806,1861.6109410850922,35.107248016978986,1.952843510010088
7517,297.7756930573332,20.859795248891498,2534.162460687992,45.99059900867686,3.6561160394866223
7518,211.17534864669844,14.26627150423376,1790.9289812864654,33.07605149373153,3.32903011322799
7519,99.964001863386,7.110672799252768,850.294944487285,15.428092640772938,1.6456377413098835
7520,246.77906306028274,16.988568961918144,2100.477975661306,38.16995830016238,3.3092881150409084
7521,301.8128915457905,19.37749733180531,2563.2476428268214,48.46289271341808,3.8907399793271917
7522,198.45371404720865,13.016159757386482,1678.7594498956641,31.063249110638193,1.9269839282587298
7523,161.1974848079736,11.128553659587,1366.186051007429,25.248586134764913,2.0492944498298113
7524,72.99352396888503,4.355544247390925,612.7108256075173,11.413719482693104,0.5622791621302947
7525,171.91605729506398,9.887402025005008,1453.7501887641524,27.465780728932337,0.7855379174074697
7526,273.544388658467,18.972638456567733,2325.7328275786426,42.098423772975465,3.1044737071899777
7527,152.39653688240588,10.54953145440994,1292.3348519968974,24.481554585504288,1.1697062518112373
7528,180.4767056678482,11.975266915339708,1535.516664596524,28.84398976446599,2.062610177354007
7529,73.5628426853667,7.661403157289203,641.4576459185936,10.811209389617089,1.4742662193005294
7530,-28.20700378230179,-2.9523605038941865,-245.92090198875164,-4.983281292119267,0.3091178834634798
7531,72.65755314139288,3.8155167751536263,608.284684538556,10.988537519748037,1.2162942440224715
7532,231.82285110195593,15.185503501606995,1965.9245802221128,36.49011334928326,2.962828658249698
7533,288.67352532483955,20.492664335176745,2455.590856026607,45.385182847982996,3.574345059203742
7534,249.1514939163594,17.365852482867563,2113.5755818971106,37.686933726460815,3.190106832019209
7535,87.20479905054985,4.3015470280856345,733.9938118233515,13.362631570602437,0.3636804311469506
7536,-5.173479841010341,0.04028293602908373,-45.12903490197852,-1.6446237190299842,0.34505607628651846
7537,113.83926056006005,5.5533268677935395,957.0339261860963,17.405355623069156,1.6303498703276964
7538,97.20051338853182,7.2822720201342515,829.3635656031273,14.208119836274188,1.784592758226483
7539,36.09069032593559,2.427674737908369,305.63157385863775,5.728727655889278,0.4981813052474515
7540,-55.47829212498307,-3.739640710906671,-471.68199431096747,-9.321293993057942,0.2933228867824593
7541,193.3424995440054,16.58091559070616,1661.098493374294,29.646306239104568,2.9687777996259492
7542,321.58168842594745,20.468121077342747,2721.8211245984903,50.57321881916395,3.6751245343695462
7543,299.31350647609213,19.252351139218106,2540.6801496836833,45.68906006734214,3.9408753302198245
7544,-5.737087739529055,-2.4893019304858344,-55.98279087349358,-1.473439078233561,0.2366834029462841
7545,280.9252227947424,20.152999555805305,2394.5825258072955,43.69205305833425,3.3219805430890643
7546,94.85711740522575,5.867050205301388,807.2857673655665,14.650374887799638,1.2233793254580405
7547,377.77912531077743,22.917973633630726,3192.129501211277,59.709865575966205,3.987679483332442
7548,402.9087677056578,28.558920540982776,3426.4904289039278,63.605876894634186,3.953100556846243
7549,313.49320575262016,20.58030948225318,2656.9785169110337,49.86170692398658,3.054192874467567
7550,186.25983405645604,14.243052452059198,1593.729821773297,28.608424788732094,2.942003235696715
7551,235.51791938933744,16.18345355236222,2008.37075319198,36.331902739669076,2.7233790129907574
7552,128.85381703723928,8.232501177186249,1094.5546581885014,19.55082786064786,1.4036572779036929
7553,299.19948554342204,21.031096911366085,2550.824465151553,46.97582826753638,3.677362109754115
7554,75.36218225938494,4.274663634352967,638.2358552418478,10.811363728219918,1.6580842970738328
7555,30.334325053177448,2.9478219668684384,267.6635649377681,4.9880223250263125,0.4838027534078049
7556,313.9270780200334,20.57688650221858,2663.2194238824295,48.87855191823812,3.069057141301136
7557,263.4553411786312,16.5470287631654,2229.9969955722936,41.50997359237737,2.8643530752876667
7558,353.0112644796165,23.529998788402413,2998.701645706628,56.250409054730866,3.9640696799178183
7559,78.44122623252422,3.8579916818022424,657.6430895831139,12.576815754530708,0.7504471893668634
7560,265.918598696105,18.495143726416657,2263.947660218108,41.28788716021419,3.6886777965076862
7561,258.3415197286646,16.502613494591735,2184.0719790619587,40.3813343923168,2.9461001296646425
7562,3.906159398406125,0.5183036065124393,31.500303781973244,-0.7101120953389533,0.5475601087955564
7563,102.08563471612386,6.158203523239504,862.5714531698766,15.642278739353111,1.0338787779610876
7564,147.95688802031435,9.706515546829555,1255.441360017786,23.71961245892439,1.58639514440614
7565,232.90769349173334,17.005861906628567,1983.6082776386659,36.82036152460049,2.1490894931196016
7566,259.84032620545497,15.80569015505044,2198.2374838380774,39.898070898213604,3.650871948815819
7567,42.4482796962595,2.130044106782347,356.16178121437775,6.841889313359969,0.42158250871332426
7568,2.5609573429800903,0.5300031625132708,24.934688927273555,-0.6612320092766464,0.40304204838042734
7569,-8.769019733264194,2.9693802806811065,-58.551961621375405,-2.4038314390080435,0.4763858487737278
7570,14.76773333794137,1.9455091701118863,134.4295878589647,3.322110363299071,0.48087290344737
7571,50.742061786189765,4.045835877349288,435.584599121285,6.865071223091077,1.6751225498402524
7572,16.752239293986058,0.034288951280978974,133.4470164684634,2.304107017123058,0.48482422588462937
7573,181.999124257536,12.579615942273922,1549.293610925667,28.35206076684357,3.0184146284841975
7574,35.62982927828117,2.4583049441042983,303.4758551053774,5.611368451683545,0.6258813015627056
7575,227.74966960730555,12.97590862950541,1918.9832706716543,35.24855040756532,2.3275851820426174
7576,93.86733515646837,4.955826406615343,793.1696911156297,15.126286839333988,1.0259612199159758
7577,358.7949253329556,25.18686194859097,3055.783293357483,56.103092245403765,3.7373230238471193
7578,340.2506353902564,19.904771748184455,2873.0723652104684,54.24198608921457,3.6448853437706177
7579,342.4553103895965,23.389389389581172,2907.542932250363,54.40403672252931,3.932564317535437
7580,342.11650625640226,22.17587337165432,2899.416595206356,54.30285288990151,3.012305578856554
7581,14.16555733849841,0.6367744259840497,120.47399301287555,2.1596711258150982,0.15199492430633343
7582,110.0063403029887,5.471929955048104,923.5033776361175,17.159012712741823,1.3410205305794887
7583,29.258524082967433,3.521791475320958,256.58858653441854,4.77903598351135,0.8040254332626255
7584,244.58296428523767,15.311532129540382,2073.586992576301,38.367988984812975,2.249590879095008
7585,85.07666413772773,5.395972050621548,722.7752099997194,13.221788281419613,0.13350593073487227
7586,310.3366024287161,17.450248526533475,2617.732297229656,48.92376493718715,3.6181876450123136
7587,180.33177626528223,13.905141620959284,1537.9166894998057,26.972078509467234,3.487594338102242
7588,32.434703871067335,1.869069952017144,277.82483254843135,4.756045623056345,0.1823848492992166
7589,162.4344823746401,10.353396508110443,1367.8319453933175,25.27238990119609,1.7261723022284055
7590,57.850086637158554,4.771473823381646,498.16063703485617,8.724730451941818,0.7545277140283955
7591,235.66679131946103,15.35343329932327,2002.3049022592866,37.11341668989605,3.340397647275084
7592,234.31156047615073,17.6314817458693,1998.768224558543,36.25597461815906,2.7516208161096487
7593,192.6437197109994,13.266252400039326,1630.7866114773685,31.719772900720738,1.9425184961161692
7594,82.69919629537247,5.867554040867777,704.1217520668012,13.278964768556541,1.24174369340099
7595,62.61562490895642,4.993525354620612,532.5168817317133,10.167708195291098,1.251975739907646
7596,118.59120171629844,4.999137879383998,987.9783649632035,19.918413267237824,1.3836075414089675
7597,208.43893600158296,13.770278818170443,1772.168306408227,32.457230761018046,3.357683027950106
7598,31.239205713044065,2.9462322821799187,264.06011072340567,4.0182968509788175,0.7163251502804315
7599,80.27657083732285,5.889097381725712,688.2250407147502,11.658717564527393,0.941918859245475
7600,130.77946026614373,9.374164442108752,1117.709261713184,20.798414743404503,1.4209686685526335
7601,231.36911165217978,13.761162425544617,1956.5691417740193,36.32357780767749,2.731075725649662
7602,94.85214279423121,6.949357680253691,804.6357733695044,15.021154328244076,1.1143688400557705
7603,73.75336080535875,3.415089285092601,615.3953380559894,11.57185460709194,0.6383169134561806
7604,102.73181231185714,7.157360749428694,876.250940512588,15.45121281772265,1.6741521824378989
7605,137.0049855129687,8.882915151606959,1160.069258392467,20.5297045402412,1.60485842589808
7606,83.17618722610197,6.443143842374955,713.7191331789621,12.375194309829018,2.113883650253803
7607,109.6609872305492,3.892258522503309,911.9227770791567,19.016318608878095,0.08033305572535276
7608,112.76469194727675,6.295484147429252,953.0762337163135,18.042165013514552,1.1453291509085757
7609,55.27410181190311,4.26161213118686,469.24053420294496,7.738095175312844,0.5108484580713983
7610,190.34468839847563,11.308665823944382,1610.3895915620358,30.148642055457323,2.4318964019890625
7611,227.49821820233734,16.249577109656073,1935.2778292023693,35.95914814013541,2.3465969451464876
7612,205.30527075663943,12.824582839994505,1739.724982480476,32.725126464880454,2.6682796604784067
7613,377.03208052158925,23.73270209013751,3199.520430141595,59.56149457265257,3.899304241232148
7614,248.67732023020812,15.220809250461986,2098.8301839625915,38.9776557290518,2.1852810247356187
7615,117.33473353205085,8.028870569806807,998.5442424904443,19.277321071250345,1.5029632795161536
7616,363.25387447918826,22.979836552856884,3076.111191910222,57.34392912519063,3.7708969193386546
7617,272.4981270147616,16.10438479510559,2302.363711837189,42.364173065164785,3.427259962014099
7618,81.88519482755753,6.513837287268229,702.3489048820289,12.912919714621381,0.8186924503582058
7619,119.48811521113241,7.678847580387096,1008.973847640826,19.078976885357175,0.6732904871124932
7620,110.94257027399921,6.331320744588292,937.2879737666663,16.604707680530048,0.9730490153987481
7621,72.568535514632,1.5243873747660581,600.0686520473911,11.964104506396522,0.7674653684472146
7622,185.78327778619837,11.687524257173024,1572.4689935398712,28.856233321082282,1.793327732393049
7623,162.75728221509698,12.828605114857329,1392.7473078809003,25.499071214097246,2.061774981750346
7624,291.0589240342633,17.23991172885463,2456.8284443150587,46.22290694049222,2.99623411446078
7625,211.1872040427798,13.86839480820137,1784.4132140463582,33.4170241613784,1.6427291463514715
7626,99.41698698273285,6.784078222692717,843.3821303756488,15.647980935900831,1.3896032403128866
7627,161.86347541802456,12.360669922437326,1376.621907658806,25.47408884401877,1.8014063504619684
7628,110.74420059618416,6.604913802739058,937.8170810533348,17.299714348474488,0.9851263890890984
7629,151.52066560701505,10.484118801520502,1289.7326316230417,23.668930645321623,2.0053885082426666
7630,18.72411556091486,2.678123718910283,169.65072931349636,2.8429546614055514,0.785423553854232
7631,299.1874443225298,18.458394541641557,2531.502970615165,47.09446223378411,3.891624204888658
7632,147.066988793686,8.455913252455563,1238.1323805094332,22.988832984464608,1.5390307468261355
7633,30.806588461527245,1.8358473683379153,263.6163901949655,4.155810310744647,0.5500266193316774
7634,24.138491269723573,2.191442587594798,210.82236418660318,2.8822881141567493,0.9201025853675922
7635,274.6203345063198,18.84312911878947,2335.103735595867,42.756582901003576,3.506068425998734
7636,346.9853087320265,22.428031999441448,2946.386359083805,54.078090237998005,3.227499951367629
7637,79.73635294862427,5.583015953988326,680.8029290259477,11.653097222790327,0.7000335176159815
7638,265.171873473178,19.08664749828193,2260.7235807549127,41.944826960509126,3.617466696997535
7639,212.30127290179132,15.054452994070303,1810.075582744904,32.75276121204761,2.8367303957624475
7640,368.19823284147407,22.207927392271092,3114.6967319640394,58.392180560247795,3.1023477533108412
7641,91.4074770336538,6.23880154073405,773.6770481815021,14.373316568779769,0.9374641619786592
7642,249.86230070686995,17.786909091500256,2125.283842269987,39.3119825069735,2.9724493034301678
7643,309.9167421563984,19.72255968655481,2622.9367643746455,49.43547416902245,2.0329237033814747
7644,350.42117352339415,21.065169587911388,2961.769021174295,54.73039797201397,3.8826582735674395
7645,198.54650201733168,14.516903504111893,1694.3606174429565,30.964415723114186,2.4863847936993775
7646,66.08193052107063,4.033726705315262,558.8862620906672,9.937270762565639,0.5403283719008134
7647,8.379559397537474,-1.3621078651366663,61.59119063945984,0.7090318955534722,0.9122679178099276
7648,305.70153785259737,18.237378801540274,2578.6327751955364,48.60212823773179,3.406913071038583
7649,106.26669974564943,8.436068433128213,915.1123148567574,15.869114137248538,2.1924124806013126
7650,314.91149456704755,20.516050435214503,2669.5519988874926,49.86873786915979,2.518442972808567
7651,21.146104204902723,2.000486311871577,179.56062247226973,2.9825812421917526,1.315583918877251
7652,58.40675358328803,6.122339193524678,512.2603743492983,9.555628655782431,0.40314178205723517
7653,276.46495498382893,18.34453809682799,2342.2915550896328,42.89858653186608,3.746241899526191
7654,-127.95493344588672,-7.914116075110218,-1082.1373162931661,-20.75250851787953,0.2658895958138898
7655,277.5175798874778,19.43348002337464,2359.232885264095,43.07707095825175,2.871459999669204
7656,-0.534181696254286,1.1827421057095617,2.7904059804794583,-0.46986189029917824,0.29779224864512344
7657,61.05769249871325,7.8043683639021735,537.7178028951753,8.069081513515775,1.7221897469093972
7658,213.88348190985184,15.575223941133544,1821.6575735064305,33.40023080150092,2.147852143385397
7659,127.69714972963403,5.902166003246029,1069.5603694024553,21.001673730829776,0.7988472851130308
7660,125.12156802652908,7.845042084309501,1058.1955031606747,20.0333185616001,0.609049047076824
7661,170.48794452504242,10.619482580658612,1442.7593464793244,25.936474604435453,2.2708467130642394
7662,187.4471315045462,12.727899971815445,1594.7247809478092,28.63490796943812,2.7363812921014135
7663,301.267944886122,19.50255197676904,2552.0784913458856,47.905559328008565,3.8601309679322906
7664,123.57713171401731,6.64349095494371,1044.915082668598,19.40602286530028,0.9909297586230847
7665,170.18456573378606,11.732879601103313,1441.6328653132762,26.56966344248229,2.384815331896339
7666,79.85895560668185,6.934217272930684,681.632162758633,11.256936641496678,1.677133394872345
7667,95.95705825535188,5.836440369913635,817.5131866490198,14.841410464845763,1.635608619431947
7668,157.87120185789985,9.416081263771284,1335.1005024734302,25.811051649249716,0.9945689531009294
7669,184.86115876846003,12.670234039430204,1571.602920494748,29.841489350263156,2.1699323751091613
7670,77.75499482167886,5.834080128038144,667.8000495448877,12.142527709808896,1.1546116465662815
7671,182.61855678719593,11.104023164632107,1543.7202045610768,28.493853436604578,1.8157470907764628
7672,100.76542538074771,7.724243132080586,862.8898510050622,16.341606384548726,1.139287583054732
7673,275.2626658678494,19.252680997461624,2339.0821836558052,42.99944350278097,2.6603540970792303
7674,306.06766161743224,20.453189601831284,2596.454115120585,47.44302869084671,3.4461883636514496
7675,174.96600976520793,11.279902511155825,1479.3009655328638,27.354297950940317,1.6792511585399037
7676,86.83707475745545,5.996063906449333,740.3668770888643,14.048057954715441,1.3131000456068507
7677,146.44976014931154,7.150050270235372,1232.3928989462179,22.848113499051504,1.0504922396633916
7678,105.52508741055597,7.792448773346303,899.3727428201848,16.36938161619395,1.6825867686040832
7679,17.30507262877262,0.1864185606051354,145.7325789253227,2.694168004874168,0.860732326120087
7680,4.353067898712295,0.6271083915137847,38.98774097241799,0.09496007208596025,1.1446282220417539
7681,44.322714231650586,3.4193929422184066,372.93015042738347,7.47149077638436,0.4173761964577607
7682,87.58169774668667,6.915371137314899,748.6916966604457,13.458340965922206,1.4929294723909665
7683,115.7401243236641,6.8654384009346785,978.5775329500057,18.209103399835335,1.3360386307676761
7684,247.35062813151416,16.400299112934803,2102.815807272822,37.9281418669642,3.191910369039233
7685,104.77467570146504,7.295537695623377,893.132866144387,16.989364703307405,1.5842190136624725
7686,269.5240618410383,18.21479783328702,2287.359501872617,41.91563416012739,3.056756334331472
7687,165.61070501794055,11.967376836829802,1408.8082294369385,26.002836834104876,2.1905967186159327
7688,342.7269370055101,24.26066632906021,2918.1593220576874,52.60680862214667,3.6947406271655
7689,323.04636913070647,21.34095894294239,2743.0530229621327,50.12637539107422,3.9549837407415565
7690,144.08285639918202,10.002776009028825,1224.7683615992914,23.050317067934152,1.9984489206297473
7691,136.31445493078093,7.380573560647772,1145.5627189217885,20.106249434578462,1.6591759064220137
7692,39.053030926447356,4.569217585874707,340.533470755791,5.302554094972321,1.2150952015572654
7693,149.4974436985758,11.323179181739738,1271.5342849374154,24.215603103740637,1.901280754344619
7694,254.25310857264967,16.213555565234486,2148.642880525679,41.54373928450098,2.005212859331996
7695,281.1838757816446,17.449776537959668,2377.8926110534753,44.26700215831785,2.9756580724254507
7696,172.2487021813373,11.870785178936151,1467.2125090737927,27.13848961187259,2.2114684338335735
7697,74.1410184987519,5.764772428709005,636.5665907584148,10.906130233073785,1.4987913250261031
7698,86.63451250844365,4.799680914972418,736.660519853092,13.744595832341687,0.7241816685663056
7699,324.34316078214584,19.91443760790585,2740.0277526549503,51.56676534821054,3.021436270595979
7700,26.875655810997948,3.174664597876913,234.56937755909456,4.1440638107818195,0.10905412446849416
7701,-43.25152524691332,-3.5222677021887216,-368.08231813482246,-7.662379400520155,0.5703895739522484
7702,254.66714580429084,17.0898112633893,2162.4887409933435,40.79394938698566,3.0271457296452944
7703,90.12922070620172,6.1683847856441405,769.0938274771316,14.228402221661714,0.8743031877856446
7704,99.85015004682745,6.739071589222712,848.9435648475414,14.992603464692854,0.6958056567233788
7705,20.808355126700235,1.7815793488526905,171.03420768896618,3.7449684819244404,0.8562411643155508
7706,195.12881520662904,13.030909792265653,1653.3490467570502,31.859476841526842,1.171006761280446
7707,211.1560454998456,12.273339551423101,1781.3801976095276,32.79612331840126,2.7902088293100005
7708,294.4232997066231,19.420508456199183,2500.2113256273733,46.546627734608784,3.1498007487296062
7709,59.80858730189036,2.5664501104429114,497.36866455819836,9.543096612817804,0.5580712671081427
7710,171.61353745623515,10.134576737023611,1447.9207451061516,26.209216618558617,2.3100765359139777
7711,37.3707934441553,2.4758919342403463,315.9997627278856,5.486010509377794,0.554311469778705
7712,84.04445217418493,7.926509667720255,728.1522207314569,12.403222200433683,1.4982790604915763
7713,290.4872725520664,18.11664537961906,2458.335107023756,45.14971260339563,3.6676212500972474
7714,316.176152997685,20.780099180270884,2685.6980873420416,50.46548036083871,3.6538662936567063
7715,324.3170767364773,23.38056110205053,2763.1476039235467,51.02149451637053,3.7568342641909322
7716,209.92955306372923,12.900268828363929,1772.1106675583158,32.30507051815192,2.3873600105226775
7717,305.44663626031877,22.06265857965014,2596.6444850507673,47.19811323386325,2.6777010556059104
7718,329.76760847437384,23.961251477436665,2806.644066525903,50.79790703092025,3.970596466931418
7719,178.9786647882083,13.051703174127692,1522.6076170505655,26.98891959848963,2.593949519550426
7720,49.55447839146269,2.4101986967599833,416.8759961602857,6.869090718113537,1.2961807844096276
7721,284.06303942888275,20.422469036966596,2414.9970519338735,44.50130036548297,2.8383163027844103
7722,-11.768242784035674,-1.978718743633576,-106.76072781520669,-2.233605750685961,0.011621752459412438
7723,159.79317685062736,9.65005268969311,1356.2384787166068,25.66120348392799,1.4309903029330662
7724,246.44683046742898,16.179937548434317,2094.7348585039804,37.79560428505259,3.7073463567852603
7725,-16.094405857707343,-1.1464311697559249,-135.0655114003119,-3.1954654764832076,0.016641363796457753
7726,24.88623048992012,2.751899351459515,213.4726010727063,4.496707863722785,0.5553594690250749
7727,272.552496127384,17.35299530604896,2308.3274023515196,42.009405390204144,3.0211342336795197
7728,34.343545485972435,2.410941640926218,289.76643878417946,5.620529779052058,0.15995138719864066
7729,333.1010052728675,21.15875428882505,2817.789161325138,52.3604906891678,3.429034011123312
7730,-18.330172002247636,-0.34225295646053544,-146.80853755804105,-4.283388549725199,0.4240756955802407
7731,400.03528124838834,27.26663667858364,3399.513085135317,63.541935080482894,3.919718306270317
7732,232.85952029144937,16.321452081469367,1978.8828452667628,36.710615132375125,2.3432168739046033
7733,339.54614671201136,21.833909633817644,2874.8232408623985,53.64824849945718,3.4392335729330092
7734,236.41322134426636,17.29939465141172,2014.619714315254,36.920881288579864,2.714195350926983
7735,236.74060512896003,15.498263466787122,2009.7025553399785,37.06787897764429,2.28596495659912
7736,282.6761166805864,17.756235331348133,2393.536358032243,43.62517055404225,3.6724475783946344
7737,125.23844590274952,8.340956562754055,1066.8671468044438,20.54658808851867,1.1016281382045805
7738,81.4101462916478,3.352401976069725,681.0659450230307,12.911839229270626,1.0236376979577675
7739,243.30139398098268,15.342269164040186,2061.454964983469,37.769122838898554,3.559576059864164
7740,-17.655241716077562,-1.3870202403870153,-151.10499098223406,-2.8628145409864,0.2038159834552249
7741,87.0595797873003,5.125213361166997,738.2260037868842,13.744484977806072,0.811489365832303
7742,-50.94101701741043,-2.035015199655053,-428.23373455266807,-8.531599158051744,0.7763776664162436
7743,217.2788827126131,14.59720917523565,1844.8745035696818,33.959896427833165,1.6580730458376634
7744,112.2202616100919,8.547279472626562,959.9836216720147,16.450403715143764,1.8841829740237395
7745,92.19310738830453,5.949309041726089,783.80277557292,14.099397300774799,1.8518770643392637
7746,201.21797589609574,11.81675606386272,1696.6893596866075,31.692808725336747,2.000937633271816
7747,66.30812349952276,3.553125937647876,561.6715724554897,9.884766573721834,0.9262103820475671
7748,339.4170437329422,23.161176579961037,2883.8006908164475,53.77661687547543,3.7407573155073406
7749,187.68729796394797,10.868893420023179,1586.5812205368047,30.036302405192938,2.188030917193597
7750,304.3413056892609,22.106459056715618,2587.8659854229563,47.739411445381464,3.2337386032610906
7751,177.77965961340422,11.28320791727122,1504.0647000417418,27.397284723844784,2.7590381994398214
7752,106.49331740661093,7.385474467608635,905.4795775127824,17.047295291010293,1.0642052377271827
7753,-34.09219922998611,-0.07852598364228935,-284.3059121372506,-5.905458321400114,0.5633026975213715
7754,302.2741401070541,19.763538757526756,2566.0973575971534,46.8706097084283,3.286518515555416
7755,341.88035889640685,21.32772688330503,2892.097218356604,54.42868868305029,3.75023675235386
7756,231.7585540322006,15.248610385884364,1966.6055067415934,35.83207928787103,2.9397283100276477
7757,179.38398477910872,12.476138501292546,1525.2280917191122,27.909614928347256,2.042129092877957
7758,34.673939527035856,2.958532488326016,301.2785185365689,6.245376425032275,0.3878696916632145
7759,131.63867159528115,8.034027057969537,1114.7105111336346,21.582157514751337,0.878797284369567
7760,137.64028433323358,6.55633617836566,1153.6978180934761,21.797541679055914,1.190751062543837
7761,253.18061111776558,16.35830613153245,2146.7470995339527,39.558677232064234,2.7001175490993017
7762,6.661834020929154,1.5969184400140644,65.83440430970865,0.775933005611392,0.8022435644619486
7763,29.349005865193803,4.0656924451566985,255.81988378348868,4.821924876099423,0.9309990548700169
7764,326.75606234839574,22.27122176711039,2775.6317123101503,51.05030540053043,3.6492192206975207
7765,-18.057385240282947,-0.20170094995422883,-145.5129537305027,-3.724873480273076,0.83539404125922
7766,85.72610963465841,6.013994336151332,729.7387901864059,12.498889283505894,1.6942772739906684
7767,131.29960122551617,9.58545375468301,1114.7212673901813,20.031774302704992,2.0791721654525253
7768,42.67501945447053,2.206587950481538,360.0371405944294,6.493730133344963,0.37069640303865015
7769,335.40205487122824,23.560792702471442,2855.2280291421052,52.38977160124632,3.7014468404333125
7770,231.01556460191057,15.781738693771988,1962.097453660314,35.3681623866234,3.392148498124597
7771,234.32390007152415,14.98701570549455,1982.7722779908358,36.22781794659597,3.1866011334132454
7772,231.97929362788165,16.412861719574284,1972.1267566491485,36.38070086068996,3.0455501924892046
7773,58.44900166266649,4.88713795478558,507.9806494123571,8.145181744442743,0.7839495780299344
7774,154.37672766130376,8.894718335599178,1298.7205645332433,24.33034135240967,1.4285994856207842
7775,106.4409818536569,6.208010699676079,901.4332846344927,16.69147775240722,1.2812624078498454
7776,279.0138425802718,17.547898636459948,2363.180664108245,43.995492662835225,3.024145865217349
7777,233.86440835178064,15.824153727028849,1983.3167616509193,36.18988070596624,2.7885949104821575
7778,121.07261889278482,8.833103361940404,1028.9927767344232,18.588033642747718,1.4931348087311163
7779,279.7846605008545,17.862826093034165,2368.8813551863914,42.81245404497161,3.993885431372998
7780,217.15809983722318,15.07293030057647,1846.0251727267032,34.10302369019652,1.839279063198469
7781,7.342954231784475,-0.003371980348664927,62.65152603801924,0.5134721198689726,0.9897258595933747
7782,134.81793057827613,9.799668329470407,1149.2356313333896,20.62449245289827,1.8868770967930368
7783,388.75224941619814,24.796968999030074,3295.6077440254276,61.3796886116699,3.458154559199714
7784,-2.882004048664771,1.9183365247688682,-16.6677971708435,-0.5372431742019472,0.4998465112654138
7785,233.25946666542083,17.582191368711857,1988.9294251485633,36.37464630580793,3.0885960822177654
7786,258.4867340660366,16.787074869376994,2192.838338948403,40.26920374782538,3.0087731139477434
7787,369.3179000803333,26.92412733582864,3143.0941185895604,58.28235709190239,3.8221072733098618
7788,88.66838642335422,7.544926121622538,760.4187849653412,13.347665099999414,1.7697444194476448
7789,131.72369410200653,8.490897818676142,1117.609540424888,20.358987678264352,1.6554785601823503
7790,200.68796536993588,13.3561432778493,1700.6276751349478,31.078978956084537,2.485082013382075
7791,209.9035536341858,12.9608102410686,1771.3337309201045,33.26721484700976,2.2688110717723373
7792,313.84150920842956,20.543462408599755,2663.2330043208694,49.37040332854982,3.854625658162947
7793,155.0533624449108,9.818745774390496,1314.184968469716,25.590756367142838,0.5906677338366668
7794,34.674156252589206,1.654369551895,293.4307214346963,5.650908935133109,1.2510602322720117
7795,33.800818045715594,1.73473859674275,289.48457200818405,4.663129538747098,0.48596043858632854
7796,48.6043367189428,2.594612948576849,403.42428330645106,7.920864668744885,0.7603636124144417
7797,150.32539756868897,10.037208937954276,1277.5613798546178,23.570228868194587,1.1347698502610397
7798,286.26182355816803,20.09488809987383,2434.047115752097,44.67574165257493,3.5612149748656217
7799,245.7279077819975,17.413605487385023,2090.6456693507575,37.5665843097469,3.2234570484452094
7800,228.2601462824682,16.173725615592865,1946.9565329097145,36.29999167799993,2.796815751303553
7801,192.64141134318578,14.010545635886363,1642.4250592274602,30.413211364774035,2.2537352076244135
7802,240.79234320588648,15.730138834841455,2042.6126220804324,37.43428652107514,3.010870576891805
7803,137.50292546110575,10.021978736516779,1171.6839322092264,21.070973960083645,2.0631952809923706
7804,61.713619371183675,4.206912813499322,525.1911990172018,10.046303953249447,0.22201743023684983
7805,410.6839062593362,28.501308048857236,3490.13903057902,65.1584946600295,3.774287728177015
7806,4.938925678139217,0.3084079182820796,37.84425350930504,0.9334820748498849,0.38925515414832423
7807,114.27983287814732,8.48365074622224,971.5055118657496,18.067962268973968,1.7090920856200058
7808,148.82794226043254,8.607619340314038,1255.873187386301,22.500376007468997,2.142870996064715
7809,238.25328235922763,16.330207981441163,2023.4270815612076,38.0298226188841,3.2871163719661243
7810,163.196697327164,10.485411931931663,1385.2664993772958,25.8330785597252,1.953753338900389
7811,23.093944149985386,2.072859586628441,197.87295573471312,4.20545566198015,0.592081375996536
7812,131.54611761072113,7.201792248849878,1110.1754444855508,20.497854932763648,0.8671574230769843
7813,221.7251220739066,15.827089522400822,1888.0087639301182,35.21624311324675,2.4872544933269976
7814,147.76372818381859,10.030757097589658,1255.6560640095104,23.737379765613948,1.4537850115812883
7815,200.7350824010896,12.15711538927673,1699.2274660129608,31.638014073360324,1.8842570514686479
7816,43.29806554955639,2.7910766571275145,374.547209509616,7.3635965558523395,0.4853470115585825
7817,129.05586620708493,8.748523903523889,1095.3933122408314,19.301078607107584,2.470329843344424
7818,151.51764690663833,9.688350999778349,1281.8731111291854,23.46282659236944,1.6645040233541195
7819,272.04182857100375,18.42184452376443,2312.0884923388976,41.95697422748973,3.9224192783672676
7820,105.82997755932422,6.761617563002269,902.1938417445657,15.484629513136339,1.9582002253342687
7821,-33.82472967031529,-0.6783450368948005,-276.8829319048197,-5.714600908212331,0.2795095040744564
7822,91.37783810443645,6.953279162393243,780.0761801898216,13.617075973878132,1.806794205811094
7823,49.021605147862026,5.3181445988934986,431.7630699935157,6.860843106516025,0.9346211980933408
7824,163.62459826368212,11.365669990491693,1393.8332366046318,25.60234631891316,1.2677982544316353
7825,123.71590952341074,6.2399481014366796,1034.6488988085157,20.858120965829507,0.5711557909978975
7826,114.41614885849866,6.798252642222181,961.8684225794805,18.83242580042578,0.6616485578006701
7827,241.51908342192394,15.857852737117694,2049.3998812095256,37.93799704115481,3.141701658837387
7828,286.3474238350593,19.00560317931836,2430.8549555656346,44.63026947602825,3.0379945854069024
7829,125.8486965163391,8.529631407710523,1064.2772897708141,19.652315179245612,1.4093387705790312
7830,81.15932521851654,6.548426191627074,698.8556093441244,12.36639003423199,1.6552199520357913
7831,67.41994155904963,3.371186834747652,568.3992538845336,9.659408353779437,1.8152664454059115
7832,21.47057103414502,3.221838017258591,187.52842877990946,2.635636771768848,1.131889903323362
7833,350.6791919395279,20.594609150857647,2962.5851332806174,55.193444656984816,3.5986962650302385
7834,118.75231909231348,8.973849738681073,1016.8938307862061,18.255503507431836,1.3647371279487892
7835,272.7042038291074,20.03515819819079,2322.8992334788168,42.305565495250114,3.5582669693512794
7836,118.37469759692733,8.54734640333717,1010.2813439736437,18.52796131794356,1.7066229196073577
7837,160.55732677587986,7.986926758843987,1348.9328326065681,24.724529619312115,1.6493672118370934
7838,211.57552914798137,16.01032171790147,1806.1784466648733,32.666487469291916,2.1727233466753186
7839,136.66462418695477,6.767915283037715,1147.4274996509118,20.745885812617075,1.64419687151377
7840,-120.70655719314173,-7.299076656012895,-1022.5407738361899,-18.991462383429564,0.29645883282909313
7841,-41.3045344740657,-0.8964277740088442,-342.9563695583558,-7.513933632921965,0.6869437390714683
7842,0.5370628334541545,-1.7510466415797463,-7.9847233507237005,-0.16416963478291802,0.3687608485149525
7843,-4.960257906264374,0.21391239763182845,-33.68337627633342,-1.3248100267836613,0.025655559394671013
7844,83.73075268296347,5.652715555995986,707.9575044171482,13.624589855053165,1.3513787296616346
7845,168.3577349126819,10.392788153812633,1426.3618377482444,26.75610422291907,2.061082837332861
7846,221.586804631767,14.044686450609609,1879.0937350854838,34.9745673482432,2.363655595600192
7847,134.69856644106085,7.620126426796949,1133.2467924897358,21.409593011342054,1.6237433420931646
7848,68.47420134283048,4.062793664465855,580.3432771488915,11.47128439338324,0.04473542785040152
7849,172.27225721173775,12.202320488679025,1463.741332961175,26.307234687904742,1.8845411533833905
7850,89.80402370335258,5.788482006580173,762.352285044114,13.861269151337435,1.3574793168099197
7851,193.23954571706446,12.645145793907071,1636.4799367920755,30.667015228309282,3.188001097349165
7852,339.7602935889718,23.129643592342553,2886.5279533443004,53.37385933332305,3.8725475204794386
7853,171.32661427354688,12.249240749205306,1463.394133098337,27.688074594958533,1.826509756539695
7854,256.0266083693486,19.603102907307843,2186.9070438811896,39.632002227765554,3.5954728181146476
7855,120.309425646799,7.165974223053556,1011.4137244328355,19.227433427587442,1.0616857596598006
7856,340.10563041665654,19.38920111730907,2865.6658940831658,52.84389307019179,3.546861810784864
7857,-2.3502223110323968,-0.39326369998428046,-19.9476101686651,-1.3925242959308295,0.9986608013336533
7858,54.289639785335375,3.9038509609491245,463.6694713928488,8.223109516026495,0.4667159452421208
7859,284.9734290203114,19.661040857569674,2420.761970078683,43.62651821888987,2.933491098493644
7860,262.4109780545987,18.502106117569667,2231.7662758397846,39.62797304834075,3.5885833747444438
7861,94.10031913033313,6.136058690932555,798.4154724522493,14.459613458849462,1.4557466101934704
7862,229.7670396289832,14.238955191466207,1950.1388927005225,36.09795281939087,3.516231568408075
7863,64.51634842035168,3.718642881252295,547.8690345023032,10.664918534445611,0.28496695521156745
7864,2.7880442570688637,0.39067947531648395,26.1802477847558,-0.7665780156212464,0.606578169914449
7865,261.0502680079575,16.975290079702347,2212.391624974131,41.197507976662735,2.9303714578948616
7866,207.9652567646199,13.556340389622695,1765.378706865844,32.32465743730488,2.6592102507218773
7867,55.263941865573315,3.350000103133668,464.7267303102853,8.61695139447873,0.690320386561512
7868,383.32077205182844,23.82024702742708,3242.3005038426554,59.74336130368955,3.042614482934809
7869,23.482303930769085,1.920355896020698,197.42908107469822,5.018181301708181,0.4270988076159403
7870,118.54051936623426,9.930827216523149,1020.4033600179456,18.302780540015817,1.7777410739053736
7871,64.05505192382871,4.496185488030523,545.4684325916163,8.980927464333899,2.2995519958563584
7872,196.16623046237058,13.907967751867666,1669.15028636489,30.207244754962513,3.462087917953628
7873,178.614761146516,12.202593606473116,1516.4505641017486,27.501130272542067,1.960014187346744
7874,-55.75755555211181,-1.5938119427814081,-461.9648051941403,-9.260991737854619,0.4254022419416339
7875,170.68980782526504,9.72696896535307,1439.4581052453402,26.905341656856237,1.9024819550753085
7876,197.12180915187326,11.968561625030969,1669.470332997861,30.34884196416153,2.825652089062367
7877,263.30819229000434,14.048543984623171,2215.6440232167083,42.124844840697506,2.5654192609216753
7878,67.915589505438,4.816889586119949,576.5143853944693,9.52614545549956,1.9615616003261378
7879,267.0572854962362,17.36421136846497,2265.191516144455,42.2290230156189,3.3030857735319374
7880,180.01571758057634,14.208303423216469,1534.4961230590059,28.370612195865842,2.525701799550262
7881,201.6339087436439,13.968204506557317,1714.3599512058004,30.875452399567294,3.3788557013399476
7882,348.0897789940294,23.46367063684092,2954.3871114076583,54.056195366691604,3.845625323511424
7883,180.1636923447676,12.412320771845714,1533.671959068619,28.35762482763951,2.037461615773338
7884,146.80837066938167,9.227275460050201,1245.0371976045092,22.623711187435546,1.7690126391686407
7885,88.16072851306124,5.959669837142698,751.7557639334456,13.073633601572354,1.8017341726419054
7886,299.07770257784574,19.82105834307309,2536.040524627882,46.216033035560336,3.965708205263775
7887,290.93473671119244,19.734049116992576,2468.2935395500785,45.08442300723017,3.7635604522297395
7888,248.46991420089165,17.321857580359943,2109.576921982863,38.84201643318988,2.973471921176837
7889,0.7977040286730623,-0.7664972941724152,1.8724937201513887,-0.18238680709231514,0.0434510284140055
7890,2.846502428015778,1.321693253585516,23.86963780107332,-1.0147564932443647,0.7654669041036177
7891,198.27279487802429,15.66780499106969,1691.3489969333427,31.03238170117246,2.4262997150131786
7892,364.22629915382413,23.472836660073163,3083.027153243425,57.09463610951081,3.62649932566551
7893,163.5717672760978,9.398036395809923,1375.9579937322126,25.95225967134761,1.7583052652447777
7894,64.00453164948082,4.280902322119499,545.6708686428708,8.73924601721435,1.6472445048883615
7895,203.88159048779127,12.603978745766337,1718.8292129080505,33.07516930245418,1.8316484482841036
7896,155.63973124360592,10.59593390142469,1317.8458196839613,23.730872269910595,1.8957905849514969
7897,174.97872465038068,12.689928278086668,1490.4541772094915,27.70091579705622,1.7243486386381899
7898,35.97778125076715,3.3601936707399442,312.78339877105805,5.696045142474638,0.6598009857150453
7899,26.57805038039397,2.918995831567271,227.70553252354168,4.5099863252098045,0.14226242467431938
7900,31.71242102777358,3.644933713140145,278.1123541681383,3.586287850723817,1.5314182578552251
7901,182.57600480928565,11.99846918814751,1554.2129173647609,28.191773320362504,2.0146813354643114
7902,276.13289234099204,16.75040440822903,2333.757993404026,42.5811807892041,3.6001822521574267
7903,179.19754699638887,11.836460837229524,1519.922845015331,28.276343538578253,1.1794794216561622
7904,194.73125210940236,13.669929984018472,1663.1022983797602,30.773611022944372,1.7308194653955238
7905,127.3058421462917,7.680527638844019,1071.269080814301,20.186014141507883,1.4319023085305287
7906,313.80467774423624,18.85716480463124,2653.7495001144066,49.64862557055578,3.4330074109003648
7907,77.57109579073114,4.836073594383846,657.8612669965862,12.578561346553663,0.5816263007581184
7908,256.6264893557609,17.085253991284645,2176.5176105374203,40.41973385637869,3.762316527983799
7909,-17.757505557785244,1.6147646005544267,-137.5246540456276,-3.1932265515232623,0.0918822622152593
7910,146.57112367420373,9.060823700424143,1240.4918067803035,23.255943895811328,1.089055851491882
7911,87.98921958803959,6.883003188227857,755.2021752055805,13.598614912867026,1.2999530603189466
7912,285.6446131409919,19.324515017406764,2424.389796525738,44.43109460923051,3.348900367576802
7913,267.63814751612074,16.49481140115732,2264.789729073704,41.23951900525485,3.5757440373986533
7914,-20.87661005597283,-2.873034691740295,-180.31545947515409,-3.8132989590315685,0.6195627608407035
7915,230.67302459451372,15.744316775559444,1958.6160619141062,36.48802584537828,3.049206833363227
7916,171.24419417392554,10.41329681288275,1444.0693295325339,26.70136267429005,1.6862248862067606
7917,171.60306401132414,12.613174121530353,1465.7017412729117,26.479876579314656,2.495822919057543
7918,68.03797897529171,4.420578664263925,576.1163110714823,9.588894042682812,1.0343953379811341
7919,32.05139566145143,3.784251916950234,279.9317328332076,3.5620978214169945,0.6879397838466046
7920,-0.9431753176560504,1.4561800245936256,-4.445794156863892,-0.2520675835662298,0.04200904903038927
7921,176.24667387248795,11.731982090518914,1495.048915292112,26.930215942376464,1.7195666516181407
7922,297.189884858421,18.757950337792867,2511.909454849964,47.15898437995138,3.3497833247920195
7923,59.74512881216379,4.175111392506768,507.3510988576845,9.084867436191626,0.2254758133286212
7924,32.99678029562121,1.6449792591498547,278.21073622526916,5.427860138860511,0.707358844459026
7925,4.184528715332821,-0.40018567710582714,29.41303315343553,0.01621219715970068,0.04922677205625492
7926,213.71670781329175,15.487548562827946,1825.1641024157668,33.46165627082079,3.5076615003625777
7927,90.00888159355766,6.602958094745781,769.5083535322685,14.353689022361731,1.1590309164826307
7928,148.1253794443549,11.795071715375697,1267.0987598295806,22.816408564981714,2.609289016904952
7929,202.7433670140932,12.519582262853007,1714.5149485405495,31.279522039493436,2.599084915172768
7930,218.45104174544937,12.840812900893667,1848.7692883399297,34.40112579773011,2.4937459750520636
7931,356.9438820214326,22.16073857566028,3015.747307097939,56.69208764274685,3.7621351063444215
7932,119.32798739267332,5.972368749761997,1001.7305909924718,19.742750945713002,1.1511144123877073
7933,44.64368244113635,4.3775014204379525,391.5706438756255,6.029516801768476,1.4838718819699048
7934,89.95211201626984,6.765569859097029,773.051587363183,13.532987959662835,0.8515879232135428
7935,157.58613820692466,11.349762570999577,1341.0314105367142,24.300211476762094,1.617034734315828
7936,63.199514369815056,5.0370807709396965,537.5896724974382,9.618833360713754,0.9171702024580934
7937,-65.74609000284538,-5.60653135891531,-564.2559095733188,-10.69436837101305,0.6809438826549443
7938,262.7500871369266,18.143816165265527,2235.8833766924226,40.929221676955834,3.9552819995103987
7939,122.47879338474115,8.785276930257545,1037.8791956347895,19.153554898079374,2.0639317089877585
7940,26.607353677082912,-0.10010481101208679,214.79799969808744,4.1869387283954556,0.8741075055064078
7941,176.12870459520508,13.47060044660465,1500.8755869694178,27.188728658518553,2.467682491724716
7942,-16.932789039141127,0.08464287791663327,-138.52152931522676,-3.294122845934171,1.2301920111998377
7943,219.8014293346769,14.574749974532716,1864.772862773854,34.92735524861801,1.535107347888931
7944,277.2554112483382,17.883466772460384,2350.750820403541,43.61377340105502,2.2983039935117224
7945,-66.61014370757293,-5.681824462172047,-573.2393763510858,-11.054513576071304,0.35071313526221504
7946,-51.55384197938782,-3.9199900479982634,-440.1372241942665,-7.875166435032047,0.2118397634778364
7947,15.653369126048485,2.4957333633455088,138.94577833696394,1.7249349236030183,0.2874752995095715
7948,148.07225159006154,7.831974175606442,1248.566173284588,23.26560851207131,2.351957023880431
7949,122.19302367327704,8.522771138182245,1038.1396259158605,19.980130866226776,1.3767380699791572
7950,169.8153839674018,10.238694313880625,1432.2904643897446,27.314996661280777,0.9470102704492311
7951,66.11640089324094,4.595771794256271,569.2368013819123,9.897560980793887,0.4524378192902203
7952,207.7614436271813,14.657829278952903,1771.0969818919452,32.23718732677169,2.2083617844656596
7953,44.47387574214161,3.8201543180887843,376.46960292913576,7.026622800451884,0.34651152899363247
7954,150.92764291800108,10.466837432319455,1279.2852491996907,25.114638806351966,1.3487920886093177
7955,276.10790357097824,19.70228865579846,2344.3389345368996,43.46581080297443,2.406966573140809
7956,204.32964772026864,12.879923199732994,1734.238479733539,31.742760381966903,2.1312459235604795
7957,-30.38851594476669,-2.3993876741507645,-263.61827498067987,-5.202232248832372,0.055662685651044264
7958,121.82891695154015,7.754860619510507,1029.0758018301578,20.23704743202777,0.31214779588407016
7959,28.402269220160104,1.859085590497735,237.95613899621938,4.658590551898504,0.5938014111943977
7960,160.1637889853062,9.422206372220238,1357.327294574017,26.068322320721904,1.437204523870121
7961,336.602032238621,21.78520233031832,2852.495092104493,51.626352460701746,3.9967928612952046
7962,246.89257508728545,15.540559737460603,2092.5516138450266,38.34634965560995,3.6114191136469604
7963,41.50213458028158,1.4356464008741865,346.51558745128574,6.2670619372343666,0.8697799626756009
7964,141.3909564069944,9.984711831485669,1203.9229611886537,22.740460139371528,1.6738324584480733
7965,30.814625605849017,2.207298160478353,258.8240225191153,4.74607387491009,0.6053072840916358
7966,50.752346113206215,3.894725620525379,435.72316854498143,7.300474059758088,1.5378331010466275
7967,287.12466632191905,20.134544755124466,2439.6194266006883,45.42435271785205,3.3738173220722643
7968,137.78335013527132,8.74819728866459,1170.371985128014,21.594508190291364,1.8734810195835858
7969,309.30920535442186,20.520141278980223,2622.3687744768768,48.94908567391047,3.1440529508963313
7970,49.839843997153885,3.0675315109838186,422.0557957420489,8.104573921101915,0.32410131093459826
7971,156.34300345006375,9.53113291291548,1326.128407273294,24.22405859571685,1.8331916474397145
7972,212.33637121215207,13.288212546443118,1797.7984162559153,33.60394646901486,2.4166345504037263
7973,235.8268520793723,15.588549118584229,2000.497285210448,36.580278106618614,3.591471203985863
7974,-14.380357165441703,-0.5470006499853861,-115.16880375699053,-2.6915744544038667,0.12659226150037872
7975,168.77488781063695,11.66820822806664,1438.7986986200056,26.93083606562435,2.6367887000878274
7976,65.98121574463657,3.6245002076402635,556.4517598638613,9.415842208526445,1.3780276343553237
7977,264.47020796179993,17.296639933871273,2239.9264906495837,40.79882511849732,3.2160825650022686
7978,81.52622882682608,7.4786173569420304,702.9224376680104,12.432110133116065,0.2519936304059418
7979,130.16477324461843,7.58484224521516,1101.5713929336841,21.026264413601627,1.0573815818328254
7980,66.2139004418487,4.5501336747806675,564.8844247317398,10.051108599825753,1.1129862841589313
7981,272.9470143167993,19.049437930054296,2322.7179600909953,42.66150596482365,3.8877609683865875
7982,137.37174203054812,10.826971498464195,1177.619177371246,20.900937861189846,1.4805434153653687
7983,302.1715166015625,20.169734107257945,2560.8922148562833,46.27164500027944,3.4631898242138366
7984,207.0379089490448,13.936362903823076,1759.4660270451714,32.80190442752361,2.2776099070757305
7985,79.63565251486605,5.815345753117638,680.5703720679322,13.248183858610249,0.8341599859673678
7986,331.29973584998174,23.246111460110377,2815.3614517719493,52.63722667473977,3.2254051141381224
7987,-44.0227271570341,-1.9101588311617994,-366.98080005112297,-8.141175324790819,0.08687123230460836
7988,70.15096327704721,6.222749095194176,608.8347014875304,10.177099629139137,1.9749192944199088
7989,54.60991381741644,2.2291241470867194,455.6220909931296,9.39299150148128,0.0696682652722953
7990,90.24335123231612,6.702879181874996,771.1140756169385,14.155022060747884,0.7985405277587261
7991,52.625538735736875,4.267569224167442,450.70033702234707,8.388819815900922,1.113455819460337
7992,208.6215384388871,15.377038675979938,1775.8079697155579,31.63440855392506,2.736946626358131
7993,288.6709510215198,19.045547815595366,2449.5117235778434,45.05388710890807,3.7318425250797924
7994,315.1055380388877,20.02403322711322,2668.6986372960596,49.760296280248454,3.797507810150178
7995,313.2931337635989,20.785541987955252,2660.135388863381,49.54245524579527,3.9093585327487728
7996,224.72753287965068,14.460086314420646,1903.9468437070839,35.20411092728491,1.8889723538571004
7997,101.13821314475102,5.885914276913629,853.5620837729612,16.484666643175842,0.8331382291188607
7998,35.835997748898336,4.214967378209484,311.8073917273079,5.992423119108677,0.06656748810598101
7999,-45.1222061612295,-1.6756694582771123,-373.3131721226316,-7.9649720653981735,0.03877859043059262
8000,69.09176361291865,5.560920198069977,591.2159784549614,10.332461685604706,0.6232866780571142
8001,187.44018951670085,14.884403113499996,1606.540746233065,29.927985737902567,2.169205661507813
8002,322.2842928209381,21.84174450499824,2734.2497674165547,50.079521349893966,3.669617674789637
8003,179.4365352121971,11.36982070532164,1518.4858841678524,28.40315748224036,2.3535397192973337
8004,34.52585695896949,0.48136773874581174,281.2368906789571,5.6013691875652505,0.3781769871882217
8005,233.1773992993103,16.84416115097477,1985.0053063157206,37.33571795601756,1.6824678368751864
8006,81.11744646582301,5.62077587774262,684.2529583395981,12.72725789255112,0.19280560662664525
8007,197.24771758834308,12.97648482234159,1671.8767450953994,30.443660948083775,2.5961563401426884
8008,267.41405026405175,19.79565349777682,2276.8923148836657,42.32330677820527,3.923007516419106
8009,160.48253651762496,11.616868482007721,1362.9056046882213,25.80915421845968,2.783801545732553
8010,342.3868182369223,22.147839152311963,2903.3826912374643,53.77261302125391,3.7945552143409413
8011,26.28254158606725,3.3273119720708175,231.20157171193378,3.940072807994886,0.3338718421019715
8012,258.1714695495144,17.63510924079248,2190.552062068132,39.78687108942584,3.28003746979207
8013,131.03057975145788,8.73216893436328,1115.74892080545,19.893774922909586,1.9962724448896938
8014,136.1575835091804,8.523377883770637,1149.9345167952627,22.330516017771696,1.776674662659424
8015,128.81242264330524,10.416033057199721,1101.215603959316,20.582354484244057,0.6361301130609829
8016,230.00496524252793,17.08979619914397,1961.5951955893604,35.76399567126069,2.589764064381217
8017,328.43859473124377,20.929735334150962,2781.018731114148,51.343991937528685,3.8968315775525983
8018,155.68353912315914,7.912187573491954,1306.8454849802051,24.20858096953031,1.3730118033667371
8019,256.2384842073224,15.427097213478412,2167.7872240509882,41.100019687077925,2.2617257632719907
8020,291.70362976082504,20.286542020956944,2482.945803184714,45.16260813205052,3.696659642725996
8021,-4.872924022681102,-0.2660906290768694,-43.556536754923286,-0.9694391753106577,0.16219517627294078
8022,239.76472656786243,14.642501719057545,2027.1748425265291,37.183995912411866,3.628514860981088
8023,161.48711794053142,12.075359726959144,1375.4741285265784,25.773154493399392,1.962251466930406
8024,333.84883496265104,22.393856078742488,2837.8114214726343,52.50846360758492,3.8402364138862652
8025,171.95177353094644,12.203400278568122,1461.0636179585115,27.171644874708843,1.7771065775654815
8026,6.083516962101124,0.21542577522094142,47.323261211613875,1.9844273539933344,0.6929905418265241
8027,289.66687370942134,20.78470344734576,2471.3547068261255,45.27806808368439,3.744313888119013
8028,-8.584664577468681,1.5334001605321865,-63.855930124197876,-2.5795977961269,0.764427111774503
8029,315.20450154531005,20.71970097443773,2673.882116210621,49.967355339883525,3.4796059255528697
8030,279.46812106915155,18.471339331247158,2374.4165503647687,44.04153775523318,3.1918591928481397
8031,199.91770832980217,12.446575090588365,1688.9136718607406,31.822725401755783,1.983825440734174
8032,292.7423662249851,18.58962009148855,2480.2377298359693,46.02274946784911,3.43023108381271
8033,113.25969462405331,7.775879344918536,959.2856639245017,18.09090048026385,1.1696603149974902
8034,106.01947146533665,8.052716132044232,907.8144755397459,16.47241998339014,0.6593988609306698
8035,-65.82540889800464,-3.575058320038838,-552.4857467072142,-10.393534548611452,0.32586916005973476
8036,304.24957294169184,18.844424609802584,2570.248337791227,47.320795976313306,3.1993441833048366
8037,113.82084030582807,8.227273633848624,965.0544324056259,17.787157728664507,1.5094053174525492
8038,263.3206818526889,18.222503199523022,2236.018096511304,41.40722466399864,2.8626293604957618
8039,315.4272495129557,21.88356912466287,2681.9053592014134,49.44508559960793,3.746770681988011
8040,116.66866336349257,8.237831355930666,987.5162794518126,17.770542725427855,0.9761960385259489
8041,76.79866115158127,4.036374149534228,645.7195344809348,11.59127988314048,1.6277804823608961
8042,175.2637969221127,12.257466681435048,1480.876355885301,27.421903083563414,2.3935071483052064
8043,286.4615017926962,19.188458175513603,2432.321445355248,45.813641410246156,3.3295299101177793
8044,27.280740372126477,2.696427280919337,235.34587728247377,4.694481406793146,0.18264816574589293
8045,-36.55607936832533,-2.6186428728148523,-306.46718948882386,-5.552099394465529,0.21588571637077925
8046,346.4937943271,22.384683449348177,2940.983461625069,54.95589774363851,3.723870841272965
8047,257.72115231464494,15.101737539264201,2177.3052783458834,39.43004621255086,3.796727298876477
8048,272.1422751523861,18.302299013868016,2314.990976027936,43.96266828299251,2.333921376916816
8049,176.5574480545939,12.01230154215002,1500.5562354063754,27.460239393630054,2.102331885837871
8050,282.99350527708077,20.482380238070597,2416.7653320585405,44.8907083772716,2.8072700310756917
8051,205.3715150663471,11.28185475335443,1731.4506713831288,32.405527866720995,2.118021360797356
8052,189.5801785405704,12.287695675356757,1606.4615960950548,30.086081742806307,2.3554560371079227
8053,266.57150577285694,16.85235166285985,2259.734550297982,42.628851241483936,3.834013472078443
8054,265.6887370105703,19.84628132745122,2260.907026596181,41.245049504966005,3.5283515419561753
8055,33.95462644558902,0.7472930615635351,274.0537170689829,4.771951282462326,0.7639332959646206
8056,200.7645071433886,12.85030548760269,1704.8189574624105,30.848650749274675,3.0343429657811467
8057,21.491007680388655,3.0415315230061806,190.20490272683875,3.3382527119725927,0.7003971224162284
8058,331.9571545852119,21.6156714491881,2815.9499729178046,52.12566177945067,3.6893329181312
8059,141.72441212642326,8.31165737354091,1202.1262987636933,21.773313309882276,2.7735429464908474
8060,317.93008073285625,21.450149521756593,2696.6825106883043,48.63236933107258,3.9557734261497846
8061,208.78211258546216,14.029490710448847,1773.1047756402088,32.58248969032443,1.2907493791430764
8062,52.95669941923602,5.727492278751982,459.0637589120634,7.013657456881606,1.6439240103239445
8063,147.64072134744674,9.054062753514742,1252.7931915752056,23.38903388399558,0.9310513981512241
8064,0.9240804414574666,0.9541188927208323,13.305781114201842,0.07743864819869462,0.14745219800289
8065,184.80695549894816,12.59861438804089,1568.7119434184476,28.72205336819766,2.8367209739475006
8066,154.4735094166971,11.87018518566701,1319.3228566500907,23.337358774319064,2.7182545779816607
8067,63.55037998960741,1.8961454820995076,525.9756159246336,10.491220427781888,0.5123771250344755
8068,134.07937641243626,5.8295998368560165,1117.2999900370867,20.971402829556162,2.005355560792634
8069,73.38854920559676,3.9192243121083195,617.6446743005542,11.816523652809856,0.9336508017980467
8070,53.182788473188054,4.453265712830639,453.7302517473536,8.236243577131713,0.5938083993273606
8071,71.98024508082725,6.0447048219949755,620.4283589640319,12.165652118447596,0.6082896594973586
8072,106.86205134181697,7.589303341728798,908.5836008228039,17.955622657485087,0.2529134155994832
8073,120.49266152537098,7.199926012971535,1015.650671349297,19.436220387019556,1.4056502729715121
8074,129.1969772555658,9.283593143394553,1097.9711495450963,20.59768421531764,1.738044127093986
8075,238.48883511109645,16.41353924227956,2026.336110003951,37.32483815395156,3.2663085713238638
8076,208.8897602311233,13.963208520941466,1770.3298162518172,32.9593432576473,3.135412350521014
8077,67.89920732734986,5.961526131571703,580.2181281913786,10.532322582739225,1.6516394637177365
8078,23.638041326595165,2.610684182035537,203.50173034686648,4.243918141206628,0.5825766115939217
8079,126.94884470612377,10.857287164375926,1094.5531092432088,19.531658137894166,2.083030146033825
8080,165.3275196351255,10.830508920774793,1403.52750817742,26.147091682275665,2.2244213951916882
8081,134.14871263997094,9.209983592274241,1143.3008965408128,21.564973093989245,1.5218467634225288
8082,129.50463838388404,8.570373698892249,1098.0323669688403,20.6303781626357,1.417450718642138
8083,189.39939311685126,13.348192099025539,1608.9056463836139,29.4314036018301,1.5709787538782063
8084,293.5368075517017,17.7014000372816,2479.6466597692925,46.04934435512022,3.2017494266915696
8085,161.86873411280177,13.740458615420458,1389.9783121663215,25.100201289439575,3.102479834006714
8086,273.17656492412385,18.70838286030754,2319.7830330770835,42.82194126389294,3.3924447474672146
8087,368.42665023444357,22.67383312989698,3121.025853675033,57.68708470165349,3.6875517951482175
8088,48.0660366503374,3.4517696670990285,404.8197748966478,7.331128968006164,0.5969045372831059
8089,215.45225150594973,13.728835754468715,1825.8755856896473,33.37405921332658,3.6053255303980545
8090,250.6596261056706,20.28208289090648,2147.0982729075554,38.53974758004658,3.6842620044456122
8091,337.47929805254864,23.916428750789215,2873.883885663059,52.85738340030485,3.570710816389693
8092,46.34786195452659,4.817991658644246,403.4650965798099,5.4400431614642635,0.3836803924155019
8093,-11.794466009031083,-1.0312079619256873,-103.64782012217351,-2.681838467330482,0.25898855367522655
8094,215.14540202080715,14.433324067516187,1826.6619429373197,34.84785281049021,2.7317892173964937
8095,236.21375367249908,16.00438933432411,2005.8854403259365,36.405916057592165,3.0256852168563535
8096,342.33798305259944,21.69377888464593,2903.9510263892603,53.74220813358268,3.991507403364128
8097,223.37746137038397,15.481381251089095,1895.9711373334958,35.047308834293226,2.8235194856760932
8098,53.5650069332534,2.7651212710522226,452.64678003049494,7.490487418584941,0.6360213598839382
8099,3.1410910104984597,-0.41656602093377293,27.734469112724145,0.33043830372236616,0.46278751802054074
8100,92.76604213795108,7.762909815346418,792.5265981130156,15.690218382447465,0.5799547348833207
8101,-84.34753366955711,-5.898109192391355,-717.3390756976618,-13.374354394015189,0.06960607045258493
8102,180.32342730276463,14.26350605855488,1542.9102603984911,28.15595481994359,2.233954278628063
8103,213.77124431686804,13.804829318514491,1813.7097402614027,34.17255659163037,2.259120338108633
8104,207.24184511409103,13.783267296777492,1756.9417873290336,32.79558386506368,2.7696927461981504
8105,151.50669706003873,10.579487553723759,1285.9094545598339,23.19094809802424,2.691789710197842
8106,143.7476174700955,9.092967008579093,1214.8901587168739,22.803294166770222,1.7565538296437673
8107,165.6268006270403,10.402449088524236,1402.595607393584,27.417899406877247,1.1103598484666968
8108,112.73130202703871,11.566993367798768,979.831891953965,17.831635681525206,1.4410314685990482
8109,40.55761987350248,2.682048023044712,343.6670225037863,6.537047566393621,0.21742699522454867
8110,73.91190806380025,6.263624859139227,635.5111632099886,11.956667933829465,0.37110100319793693
8111,78.97449367756546,4.63542936317067,672.1943479832283,11.741289468243767,1.6994814643255416
8112,110.27763080601,8.519451434869456,942.4280031837692,17.13549772070908,1.3707587158191146
8113,10.770749358606201,1.072339074147615,92.42606849169137,1.2895369842392044,0.4875630030337579
8114,48.94425381410006,4.735604478336758,423.6263664794773,7.768800748811913,0.38840180723423057
8115,109.88102018552101,5.001039212629475,917.1919930185366,17.585767970679452,0.7606031732254732
8116,151.40678736763732,9.631649047604583,1283.485848438945,23.746102321142455,1.9434819010609026
8117,165.59978496313602,10.28133792761646,1407.7947754310785,26.339376116267964,1.4167652214449782
8118,286.88757054918483,18.064202962164458,2433.5663966236234,45.03429595193757,3.6046423297997063
8119,231.5380309341561,14.196676824646397,1958.208271122673,36.28881645509955,2.6496286964013422
8120,255.02537860906975,15.96493024559465,2161.7823720582223,40.57048514892201,2.2468159996752473
8121,292.4962762539508,18.129867490615403,2473.8757469192387,46.71358095946228,2.251724225794749
8122,136.15934664177598,8.68386255479725,1153.9192628138808,21.225034427441148,1.115516796001661
8123,80.95584234145517,5.2401379304590305,684.1602152328254,13.61079711619739,0.22944440719573755
8124,247.29578652369275,18.41488550714098,2110.407527445926,37.848479231631416,3.1608949917406393
8125,180.13252968143598,10.673678637713554,1523.2259595816097,28.050406898724404,1.933727578824386
8126,96.46508275191205,7.192450265935839,827.4781009238396,14.80024848894077,1.8098682709114815
8127,377.2073275970462,24.06387388224958,3188.9464125032027,59.03881370581866,3.9184807680241582
8128,330.1949104149617,19.01782260877566,2786.327922920747,52.31779236177126,3.4776220333164383
8129,264.9847234448355,18.371536543715298,2250.601504846785,41.798765852939596,3.096066771359518
8130,326.8156800013418,22.08141168721924,2775.0149982489816,51.441422088594535,3.9418255139999507
8131,168.69670649552947,11.589978109072195,1436.4819470846044,27.054153010840423,1.7572218111573368
8132,322.14395569760967,21.82510114846134,2738.02848088988,50.97457654758812,3.394369718596841
8133,-1.2440224076006443,-0.35724990849789817,-10.616042279140022,-0.23996444180416654,0.38396352370527875
8134,145.71860260280314,7.118835078797152,1225.5356642955426,22.728324960386235,1.8329521311222297
8135,95.53319054254942,6.378628427954584,815.3785552489933,15.746088613488721,0.1645495775850856
8136,205.13476770557853,13.662617116905675,1740.3897536914867,33.18432440361876,2.9053075170607143
8137,240.66945411913554,15.563595299292043,2037.1598596466717,37.9962887803028,3.627089847006564
8138,298.0178070926282,18.62979608814802,2528.3405300461045,46.376931698630266,3.4557623745601496
8139,328.4735787215327,21.38123856367554,2787.264615638253,52.311914946924766,3.14436136498794
8140,340.18955998226977,21.030323698501025,2881.14299418746,53.979449949906254,3.834601902596661
8141,277.08413841413426,20.096899375961094,2366.2419734926148,45.18395618216953,3.1398402625220316
8142,-22.320398228185194,-1.507319565112108,-187.09651528804682,-4.675690827509451,1.432303867643133
8143,295.0258853614744,20.76732487607656,2513.6025970485844,46.24295184454227,3.3234230111547913
8144,333.03146978672646,22.265815987874966,2822.069416311174,52.90994419324736,3.2516612444769186
8145,154.85130714064027,10.932649082435208,1315.1437947352915,24.96984758178421,1.8146751002338606
8146,48.295714364443484,1.0836814709604115,403.1931208264184,7.837762352955044,0.7176551657409544
8147,375.5187482986908,25.449087852940973,3184.549176722509,59.33428797347503,3.571044371923139
8148,226.68463386514813,15.831288753864042,1929.9868999050748,35.404736661976514,2.77937559886094
8149,150.2499873983422,10.419134192088766,1276.8286331376542,23.109284010446146,3.0005291930087705
8150,154.81489170628825,10.155593846472467,1315.6547584490954,24.19195506665443,2.7138113555388084
8151,144.06720376463818,9.725809327271635,1224.9416223518992,23.443563780446585,1.3062393733343702
8152,153.7382536355339,12.73754448297824,1315.5487710657133,23.3264073495136,2.268386831946587
8153,84.07383374769199,6.635094483218676,718.0538835046435,12.676959307950966,1.5659551027251788
8154,121.43794020519931,8.750317013465008,1035.2773146398276,18.296893206498257,1.0208843926871594
8155,-28.027094979576763,-0.5781116575818976,-231.10654992357465,-4.089931823789551,0.5767567773353091
8156,302.0226337128127,17.583818394546686,2543.3904989672815,48.40499391481403,2.661528244881059
8157,279.63829401499356,17.591752729955942,2372.9097740438765,44.24655419242784,2.2624156376004385
8158,225.24241616622376,16.808877657162633,1923.1481290449049,34.586585683671366,3.222299670777179
8159,174.6516248286506,12.023214005017966,1485.7901976894184,26.89144250477744,2.296582409918198
8160,349.2627222449152,23.49354904397745,2967.3925382542147,55.07500436120551,3.855185757122704
8161,232.26821647462583,17.85210269585224,1979.664070679725,37.57531069855096,2.124969083903147
8162,113.63827507225706,9.35696999423371,972.9989432792512,17.387392111753503,1.439477056868037
8163,219.76865447031483,14.319164369837315,1857.2535387046057,34.63362284950311,1.7415824597053144
8164,81.5046966313922,7.325352255679025,704.2890312503472,11.753645237899164,1.6720802607903749
8165,167.57076989523355,11.205164903071058,1425.3489165818764,25.46764145548893,2.177354755530217
8166,425.19240593404527,26.272079977065975,3599.885939679193,67.18508009766376,3.53215015550856
8167,171.29994925585717,9.088977288018993,1439.8393860631195,26.43901326958622,1.890769180582387
8168,234.11061543647472,12.650524258365166,1971.8498441969357,37.809626607262494,2.7236078190386315
8169,114.45745670092487,7.527661644598849,971.1060643974474,17.52709705552018,1.7217321144524278
8170,8.68525021279509,2.6297762419385626,87.5057234951312,1.57493814384015,0.10943133048290443
8171,35.479735442671,2.0003180856401035,299.9354370635716,5.59785231123263,0.6154000348736623
8172,256.88110797388856,17.248300491728425,2175.5948715520763,40.170733203199646,2.5129138405376374
8173,191.03971530546787,11.505299517942303,1619.3191163678614,30.187936396833674,2.854468482489051
8174,234.39000958390793,17.336611291852993,2000.5701085346784,36.791531833955744,2.7824703583438164
8175,213.9971032743958,12.660555317106569,1806.3771978061766,34.00489203806994,2.472324622985178
8176,280.64188275509133,17.000945342786913,2370.543038930497,43.918709357035,2.9416768947044325
8177,28.42779435015053,2.092106864664439,239.32127558801355,4.714901384238163,0.265083127350211
8178,230.76153991295547,14.606502180665785,1958.0221612324015,36.450702819232376,2.1709863761652355
8179,114.25032639031905,9.32185562444281,975.0551112887401,17.363872102668363,1.8114725009140549
8180,220.94590764864688,13.396809787405937,1868.3990727618768,34.76214392119078,2.916592295828633
8181,259.85550901797444,17.415162296649576,2211.368047901645,40.36342712237908,3.4365530284207746
8182,156.35395473683045,10.389047889746411,1328.011664449364,24.65845784853204,1.2243117077260166
8183,18.284320824028345,1.453330205441763,151.55955232217127,2.6371231325700393,0.5104908094096015
8184,81.93416472436685,6.547232221315049,696.7037817148154,13.189897522176453,1.4808089402184579
8185,191.70576447667514,10.856978933676778,1617.107641021968,29.592268385341413,2.3362798423029205
8186,217.44911849186613,14.69512742277351,1841.1111047919749,35.20622290974585,2.537196691459236
8187,194.45558821247627,13.43760518990714,1650.5249660885233,30.252884778275885,2.3496004393035066
8188,65.06514396604744,5.192909704101272,552.7091008426748,9.146995348458525,2.1745527001015157
8189,47.73151143800708,1.0851395080054287,390.7649387829403,7.3896162014546265,1.2669677400042785
8190,131.6172963378139,9.397781955508226,1121.8039187252486,19.681738026983087,1.8637021282520854
8191,135.15084965947608,10.207277189931697,1153.3162186698287,22.14013641259198,2.1084985088760284
8192,11.655013889726517,-1.666163722872469,87.67943387839726,1.0177190766775635,0.4417126650194714
8193,298.6398955833053,19.162205386509598,2532.3069664966742,45.660695455550886,3.590674503589802
8194,104.68658540440107,6.740915757330943,884.5159603890083,17.32288782751018,0.31197466946937435
8195,132.18400358422403,9.722280473050589,1125.5596020041262,20.604793685863953,1.7995370419487746
8196,312.7233747669444,20.35598711416556,2651.555064511501,48.121284858226375,3.9140499922928043
8197,116.91223870801342,6.4531449766165965,982.3001278299497,18.65809648507769,1.5886706998255131
8198,238.02262742684843,16.661105310673832,2023.8145312313836,36.67253883188426,3.038831636638775
8199,327.40134235360256,21.93428821217215,2776.9157411769716,52.36207465474694,3.2234129048153846
8200,10.640306180263412,-0.2440932679520582,93.19092367262051,0.6889212563063958,1.141633783994235
8201,111.05410177118482,5.5987288269398,935.7594307274135,18.1846321298464,0.009291874697716196
8202,181.4058969467104,11.550701129450545,1540.951591102578,28.659207547569963,2.264305311784683
8203,117.10042918817844,8.67324036380456,993.0127901416988,19.12393908133998,1.328548610396724
8204,12.343428699904111,0.9603503989866506,107.53828247642208,1.7680203684007902,0.3405739210113232
8205,387.9041433893131,24.444127016596717,3284.7248926543602,61.752191151650855,3.630145257009238
8206,209.63457424771366,13.060132279734109,1774.7019385850872,32.57929163450319,2.114415571575588
8207,292.3750468817569,19.22408202603763,2481.409831551177,45.51733537722539,3.5440732235556647
8208,91.58892206511511,5.397950896888581,770.0004871390239,14.91798495524315,0.31663006297981333
8209,229.7247609259263,14.922582999010585,1950.5899394454384,35.54999260936613,3.0302622010251024
8210,222.9303158322785,15.071424766812061,1892.47405775812,36.4961229206138,2.215199368729676
8211,207.68623764309652,13.871232291345573,1757.6355627687108,32.79190926214673,2.6482742332549214
8212,233.7330655812781,15.629617664213075,1982.7821540158736,37.39010827199802,2.3832044233747864
8213,-22.789725489249196,0.5858610583706001,-182.27602730356637,-3.5994000542496787,0.43881039277679523
8214,34.57623874436694,1.9001116188864593,290.45849914300493,5.39608556225003,1.1377770229126165
8215,116.65118421476208,8.381425924196904,990.6651479259507,18.637887428284383,0.9878686608321932
8216,310.8178746189494,19.34531524732855,2627.996418045116,48.677907064943646,3.2700855281177335
8217,72.79107592282409,4.959588202038208,621.0182682993858,11.188694544439825,0.6825351120518053
8218,220.4975456123117,14.37330948222232,1870.73201029693,34.077168883977286,3.5886789873639744
8219,248.61676142865258,17.615402158390214,2117.7318598774837,39.28748343705838,3.0892633299409327
8220,91.40203386954998,6.535944037090425,777.8438147323996,15.576941832500603,0.7438025816418161
8221,64.39638769911357,3.681624560058052,542.469188399395,10.289514893017486,0.39871063140321894
8222,260.03585777309473,18.24685468132664,2213.4720286178167,41.09501485771249,3.3506891556159313
8223,172.83032978600912,9.653698814951182,1458.7003314902183,27.30578075028468,1.8311999009181257
8224,251.66944581692954,15.27926531793548,2123.3816742194495,39.72659450395087,2.2997223897729078
8225,69.53146741571811,3.9933255435569635,584.6069449034738,12.081279671190558,0.2434423778434267
8226,126.97538943562279,7.204546952611015,1069.527456673511,19.94756348082628,1.9464271987693613
8227,54.3935506527506,5.376430784576927,468.35100463745147,8.445706654236275,0.9361369058572118
8228,236.89280108340338,14.622781634792162,2005.407604068806,37.09261708500857,2.3950198729580148
8229,13.96808965642625,2.3429186319250084,125.40170724111255,3.1602511316873905,0.5547505721651205
8230,72.97156429696524,6.486897923011497,624.6255169338707,10.799406675809019,2.1534968335032865
8231,204.50379156898256,14.239807006765552,1738.4291049786832,31.742155692567017,2.328458899219484
8232,351.17960362743764,24.58953425437589,2986.8912930636643,54.993422279730616,3.9623883412522685
8233,126.68666315172509,7.307463796370074,1068.4337674558356,19.261377525657732,1.0216476563961212
8234,12.648235542408397,0.34833942730856116,104.10157760635929,1.3594229981432109,0.4607808292005693
8235,222.1005443327876,14.556177134537293,1885.8443742952668,34.42562408731833,2.924079463468271
8236,122.83989972447607,9.08565819830339,1042.5744119208875,19.407295862307812,2.28476399447312
8237,253.92922050956494,16.263220727143015,2153.299929065738,40.44621533858403,2.571800096715788
8238,29.732641066315328,4.818121128677726,269.2527195882054,4.624231439486028,0.8653784527355253
8239,221.15157890668397,15.154494907954145,1876.2400485903672,33.57278103041866,3.5597458147010577
8240,161.46030164942533,9.421399401279903,1361.8730143499035,24.976462737730362,1.819558131048169
8241,41.869806643461935,2.958539312042329,358.70043407876534,5.732655009110728,0.8281415867264168
8242,268.1684968619024,17.88942006604006,2270.3726384601573,41.14103370417157,3.0658395957387468
8243,235.12022420730108,16.46127697271098,2001.8867090210533,36.90176493097479,3.274199113345611
8244,11.991607827418552,2.439267924159191,109.07312559369446,1.04320057323799,1.1059776122718792
8245,66.97744569462192,4.31905079214153,566.5347221641481,10.587193992083629,1.1944434799842405
8246,279.0589675894598,17.09277999933056,2365.6079558504257,44.59127360097082,3.1522089032853984
8247,116.86218100040395,7.378072102496509,989.4769697245765,17.99509134300741,1.6727856036035216
8248,43.29116884647886,3.5575202887956685,376.0096338083079,8.103203466902384,0.07095278216963541
8249,-8.972103959385452,-0.31036359927517176,-80.31948676652262,-1.5678740494651366,0.09963818146844261
8250,108.84361971261032,8.098395977992212,932.1320277211895,16.211651130600504,2.0385224527537344
8251,183.30590789311202,12.715446973695155,1558.4265008624322,27.74851792463145,2.5133359389179444
8252,179.51359846979392,12.156805667338869,1523.3988948926847,28.734648066506914,1.7369594756551066
8253,204.80958479146432,13.882110949816408,1733.8959395345423,30.600215682385155,3.3143483527534956
8254,295.55994629800006,20.594400278802798,2514.745781927649,46.354546876115506,3.4758152661609087
8255,174.0376025461508,11.636042781749946,1479.0984924504705,28.351553028425837,1.4382954561337473
8256,20.309902009661684,2.2776981460919825,175.37309796437418,3.067402239045427,0.011297455127175837
8257,196.08056909310005,11.471181822939958,1655.9256679348946,31.495741550360222,1.5258908093046974
8258,-9.759316590223625,-2.5897358738419443,-86.04208743660126,-1.5862046251659594,0.5974972623992905
8259,80.33898109090948,4.680932118683577,679.951817522542,12.909573661533711,0.598684054653682
8260,-11.644515920049116,-0.9803802405301986,-95.30600279682136,-1.8521305567502144,0.042175250755632554
8261,93.22473917642964,6.778993644544861,798.2611428652443,14.807208565112369,1.5068592871453297
8262,57.45991797754362,2.3569341803583868,479.4069670460803,9.543649359209036,0.7342621250395429
8263,80.84900764163073,2.7484156356958325,665.1871428781388,13.522014299913785,0.8829085718426981
8264,-27.841350855622323,0.7011467723557852,-226.07792888232052,-4.995200394609194,0.49154867349323883
8265,116.76946652307625,6.837002339047173,992.2582318632457,18.542685396722774,1.6286330861339087
8266,180.3244267711951,11.479873605932553,1526.7528379893415,28.60619929543816,1.5701991487012656
8267,108.70352295572971,7.890598003143446,930.1183579446605,17.080099923457514,0.9931310827239139
8268,188.90660064714697,14.794986143212812,1614.792184321937,28.980558473534415,3.501194026747464
8269,267.11551415593584,19.024246363026666,2275.581498527024,42.275846770851246,2.278219798450543
8270,235.80328340676894,16.031926698209332,2001.9322270564599,37.17600618726876,3.5415933383234175
8271,240.86020878908172,16.42909402724995,2044.7519497005228,37.92782370194183,2.657914435524441
8272,121.62224041978692,8.827092967910435,1032.1960089439572,18.538415719682384,2.2743514219068928
8273,331.80861282296,20.673576739748533,2809.7155343891045,52.105143303893236,3.7111456140392645
8274,158.4128829064381,11.10407868804655,1348.4056040242306,24.50404642767763,2.1472755905666827
8275,286.9548302652174,18.488763085252494,2433.916931108289,45.96403432016546,3.071909026592319
8276,179.4432109241617,13.315886544474015,1531.6213547447956,26.85565019137686,3.3623386700027944
8277,356.41423472224153,24.39123482100854,3029.215273144381,56.204170314810156,2.6655044258060188
8278,91.88228043216255,4.066446553105947,765.6367580384738,15.314137410813611,0.2331906956857588
8279,162.19923234865283,8.978323196962505,1369.1780955161973,25.477790676716427,1.6726185707278045
8280,252.73158008705832,16.157647856437208,2143.637022833755,39.37981554538523,2.994533272828846
8281,222.56717736992192,13.727052779214613,1885.8904419050139,35.045021035777495,3.5016830169554622
8282,163.61185708800545,10.078316903092478,1384.6255847384969,25.841108902381304,1.2766275419996167
8283,145.58837343490828,12.112845700729075,1249.782590311235,22.970808958085822,2.24131837802738
8284,169.52570016582743,12.360075117798726,1450.9634972898043,27.211050102846578,2.4410716418927145
8285,331.4991444340336,22.084457686691863,2819.036488796042,52.555074047783485,3.1130336056338392
8286,273.8496528938043,16.913826059833028,2317.38644800728,42.58607814070967,3.5363437563398263
8287,317.0308826755394,21.07177927070942,2690.549072968132,49.29950811755035,3.816997594389189
8288,281.8913659143464,17.214801197664983,2387.4930465052844,43.724808630624125,3.166697639526477
8289,98.40713437320989,7.453310526498574,834.631503443374,15.310633518279726,1.5096745944189438
8290,47.06965160830319,4.465253250305019,408.7761228606213,6.665081981265152,0.885448235573409
8291,36.05615678841763,1.3892072392752686,302.7789336645888,5.311850452473032,0.44104397278733387
8292,216.0009668223511,12.473999741972735,1818.3083254166859,34.452265434299704,2.5594503729139113
8293,72.45742727262429,5.945913401194634,618.6105644877638,10.974142717215218,0.943147297937672
8294,-2.083732394631003,-1.4688839236063602,-21.06427000885082,-0.46566565951208894,0.47731555445327656
8295,243.86379214505487,17.284077064639348,2073.708696810886,37.79438128212314,3.180326407825192
8296,259.3411566868447,15.470638522956786,2182.0982755286045,41.29006964760628,2.286031385890549
8297,97.58183898497546,7.132061285603142,830.0821035979227,14.52174677851664,1.3561854256191483
8298,47.70308850121067,3.918774894411084,411.10095678792436,7.766175413405632,0.1979830744997515
8299,0.0036099112232581554,0.21948469523241343,4.249513304646622,0.5575451518885504,0.14776941352057005
8300,203.62209709940518,15.101364589711139,1735.9282011465307,32.32742788002705,1.569237097726076
8301,56.68247260656093,4.299592269543114,476.50808223885934,8.022807495003134,1.1169215719524974
8302,295.89531018573086,20.15107291782416,2507.5412582550975,46.35221865802433,2.800780615612916
8303,70.03087092913219,6.719037986759939,603.4465335364125,10.322217665100935,1.278322633546078
8304,131.0351521068859,8.66753468336999,1114.4669060353644,20.148934304305232,1.9056229336253772
8305,46.96160997114252,2.423056166516932,392.35376627505514,7.442909719897633,0.020248140788647007
8306,159.49909851078252,10.40453453651033,1347.7645726973626,25.026405009891775,1.9831603729135399
8307,317.328970810233,20.583563193736524,2690.4451034235617,49.73687571361502,2.9706240615522956
8308,78.16365355923605,4.729295766548071,664.8651616040202,11.742895273256972,1.333330467258118
8309,196.70136806694342,13.90855168984063,1670.7512884140401,30.45513085256919,2.8733272535228505
8310,105.41955240346297,7.499378072376226,898.5599248469314,16.957050507682638,1.1403209069317972
8311,227.68651785696875,15.745383630127986,1939.2602746593207,34.8785280094155,3.71809975440701
8312,140.49616739136036,9.822048975992278,1199.2062522499732,22.93296876662353,0.6822467277989075
8313,134.49765202202477,10.53209069209141,1152.004759773048,20.88318550015666,2.2057440969023787
8314,367.3605810204657,24.084371746720713,3118.038540678375,58.59537559101951,3.6757586658349855
8315,250.50730777706542,16.55874790184773,2126.731311644631,39.37123608333039,3.2291567688404137
8316,17.183386755756377,-0.7012536798154874,132.09785376991093,2.2843426158635047,0.12808203836559917
8317,2.839155051937703,1.061666068041041,26.711059544165597,-0.2991947317574488,1.013477744694037
8318,-11.536092532145574,-1.5398822889369552,-104.87688758961731,-2.7815401311299293,0.3135359284189043
8319,91.71664855129855,4.550582987566545,769.1002161010797,14.147547626455292,0.8810793805546222
8320,287.12084181011295,19.918411667266117,2441.6523256122186,45.514644865292944,2.6106338884795237
8321,59.6617902899254,3.254722579582534,502.11252071899327,9.973076771522813,0.4533687532696571
8322,13.475626728177927,2.3658669120273763,121.63886463982085,2.4333543547960867,0.4841304130738182
8323,87.94313639292712,5.682912817476211,743.6295586617542,13.959737861217418,1.2953518689827677
8324,308.5398535385628,20.84297119990987,2615.508432711085,48.51529777998754,2.8677418209494885
8325,-32.6660894605264,-3.41854541932444,-282.8882297785384,-5.270617903088281,0.23992861492773843
8326,307.4017777380615,19.819221564652796,2604.845353201091,48.93315329140529,3.3571175560777524
8327,87.7773714587888,6.194286207115028,750.5601981370793,13.861506986441825,0.7781791596621459
8328,223.56176277245115,14.738009451827795,1896.443394565815,34.76446060316803,2.5105413001296615
8329,94.11238570150574,8.015889972768953,802.4122025871678,14.106812379173832,0.9816958063434567
8330,42.41183478667458,3.6727138844844465,363.09980033669945,7.10283270843906,0.6268138493484217
8331,-3.4484241603438783,-1.685342345709377,-29.23788770435217,-0.5632600124709257,0.35993989420084116
8332,163.5427049501514,9.449074420090337,1376.0832935676333,26.505437639889067,1.369397003614123
8333,259.652153339504,16.309947711359268,2201.8947092152994,41.179103369513825,3.365345430234583
8334,336.3279189972939,25.140419056351426,2863.8158845724956,53.20515304062057,3.832786818528648
8335,77.27671296364446,5.065537478843971,654.8586945001409,12.345880509473576,0.3787643358483397
8336,83.73510388358861,8.048031741133132,723.0145386752024,12.985885478236202,1.6282075313979774
8337,-35.92453550712019,-4.397497674122087,-312.46814854334445,-5.661732679889286,0.1027498156470954
8338,122.30113607132999,8.005806409892294,1033.594307350537,18.610632522684487,2.591998240343546
8339,133.37603308062356,9.449397987447119,1137.8170952499283,20.178909796039395,1.9688224368188485
8340,181.02197188341484,12.355128789159867,1540.8631430423623,28.664817461196005,2.192115646579882
8341,-2.747948472472279,-0.07286108115838585,-23.236121801890132,-1.322614591100765,0.6856892519360889
8342,383.1821531478491,23.996607943042562,3242.1565878748074,60.02494351813235,3.7094929071398925
8343,331.0263936971764,22.32068829811736,2810.399293562237,53.02925096543351,3.753556092959663
8344,197.27955023295,11.204029856370681,1659.601409101756,30.175176572922265,2.8095110089172004
8345,36.54384015289573,0.13660365539461417,297.3646506099357,5.082779771696911,0.5057083718542033
8346,157.75321670683596,13.065681310555782,1354.4465258801438,24.497564033267086,2.4918879653903434
8347,49.751069852847195,4.532675929932405,421.0770433927623,6.491573137916625,1.673547335155567
8348,-12.748995527766795,-0.1796019632905761,-103.64356033503317,-2.6207089139985467,0.8331702846694347
8349,118.25065208470359,6.141743044126788,995.5070186521615,18.333973735837198,0.8486568235311851
8350,297.5495426211,19.10839482217373,2525.144828449695,45.93443606906375,3.998632606975719
8351,84.6186177090415,5.9865583940381315,715.5419747408938,12.995640226630087,2.0660505357632974
8352,199.7978108102951,13.340567195446432,1697.0378458403984,31.443276558814635,2.0130175379636546
8353,5.724137732813483,-0.5406571052300055,41.966327156916385,0.28361427004453654,0.6164997174481757
8354,102.17892917877384,8.826105280403675,881.8633777428704,14.876134084450342,1.960064182834857
8355,311.31195004380294,21.637299896732465,2647.022735625151,49.11855265774559,2.8535347312010533
8356,242.23565740555878,14.612547406843508,2045.4660133500258,37.357638860096294,2.8090449837584752
8357,89.55885755405585,5.730865218700887,761.8579930630709,14.385159650608998,0.7471742795877865
8358,25.607148167960705,1.8879650740258371,212.17863593654624,4.39483205448553,0.15492459948708248
8359,145.24668959148457,8.973779340760093,1227.6082161179593,22.67323263518315,1.2890275324541198
8360,16.56244311736131,1.6994960186124883,143.79468357971902,2.050083039579462,1.17959650743445
8361,266.6108691292112,18.89855784984321,2271.6579488819725,40.80934237991206,3.2857145993339127
8362,387.10236774451005,25.145525563692708,3277.5533150276356,61.52119737366935,3.972647589771189
8363,15.978221622125874,1.440343858834825,136.41440379549803,2.4589859846895648,0.6577087804931945
8364,88.95104372874093,6.500275088087175,759.7727422965246,14.487330628623779,0.9229130135387269
8365,100.63799189207434,8.315972615565743,862.4270696923845,16.282723690658578,0.9952710891121153
8366,62.9047564620398,3.7155989751011176,533.9230936092217,9.388341783495623,1.2903267824042262
8367,261.95814970907963,17.28518230841026,2220.7940677434412,40.39543812392448,2.4478464286200317
8368,174.16134794542893,10.76074846011155,1471.4805725853194,26.789752970279572,1.7867152885218704
8369,368.33519154244016,25.146094259057527,3129.7343370333947,57.28680272608156,3.6455066315569726
8370,109.74601825653832,6.800733832780485,928.8983249065051,16.468410361475343,1.4041352127452424
8371,252.72905422518738,16.088319057070876,2144.437145683417,39.99383568300394,2.57082133968851
8372,106.82639963694687,7.08762648573018,911.7001647438999,17.361566920133093,1.4775731420484375
8373,-10.496701230220392,-2.386735971687708,-93.23639680900789,-0.8916353079357409,0.028468984750592785
8374,261.25637374195185,16.442883796380592,2212.319093841157,41.14116349855874,2.1335079854678036
8375,110.84952696137394,7.748626288891346,938.9020304768026,17.38989504707381,1.9549598183651082
8376,200.79697772229258,14.194149213852985,1708.1745317666364,31.202387922407212,2.2768509065091855
8377,320.4175871920104,22.15100645539622,2719.362392893023,50.013817609428656,3.464921471368168
8378,100.76107468181378,5.868933190940754,845.8641914810054,16.12594956319431,1.6791869499718808
8379,15.67918490091993,1.223260474916212,134.44003759004192,1.9116122773541337,0.9736326511902966
8380,388.23922446074056,24.155767643722015,3292.822792534727,61.10866675744986,3.476788226966447
8381,78.82442801755485,5.1238049965197,670.0279694209144,12.045943809329284,0.40503378942387025
8382,186.17135171921132,11.863228088045755,1579.6758484718066,29.410715001227448,1.4951066767368624
8383,23.845174662089647,1.040546823844589,201.56319239391112,3.091406204268979,0.8094673499759195
8384,206.00727060245023,12.719814442212167,1741.769612504567,33.03026421900975,2.4110770531708208
8385,251.32541368640008,15.935625488393697,2128.2168297851117,40.329369724104616,1.996259169617598
8386,62.407613275135446,4.013363323943684,527.1818730568187,10.289538290928125,0.14370762307165297
8387,175.20290510949326,12.733814854680041,1495.2273862918144,27.61891375452434,1.9704188096705288
8388,6.2615866667031606,1.083915148636529,58.77708764686096,1.5848685913942968,0.057162378484509446
8389,136.49720491905515,9.900799031824427,1166.1219005595146,21.583357809386808,1.4619726922814826
8390,101.80114866649974,7.4630052541145835,862.1681385315235,15.332908450216202,1.6121522030214481
8391,67.1626429017418,3.4977393996186823,568.8999594609614,9.996093786306195,1.3292117726477817
8392,34.74708143939308,0.875549781663425,287.47964539042266,4.56875646913077,0.5421501143080918
8393,226.44118901886142,16.586651771446572,1925.8720203682292,35.7649374384333,2.448722061375952
8394,219.11476104642986,13.045554162585981,1852.0986754300577,35.00389801429168,2.01504449216309
8395,183.3774672619966,13.006429511326381,1558.6721684998026,28.192424414838957,1.591090518925117
8396,17.767119317176753,0.46997581684747036,148.02449128398786,2.455940253422332,0.8933308008388967
8397,80.61739535235903,5.257406231203455,679.8476707177973,12.763421395566095,0.8936437575218465
8398,49.293442384336295,3.295979732169309,420.0944899754551,8.323390862557591,0.009926180329951517
8399,203.39900325768377,14.190846721962476,1729.2466846251689,31.90407912374129,2.5135745129429945
8400,66.89683323861608,2.942528431638457,561.1388515139071,10.847720037556506,1.2332709618565936
8401,195.88057838886803,14.376257586058095,1666.3287725649561,30.253705468440497,3.2051460969335936
8402,306.44297560910155,19.073252240139205,2593.111368270403,48.74102055470338,3.061889121489573
8403,229.56631293540448,15.075344966021868,1947.0138361023546,35.77951812065413,2.228275723574409
8404,113.45419620050768,6.345528426163874,955.7196118538698,17.581158597010422,1.6556206966937221
8405,237.57783453745864,14.62750333913943,2011.9964642355953,38.556486248759285,1.5537656589205207
8406,172.04959082931956,14.398668252197133,1473.522423065031,27.07339239146556,1.6043384377100276
8407,116.70796828029168,9.922532724284807,1006.8869557266562,18.175035253434576,1.5931909679780833
8408,263.49828825567937,19.18086951912052,2245.2228228060403,41.35816211476724,3.2871421166054295
8409,46.013339592178156,3.9108101904973207,389.90484544942285,6.265045218783723,1.760263200184561
8410,400.48246714647195,25.89762411786667,3389.5346961776527,63.62406192379796,3.5560069256073716
8411,287.8444378878281,19.128317576676277,2443.983730641864,45.626520022343534,3.269571077670397
8412,262.16477440686737,17.051006194603776,2224.6379551519153,40.4846518224985,3.2709261029771555
8413,146.45721080099915,10.334935961188362,1248.5120792454325,22.63475929753682,1.880185898359854
8414,3.2083216606038305,1.3855172962767441,36.60547133982003,-0.6453315099272756,0.010848032190870605
8415,111.66118861336957,7.188620234753404,952.5547514734947,17.42048335197806,1.4308609781702302
8416,85.09817594349728,7.911431825185481,726.1888665436892,13.410299013204074,0.5020298468556263
8417,19.788174264581404,1.4786863810329454,169.9767257971571,3.602255366884266,0.3574354298467468
8418,106.41802360491714,6.325722989035862,897.824746197731,16.545473915568266,1.8507223041129812
8419,65.41681192289411,3.3617002953316066,549.9610978272705,10.031731260771188,0.3381913934228762
8420,258.15647355414944,19.302205438296816,2203.610120944882,39.39086739796328,2.9779683144332765
8421,261.6729092262353,17.463742748051235,2219.1961154696774,40.62522422203897,3.269680738052185
8422,77.85832407328661,6.675916513017709,661.6357287221605,12.720977394959723,0.5338189939995339
8423,177.35347077983943,10.544979001590804,1496.7265997839397,27.581606141664135,2.6650088205105633
8424,355.04460041203873,21.60565520245474,3001.8348994339362,56.3019276058336,3.340086475227284
8425,236.41364402420106,17.169393272771142,2008.649051531137,37.52912266569806,3.2920202435865273
8426,12.564242732513588,-1.4638800725751313,92.00186910465716,1.4446637396467485,0.9124799293639945
8427,107.35786836925922,7.889726576378829,917.1300384871437,16.407796134690795,0.6982968776635712
8428,153.51654107811666,9.105876781053658,1302.5050191509902,23.98335781528698,1.9644501172981808
8429,-27.983745661655256,-3.021435006239418,-245.14308107286507,-5.716856003831665,0.09240383452581336
8430,397.45625476053834,24.182972724843648,3358.672712981977,62.02275073217662,3.9300669906269943
8431,290.18514786940403,18.42107449645426,2463.24850589253,45.412052491069794,3.956435085298006
8432,-21.328557975300463,-1.6911640857547738,-178.63443150814234,-4.27274332859918,0.14421030038840454
8433,164.10984786779375,11.816783923618484,1399.7547758290702,25.44037203419478,2.8779656151425392
8434,63.92232049451702,4.51363377970476,547.5465939276008,10.378315901813862,0.6083839739525065
8435,25.884070399303667,1.674339104837891,220.24938105678035,3.8628928923112684,0.39099274148977914
8436,185.23489121256333,12.645751788539734,1577.6260421207246,28.455456855561447,1.66958466925158
8437,241.539086615812,16.88106017346196,2053.371888847703,37.51225525228454,2.577269625857319
8438,288.53115886790295,20.281613269328183,2462.8765670828393,44.94787533689518,3.6012410399751937
8439,219.59723375125265,13.005473592022216,1849.351631614321,34.39623988938102,2.9712227261871464
8440,116.68097093577498,6.106112657390671,974.9488716721185,17.767787728203217,1.3368594699157703
8441,102.5802363914232,6.772823557738386,871.2959402438343,15.058449982416837,1.808567796633505
8442,330.9532617635765,22.061388509183814,2808.5183218528264,52.47510081891808,3.7516254054135274
8443,215.12517843628913,14.149527536836054,1830.8271763452751,34.681296535658895,2.021031644052102
8444,136.98208838856962,9.252393969377506,1161.2049530538,21.529969245296915,2.3136445723368206
8445,122.37266292935124,8.309601374911152,1038.4073959219124,18.800947451934604,1.2364453408849512
8446,273.889868256785,18.71832053153289,2329.152651688567,43.300960743542355,3.0614546604955772
8447,94.35282493548793,6.939379123927493,803.4470893878046,14.745535608045083,0.9958210030659509
8448,298.9332990807935,20.642309170811778,2539.73744092757,48.461265143390584,2.7336692659219435
8449,119.13105032506093,9.38963676584562,1020.8461300655763,18.496565017478552,1.8380608137564338
8450,313.9285512084185,21.580099894711356,2670.728808996771,48.912154958443296,3.6414021254753335
8451,277.1319320284865,18.097826687750786,2344.267182528074,42.31591659240833,3.0020774402677857
8452,240.10431687363405,15.852963144912533,2036.266655591727,37.742254323317574,3.204670194543012
8453,27.305290380668247,3.3510542140470623,236.55815049018466,3.991761286874318,1.12299132836019
8454,54.56259755453362,3.356873682223092,467.28644375641846,7.935161881428093,0.876017778331204
8455,92.95105512418837,5.310330381251875,784.5128430921603,15.59456329481121,1.2348701059547706
8456,76.04535914656788,4.7664506426609545,641.4639554200937,11.379728956096109,1.2014483072405913
8457,194.6091208421707,11.462056375362154,1643.0717178194866,30.377124245150924,1.989648829452531
8458,-20.934244857210416,-1.0577358070359049,-177.612911945355,-5.024969404920809,1.1316926129572331
8459,192.69752241719536,14.752787820669633,1645.6228690761695,29.928421336454928,2.5227366392262867
8460,57.35715898129162,3.106510015117852,486.6845755661427,8.459149112156563,1.5049883423218646
8461,331.9310854914682,20.168208085606082,2811.7196310995314,51.43675626182478,3.9003263716558205
8462,185.08223699420282,13.702393575075202,1580.3927145255177,28.305633903149122,2.755963473692907
8463,123.01876416797859,5.670034402101802,1028.1143847412463,20.361786891618706,1.4942926162054997
8464,269.4982443940807,16.847338671159154,2278.7852349235395,42.5314849944534,2.987683723294012
8465,210.9112903999844,14.17064150147903,1790.451880404523,33.25689504856189,2.9666036934922864
8466,348.6814970283738,23.692394967494863,2958.0220649038424,54.425413594266615,3.900832844215755
8467,21.59832926588192,-0.3814046720773375,175.6664072064116,4.300184781866093,0.13739234422260882
8468,326.3481020115442,22.106950114353687,2765.710835532734,50.615932187861915,3.373567904804546
8469,111.0755270742473,8.290001697255711,943.1021313940555,16.411592424214316,1.8142303798995405
8470,115.2752232072118,9.300392276674978,988.5474065378629,18.43799000522139,1.5326154085013832
8471,221.89292850586057,14.70911660371888,1882.8446178796407,33.97732990450488,2.442465923817606
8472,114.63655352772165,8.891996130447879,980.9114716934018,17.60456365427781,0.9727232345024723
8473,163.48933971116128,8.455001582894884,1376.849372825541,25.242684343677784,2.0865923888014204
8474,354.3936650703945,23.669250507196228,2999.1620917357855,55.910659721510726,3.681702711306696
8475,184.4061000655602,12.127135189861995,1562.921327116116,28.743023438580373,1.7133217489073553
8476,336.3757130007731,23.531014164441505,2866.4616258632086,52.88580462145756,3.8508996816355525
8477,111.80230349191027,8.06628745272911,948.9088659940808,17.427392795068357,1.4817217043541921
8478,-2.7255396449024314,0.8714860945668654,-12.354346909707724,-0.4042751591445173,0.071820592507859
8479,66.78150072527404,2.8433643504250554,561.9559221299587,10.043434738858094,0.8956855525010377
8480,21.715185222731535,1.0955027769901386,177.20366339445772,3.1773254752345252,1.1887954836155692
8481,251.88368608440308,17.103946259101708,2136.093349551873,40.411300213304195,2.2416532825865767
8482,66.45586970723319,3.069835240335009,554.808147849041,10.293603420057817,0.39809323097240235
8483,61.2812481366194,4.517084927371711,523.0610431578408,9.986444097247075,0.08422865747146435
8484,139.3926393069471,10.699611585642836,1193.2919659348406,21.005486578467245,1.7303798624725562
8485,185.39404246488144,12.89579344768595,1575.614773657772,28.633749664119115,1.7700702120056735
8486,182.95155556322496,13.235470475103392,1553.3054666840324,29.103461544054305,2.8925827646807813
8487,126.95706211086528,9.659867220723704,1088.233988211932,20.421733869957624,0.9463945453056231
8488,120.21358954212108,8.598586785542778,1028.7772857580528,19.535415607886343,2.0825387307432424
8489,36.175600406379864,2.4347053807640373,305.8328993396588,5.91946530776304,0.030796204350565404
8490,55.459465014168394,5.186195832588431,480.86803399364544,8.815281626141282,1.4978801035359495
8491,-1.0213507627271263,0.3136688579071172,-11.280194309089229,-0.16697868106704805,0.2582573637052148
8492,71.97773893948775,4.197875726227716,607.5116064491294,11.163110889000553,1.4450511276691
8493,-47.569872809968345,-1.2195384143441972,-392.25710748282063,-7.33400549414448,0.7704363672824894
8494,72.77313669436128,5.6160938167864325,624.5424066725707,11.836710551277514,1.4047563932769105
8495,201.2691379961462,12.975406799053223,1704.3463953222047,31.069355590612584,2.6650370524695726
8496,-40.56537640568129,-0.9382210801048199,-336.86004602154077,-7.842102914651877,0.2810558120362039
8497,-30.047435401675905,-1.3360655154929308,-246.53966419683195,-5.319801629729438,0.01995338861688456
8498,168.0343035969315,13.705709759755747,1440.1261797770815,25.970148033177722,2.73069906663883
8499,92.80300364032355,7.505720788568244,796.3588365215365,14.56816029132586,1.833161016157261
8500,-5.4312952134460435,-0.8845852542223733,-51.8768220145448,-1.2341427291507467,0.02006141836853237
8501,1.2546562331977156,2.2404104765850374,23.278803114311163,-0.5271754268308637,0.3248169826525049
8502,119.47295164306908,7.152439586027713,1009.8006921939555,19.529834738402165,0.5615774254348014
8503,108.07079173394587,5.831986877996976,906.9843904707349,17.417700367100043,0.523493342287547
8504,331.73431919598823,23.232061925284178,2823.1355867279713,51.47611643455348,3.465916398742784
8505,223.46684118923935,16.273256608244452,1901.124965349472,35.614999314226736,2.4802730061056417
8506,317.409077967627,20.62143665810269,2692.8728246011738,49.172877743897686,3.755029251377281
8507,173.82356378339094,10.540511590480477,1468.3962278137242,27.73873582942376,1.8786551750298899
8508,95.45799020053244,5.189458204989593,809.6428092406317,15.179017542200315,1.5020337504452694
8509,-20.36418169720649,0.7878382748681771,-164.30171153660007,-3.6389381582352733,0.07899566969987859
8510,305.7566909894932,20.90266382416051,2599.511747027343,47.38248834707228,3.998235266435321
8511,292.4594810385816,18.705314361600294,2478.081827601847,45.633850482616836,2.6875160867687122
8512,121.50923509503717,7.513081569321555,1026.2904153903285,18.62043263645658,1.819928041530733
8513,169.09310501795684,13.110706115534894,1448.1638685417627,26.94384497880981,1.90596431859781
8514,131.3985667879225,9.835548908000735,1120.4691505147166,20.119765804653127,1.9914012711043272
8515,101.58515799153116,8.297165098190598,869.495153627308,15.974976726650654,1.679057427343042
8516,316.24032214143466,20.390069584512307,2686.208992689534,50.57763642164949,3.06339656015458
8517,225.2288774896384,13.126512385227366,1901.5079279057634,36.106813921049095,2.2598444825758803
8518,129.07751244409988,10.447923874789682,1108.6890719910948,19.421351034415054,2.600835131672732
8519,120.81362060228673,6.0297943811050345,1012.1054999168598,19.8186582029307,1.3811854271644144
8520,-0.4387905188933301,1.442334579018753,5.588571411636851,-0.9909411037581055,0.5813714304253765
8521,238.78009766961515,15.479518975016653,2023.2764602857198,37.63864479260631,2.8845201274387238
8522,79.51299747893094,5.325131857411874,675.2429787534945,13.214304552408638,0.6164077967741757
8523,124.87866460308976,5.812836701655117,1042.9742546128525,19.295445397122965,1.724738813699798
8524,378.549989868976,25.37657081485564,3210.5134506693475,60.491774082976804,3.0653791010334275
8525,88.52229321890631,7.592945346457432,759.53627162411,13.267886664664346,1.702212568614104
8526,115.62241965405177,9.362716700033122,987.2503279139098,17.94920413454302,2.1160439558041375
8527,246.6931135362706,18.709092157824468,2106.3835266530605,37.90104128459923,3.5287868264016935
8528,94.13685364281551,4.783128421842529,795.0093867015114,15.310903099313823,1.2383265390172866
8529,34.48618642183458,3.1997867806937856,296.73375334738,4.855809919807866,1.128967366371561
8530,188.05127885867722,11.121849435531837,1591.8419739021476,29.4122463044514,1.6419592129618126
8531,62.448153733482535,5.213176737576263,537.482866044445,9.818740051188694,1.0970929786951018
8532,96.34452829420647,6.824583977377757,818.6888069789255,14.772402421974466,1.357950106444377
8533,-15.583856396891164,-2.865264440771583,-137.46158788373194,-2.5852940487600513,0.05571227993443095
8534,116.94434497068566,8.234834522936673,996.5495739511408,18.73372449974461,1.49374508803405
8535,307.809906017746,21.202070049871715,2613.581388044825,48.14092552361287,3.689889838491787
8536,151.65866437033102,8.40329963206259,1281.258274053409,23.12413770566302,1.7940835587000956
8537,217.95906260922237,15.080647282110753,1856.0587113719844,34.632889461560055,1.8391843049380325
8538,-8.204881833254447,-0.09913568171436027,-67.09353391119436,-0.9615174698629212,0.27365075595952293
8539,179.73647708467604,12.339153812734162,1525.3515739921195,27.73482945014603,2.103548897440104
8540,210.34000675167266,12.148327394843035,1776.2239902332362,32.966937697489634,1.773430196852265
8541,-46.634479830829804,-4.01213421443156,-399.02621808056375,-6.7697933488324615,0.29349883674835064
8542,100.11240572396105,6.299116689184023,846.8429983107362,16.42548196289541,0.40383216719830584
8543,62.09215402936283,4.056178253716892,529.389681273104,9.750070448940097,1.9951421585174418
8544,329.33059706560533,20.925527349426993,2791.400226945427,52.382085210486174,3.216026482470426
8545,123.12072230424072,7.479044414316643,1042.10728863463,18.964668245025962,2.4637432767732648
8546,52.241002150657906,3.8516880806678992,443.26214646671224,8.484825826463036,0.8272919936332621
8547,-7.90707101839436,-0.18410371694291294,-64.38018410576464,-1.6422012568008086,0.3343205626955901
8548,9.661984824273215,0.7429445489763145,83.31676204329527,1.061576948158153,0.016745154262854722
8549,78.31947749590317,4.213367985619246,656.8419794185817,12.756214421607272,0.7787991470573523
8550,344.866696304743,21.613139154828527,2916.484088447161,54.48823787913068,3.619707292679481
8551,52.49163916842892,4.277318454417108,447.19001574901336,7.336243044281056,1.396591860774334
8552,-3.0847893762626306,1.1947326284064785,-16.259264184659227,-1.1865506708175086,0.7589802938466939
8553,226.2970985200472,15.670059424104108,1921.775437066542,35.872959118076324,3.9535329635770746
8554,-21.672364832073796,-0.21092212732365165,-179.36476324347365,-4.350307848385113,0.030981166983289565
8555,-111.40681452270351,-6.935877719505153,-945.6586617738529,-18.718005249535036,0.2567233345593696
8556,108.03065218858501,6.835630181373653,912.209102863668,17.11556638072635,1.3763048611066293
8557,259.2955540918121,14.95844544487132,2187.1740828871602,40.978944947879015,3.4950786656277844
8558,88.83326286190152,4.022053072383017,738.6132442627272,13.754601752002706,0.8024824807016278
8559,237.8003042093368,17.144553257732323,2025.456532948454,36.836253938479615,2.593214595025435
8560,89.46212259178083,6.181796872796473,766.0335110122592,13.92810726524763,1.2345449878620678
8561,190.77701655891937,12.659264589627725,1617.9727083118996,28.94769076728841,1.8318818570514601
8562,352.0980633276255,23.99196753718452,2993.1812738617505,56.79331981223993,3.5808131778472507
8563,30.72755881972326,2.4290696862801355,263.4979407559273,4.887309959308665,0.32783667628832935
8564,238.57807730539778,14.814448664986756,2020.5153311026186,37.030052801837655,2.7530321916604175
8565,173.45899745369496,12.833551163417841,1483.08451146769,27.579894150183783,1.6422113141813592
8566,73.6927531418932,4.530832966749757,624.8101696309809,11.256646464332128,1.084390797511733
8567,309.4950712880111,21.233172552645478,2629.094941579133,48.77703222062087,3.573920172458207
8568,-22.85329827390818,-1.8728237900776694,-198.20405044035715,-4.49374728996693,1.0642440682443155
8569,143.96190939831126,10.09655511236581,1224.557047239248,23.47007756753632,0.5775912307835047
8570,32.25426293939628,3.415915865951614,278.3918047448562,5.49524825103974,0.28875965686362015
8571,165.7106535503583,10.063510520969288,1403.2959070223185,26.132392962148682,1.1985704519132088
8572,223.78284766280154,16.03756549765439,1904.963342280435,35.36760929962594,3.1258236434636975
8573,195.87725984508037,12.638946874062938,1660.334879877223,31.247826319046435,2.264766498370166
8574,19.351467923986842,2.7019916159390283,172.22792272252684,2.630792681583756,1.252552597871289
8575,335.39217760031187,24.139237054371712,2857.2141641020426,52.746134404689116,3.77284058936677
8576,104.34647981106204,4.529239235037838,872.794074218145,16.502654726310617,0.6168953811044968
8577,375.7897544430089,25.461261113728078,3192.015056880435,60.110340114696285,3.8116129383735284
8578,282.9981204667537,17.287334553525135,2386.490313428169,44.01222732885859,3.4635951160560987
8579,198.39040077114743,11.009838324642967,1675.9460859090614,32.80271676217987,0.9241770735378703
8580,185.49592255602127,12.83789236033935,1576.5144274483473,28.9980462751908,2.1664383124690225
8581,296.56136981703946,21.306877725015582,2523.8643908722074,46.60530021662789,2.6157876850172506
8582,41.301225428398624,0.8951431904119815,339.6617590273803,6.62200621492161,0.3317783238819185
8583,252.93735660836657,18.65568371661921,2154.5024059441735,38.46644228489835,2.973932850201164
8584,253.285274440541,15.223190657113115,2140.9967772525542,40.519295770704005,1.227016932202977
8585,92.5562350895034,5.577686796668541,784.2293468360023,14.405402831162464,1.6792180348641916
8586,300.93436139950705,20.079695972321243,2552.6781366604455,48.16754123130889,3.1575978631248574
8587,358.04266534227963,24.3434960107071,3045.1379538069978,55.95044052494259,3.8985569583937636
8588,258.90912093426937,17.931270009737908,2200.599085778807,41.097400655390594,3.612619686673792
8589,23.971136232720628,1.6597967996056702,207.16273194224274,3.5582339310715674,0.32616341086525846
8590,104.6189777890522,6.287031131975739,887.9475676169366,16.24110930601205,1.0828922497532512
8591,265.4733657827307,17.461509909981864,2252.5804172412672,41.837742534110134,3.2713446194666247
8592,270.3242843309206,18.33503079195154,2296.703841563428,42.626268374333385,3.1324730096582702
8593,110.94890958955115,6.800443820138664,939.0008155968386,17.49231865927182,1.5303648716498723
8594,107.06487244605472,7.031017936621907,903.1726691304833,16.131191279250945,2.8209762102558464
8595,78.25005738752212,4.84441454831365,662.5506810674533,10.974109097962588,2.2811072819960163
8596,110.893420277617,8.352091899116237,947.3739575189396,17.01669763659033,1.165830138708356
8597,203.98909586324507,14.44166650131871,1734.8235167891032,30.895213944733285,2.621946153407366
8598,306.925834598477,17.51912263357198,2594.989726832622,49.02185359214515,3.057818935782304
8599,162.15498530704073,11.89670790870225,1379.731957788968,26.302435505436506,1.6495017072514533
8600,5.483918584007011,1.0857245584923922,52.54449536032231,0.35296827119180385,0.07929477743306323
8601,136.31276929569822,9.220172705875928,1158.9346562839828,21.882255877447683,1.5306830941837775
8602,14.69003518243683,0.6402790069026653,122.37609425993497,2.309674932445395,0.2011331057743475
8603,247.15541157285588,16.55094216349489,2099.7482704478025,39.56659553947155,1.7032972844761654
8604,72.43366255563072,6.510034589058954,624.237659099718,10.31201143222464,1.2992687836584302
8605,269.6668386673567,19.391573341427875,2297.816599106101,42.114342120833584,3.3114164799836625
8606,166.20238733438563,12.246614453670592,1419.8235860515,26.546204593122802,2.3180016459179456
8607,40.52101169901145,3.788028964775972,346.11886619168143,6.663177872536583,0.40253129171366275
8608,338.11582306006767,22.824379174516437,2871.871273924058,51.930085887237894,3.838808382048302
8609,255.58268383586469,16.679587863405757,2168.5452666888837,41.3056514484457,3.009215288017465
8610,205.0604713043235,13.087794673438305,1738.0162843374026,32.6255420677372,1.8091298378212164
8611,-25.40316363108773,-0.5599958196609949,-215.05212342272424,-4.381828464778749,0.20038874755115543
8612,24.95602470429935,1.817331414649404,212.81610087284398,3.4807257636541804,2.0322632975721198
8613,49.707130321785726,1.3033773652330272,412.5006726108537,7.8723232139906285,0.7175477443134883
8614,291.6386317332581,20.061375305497183,2477.5762968441745,45.52518165636426,3.7508109081607985
8615,201.0982313905338,10.91549740039211,1693.1223925023216,31.64357291819247,1.8279140275109875
8616,146.6644552249735,7.964717297521401,1233.2784711676552,23.170283831882184,0.8159694949727112
8617,35.633422449337246,1.7960217153610827,299.4958488787468,5.735479485456381,0.3099279503023591
8618,33.81950297870033,5.092943075892713,300.4987420987655,5.237300051099277,0.6870060863030534
8619,147.64855951033346,10.677815487599105,1250.880057298444,23.71055900882735,1.3148612272221558
8620,-84.85281427880508,-2.8347758762173125,-701.7124333861768,-13.375671167580514,0.011163353532364528
8621,324.0900834168532,22.578345307538285,2753.83682344408,51.139796105082496,3.862870499919964
8622,45.44415695278958,3.815792721759611,389.37395570441856,6.744402073221721,0.8530685314419806
8623,168.75745986638373,10.646676927982599,1432.2538691778775,26.729038379269205,1.9622133354587064
8624,205.72935289594903,13.55138310956731,1745.9828210619007,32.63462254524688,2.2457628319330767
8625,269.47275941687093,20.15767887227241,2298.629931672709,41.73808836782208,2.8454167454552426
8626,260.4490799781418,17.072392214692947,2204.4523365872183,40.42502013866823,2.532484195972657
8627,14.888025696382098,0.35110110484239954,123.32171949374397,1.833093064449538,0.4220270742250314
8628,145.8137685628454,9.75186617598505,1236.2835238707441,23.153212705436268,2.058726175497075
8629,296.63840031536654,21.19536242261755,2528.8734765579047,47.976466226170444,2.994574392537861
8630,168.87166613374458,11.226972677325673,1438.0252487185335,26.557440562422535,2.2134124929736365
8631,350.42954148482113,23.978625084880022,2976.405525544835,54.51576663389023,3.800365084191618
8632,196.6515866032032,13.914744717432432,1668.8942322911541,30.666095864727563,2.3189371355128037
8633,229.79131589405603,15.987182614057822,1954.216121526924,35.380458969647194,3.107311037411496
8634,308.2351180180247,21.929493079926218,2622.1466828875855,48.431456596922814,2.9325523862367975
8635,-25.881978669282738,-3.5492330814643998,-225.82033157382483,-3.207825484798523,0.024303275150454606
8636,185.51447019385515,11.727181749818154,1569.8904383829909,29.555997216423936,1.6047070269413246
8637,273.8659496846115,18.482699782083255,2324.196734406276,42.65956478421151,3.3247407218253504
8638,62.957668985410265,6.950720538243082,549.984200553989,7.9969351939566025,2.058024282568377
8639,-8.766857796352308,-1.09816463625291,-75.40055050528339,-1.0590581223353093,0.1455549887925387
8640,127.81197537417067,9.212177123917588,1089.5683601844614,19.272571479769887,1.419989826118099
8641,149.95503647307046,9.422720474667669,1269.0194052423576,22.714339928477308,1.4753365016803843
8642,221.24565084570338,13.458098467754626,1874.4715113194138,34.225321830762695,2.7953239009605144
8643,138.10941928016533,10.367970703845788,1175.9516779372966,21.07020254104233,1.901251976306015
8644,127.09929890146141,7.835876907699738,1081.047761589598,19.641683250710937,1.7026057719694196
8645,192.70973823699902,11.460924436740266,1627.2951150243107,30.656012975630933,1.9874137088597772
8646,261.2247079506238,16.787484205413847,2212.690606933869,40.21123996844597,2.3547819228096567
8647,95.85165662896317,6.2002182169683255,818.7952695443623,14.496967954226703,1.5576596551314914
8648,231.70766052577187,15.83793809425785,1973.968869834822,36.81964540127267,2.7236135974179656
8649,317.00196976388463,21.57964663041909,2696.5288110545275,49.42325866983566,3.85116729417294
8650,283.8302871800003,20.566115402211032,2419.708760099947,44.75931635591407,3.5725982279640025
8651,101.93848446718573,6.202566987212638,862.6966627005285,14.756841325669654,1.9455735084554573
8652,108.19759722951703,7.359710436401878,917.2889928797878,17.66564066451091,1.3413167696440738
8653,56.118344332434084,4.479890260827709,485.71421710469866,8.831492048022987,1.1485504588592446
8654,16.52762827582293,-0.023764019371272482,134.47875543313768,2.371798722632207,0.8607841470298325
8655,240.65238267099963,15.23150935736912,2040.4109447252638,38.09958153652151,2.5236060970445107
8656,320.65019657813923,19.70637985000746,2714.084380141373,50.04006409362756,3.5469772463340954
8657,195.40115440839028,12.146126728066132,1652.2884421755793,30.11274644388474,1.4758077583955789
8658,251.68443444922715,14.79764914154988,2127.46898094214,39.12566062801324,3.7179076492931755
8659,225.93725625133635,15.396830915047623,1921.8045829795642,35.28682340689954,1.8737903024492928
8660,248.39792961332367,17.377263664034054,2113.330365951019,38.70404192037445,3.581317539658459
8661,73.81294043057368,5.890021438110062,627.8960841106299,11.15872098765925,1.6356709508805252
8662,48.13665714860869,4.788436330755761,415.79583809105674,7.644766101882664,0.6951019068471527
8663,15.43659907968135,0.6389088446861351,121.29131645368594,1.0422313746040657,1.221349526826292
8664,338.90706208008146,23.070374118336932,2881.3971954038393,52.64660438327601,3.7782197875228523
8665,265.03346125625245,16.968406749360955,2253.319727210518,41.4480870004269,2.698224638418682
8666,26.037367282188875,2.298381830356334,223.56062883464637,3.8540332482110466,0.22284998593117322
8667,262.0892885008923,17.68420480834094,2224.49052732725,40.70637709366335,3.092164772278473
8668,195.0108865356043,14.20377047761973,1664.5666306496682,31.217994989223566,1.926320646254987
8669,249.83024486450694,14.194041493376929,2105.2812857567355,39.49006328782854,2.1538868684536747
8670,21.982378813893842,1.5951226682129012,188.92628888466422,3.6543655384241407,0.41149014259441064
8671,398.04288044020893,25.065113209504876,3372.7031944988316,62.6184242360115,3.6171686852755474
8672,330.6183052475195,21.95087459290051,2804.5518127829996,51.706674282113966,3.542234347900464
8673,290.4230708404757,17.54442411305771,2453.956482742599,46.16678108973175,3.3255338868953275
8674,119.90236316569997,7.499648267167793,1013.9646723541906,18.499497037032494,1.8678214406966571
8675,122.07839046180663,7.591008693878318,1035.3985166374446,18.841143357966935,1.037758027371272
8676,122.20431676180917,7.138850816824185,1031.6333770512902,19.34627418087346,1.735079258462044
8677,158.70228957622663,10.870038341084122,1346.4635116228967,25.381962396502004,0.8032158879341371
8678,118.72729888343656,6.846007598465603,1006.5366664819749,19.11111590410293,1.3296659275286862
8679,306.17905838758094,19.769445307538803,2593.6815511572345,47.95980074134107,3.830670525036927
8680,212.79521290700933,16.530653182498927,1818.232813314146,32.904132682211426,2.045362278462864
8681,273.20065079798206,18.0480366371267,2320.324513612288,43.07145838570087,2.8117402823124316
8682,302.46274756549644,20.692311099064685,2565.984862299229,47.15248006444807,3.0458528337699806
8683,256.9123662601227,16.25898050359162,2175.6400402476042,40.656250372973474,2.8880393527252655
8684,230.48187496592215,15.508108555878767,1951.8570683185037,35.5586213477316,2.7440482371781116
8685,82.93157714912233,3.961149148794556,694.0126218824861,13.297273363550557,1.9079885112980213
8686,329.89814621717164,21.2682686180474,2790.9040133196986,51.741305904747115,3.944708943001375
8687,221.54692236217036,13.060193029630897,1868.5137123524416,34.50186545732021,2.329919774399432
8688,319.39457306228326,20.639889128333976,2704.8047059832506,49.19614619443572,3.979049720682968
8689,-17.772433582537058,1.576050300856016,-139.56886734126556,-3.1754178155157478,1.0054609432267272
8690,140.66076556701427,7.834774906126274,1188.7163475063405,22.93252722377112,0.6753581013907084
8691,158.5086721019097,9.71552157714981,1338.8198849789192,25.285718034250543,1.1521738060737299
8692,107.00909788943778,6.144275197211201,902.4306449065376,17.224563935881495,1.1013357426747779
8693,229.461245592588,16.53864257138359,1954.3722588938408,35.593231823225096,3.322468334111788
8694,323.3792598111659,22.18346552265934,2749.4759484600245,51.03924717528219,3.6120093951709267
8695,120.67305339539217,7.213801857992323,1018.9649178299452,18.685924906170243,1.0904730880431242
8696,59.78881990050483,2.027801143593334,500.4423640371161,9.500361641697404,0.3235812450117592
8697,152.8319787933244,10.499716011429356,1297.6201017948738,23.100260716450943,2.3656298864768304
8698,112.6696822840501,7.193305791369161,946.3964707655263,18.61888698751373,0.5977267056695412
8699,96.76018184587787,6.01170008544138,822.2473395396628,15.127553723502297,1.9752783968972878
8700,322.0603429539154,22.912326037292793,2743.14084641909,51.00237699506497,3.7020706270508157
8701,140.1680190815914,8.855845221562827,1188.661043150363,21.363423442386154,1.4834786845588477
8702,296.74676659126027,20.891448042717496,2525.8138553202502,46.91357821269605,3.765196875927564
8703,167.5460185328151,10.30344272372965,1412.2614698293023,26.51569739933584,1.1666252299945539
8704,222.48934380608333,16.615550074982764,1893.679038999461,35.05175286736936,2.5605029852608747
8705,61.587583615528196,3.0691399436298794,514.4209923444913,9.606307920864541,0.12717128284118173
8706,-25.154670291022235,-1.3318733909477791,-214.66523752597988,-4.423723431104615,0.25971193257491754
8707,307.23103363994346,18.901383560119083,2600.758032269535,49.05911285432556,3.1984023402547854
8708,142.96502460886938,9.783118656182335,1211.2451765766493,22.46937042067774,1.2479308221097627
8709,42.26363107483449,2.4141507000646154,356.5358686781649,6.456857547910736,0.3166286370151661
8710,217.103676200797,14.127314631979413,1842.7041296106945,34.68240388120964,1.7517187291043466
8711,80.85670981451864,7.202928802262129,691.5387206421514,12.041244111790903,1.1088653047152204
8712,179.00198437495385,11.419827571233686,1514.4793053740461,28.428334367461748,2.609290839443392
8713,270.6564217755812,18.797636441297275,2299.9493357541,43.10104785657352,3.2763192127592866
8714,118.54888030226182,4.7291358947087065,993.9720445661694,18.824335706003826,1.5544926864047888
8715,89.27497252373051,7.6864455602892665,765.5217330358626,13.73536155293858,1.8465962266347007
8716,47.719653754389896,4.348930710784651,405.89124110960785,7.379797047329282,1.030900232844556
8717,59.334114480534716,3.302352169961917,500.55232764326814,8.984409164845227,1.0994552321223399
8718,102.15718490323587,4.967911685307004,854.6696622257784,16.074047120023813,1.0458164533395284
8719,110.76430261682552,8.714929354089385,950.6009562579301,16.975876919159,1.273272704878715
8720,30.725562863441564,2.573873899143109,264.7793975841193,4.5225379379536905,1.4298242915974724
8721,122.1775300207195,9.092489817658208,1040.5509450236534,18.205726474713195,2.098160234499661
8722,28.056377212082204,3.006340715957421,246.70677712187236,4.541577639083972,0.28419699791210284
8723,17.363856016909352,2.4011915105533554,154.43528641304374,2.7249096348733004,0.5644658630623187
8724,188.43924943596036,12.84444263202068,1598.6091786662512,28.90161314677877,1.814491587901201
8725,346.8085792000122,22.632670613006916,2942.9819329711836,54.20042053380826,3.974779107794327
8726,341.6206226866369,21.632019732333976,2893.799772953417,54.06869428341111,3.8609871218493277
8727,176.13471674854577,14.563735851879656,1513.2495577446105,27.538538810249435,2.5128477348136125
8728,233.2830419110633,16.36038955399087,1985.6642857041509,35.534097922878814,2.8947415860898364
8729,194.89560000192165,13.34972769817958,1662.1753264404056,30.39965051323113,2.412036906446213
8730,102.18070034020941,6.868320128155984,872.2644559604482,15.957778156913054,0.9431257431918745
8731,336.664218675646,22.249251580330082,2856.653093884559,53.06423071957672,3.810677982150023
8732,46.35616356362517,3.186561687811256,394.3463634684752,7.444694524726879,0.8863804537552902
8733,186.78976984490842,12.761528044864265,1585.4749317031806,29.806535901622073,2.6801687140101684
8734,13.78314396692179,0.9130159461914005,115.47083660794718,2.06784042421298,0.3704806447080595
8735,256.3165368592153,18.52399228922078,2182.974433147536,40.19649426975603,3.0983897956058235
8736,185.141317292206,10.932158460628726,1564.6306393700506,29.097959905287247,2.366204966425673
8737,113.21682076559757,8.460060955318223,966.4199379033594,17.986227904780446,1.9475927595515263
8738,73.70432165930576,5.651706357097054,628.5453374006516,10.91413731695377,1.1949195099774532
8739,132.04217348154037,7.599262344717008,1115.1609070260583,20.616419928009883,1.7799913313098887
8740,111.01222550502305,7.808552845811198,941.7904981390883,17.337101113463635,1.7089746142138535
8741,126.63619305566996,7.927312594847322,1069.5028261617615,18.80135051560254,2.262845637927283
8742,222.80691503742852,15.379203369494334,1893.9361743881334,33.879238439895275,2.884835544142847
8743,22.548427581964308,-0.0008485037456297251,178.88907532721174,3.662929607789106,0.11340237233462913
8744,229.6800712878113,13.916021707770149,1944.2003463948797,36.748072891185906,2.171849130472473
8745,249.49350786726308,16.533733985431542,2119.3070710977636,40.124970403523875,2.5702188868893288
8746,319.8088740879865,20.836452087134905,2706.235972777411,48.98788038796884,3.7596586180588836
8747,9.630913552461827,1.3722843610098459,83.85716067782067,1.2444456027957589,0.07540833601146879
8748,151.59569455136597,14.564698789246556,1307.2963372069848,22.405069136321032,2.3871566656840963
8749,68.41021578188004,2.2011356740632158,566.3310458593884,11.1197533806771,0.5301378665868683
8750,152.9818422751526,11.164763896227546,1304.8516954494046,24.309569694144596,1.6113349603855576
8751,127.6338520353099,9.18577391659176,1084.945585654702,20.119622253874695,1.3822967816562688
8752,73.75391561395048,4.188293951973533,622.9922825755988,12.217558940347544,0.5294929611651806
8753,25.74805072200656,2.1804275561081403,218.02584317791258,3.936592235938239,0.38292626181681344
8754,432.1222441355187,26.2323597332999,3652.205457498837,68.58321557667027,3.856182331390792
8755,164.7628882626519,12.050665332403312,1401.6340104014537,24.513391718082982,2.908377071342944
8756,78.30077172079565,4.996670073790858,660.7770651404603,12.056060222116967,0.8217566099873852
8757,163.58061763506842,11.372660422731323,1392.7200541743478,25.991055661082687,1.849322637393195
8758,199.27653175121534,11.264047746367947,1678.089735719575,30.38231475762433,1.9302052739569326
8759,235.8903563130343,13.563591827141455,1991.958109614936,38.02829156690053,2.568337997423591
8760,-49.80864804280056,-1.5021836158277537,-419.21965264901553,-6.869374217755215,0.2084542625175927
8761,167.2976989046403,8.20642710107349,1399.8131698559246,26.364365279052357,2.009838987439125
8762,99.90845313130893,5.461924143746106,842.279286503685,16.514937052350657,0.2056037651132332
8763,251.10267592054973,17.494091420043798,2133.9092451517713,39.32983631323867,3.2089329455270637
8764,11.996755809028423,0.7075566495496357,95.01867713141138,1.6358946506589622,1.1685314080810891
8765,284.1831159545335,18.549316779068647,2410.8481534462835,44.06448025965937,3.655883316779429
8766,227.2133262935427,16.241914700849584,1936.0962782401114,36.10421927165398,2.9919205820862715
8767,135.71382816816367,8.409751006671033,1147.8535835290495,21.532409351602766,1.0931687113891697
8768,273.70306503552223,17.354767144401947,2311.1280387878596,42.707685791313146,2.4711992346567704
8769,113.50373266074108,7.442341195605804,959.15351743144,18.026439468077324,1.09536285773282
8770,-5.788013467973297,-0.725014071337569,-53.10818499699828,-1.3787057976653552,0.27676877573091163
8771,181.67857244235947,13.139679179023544,1548.6776985973547,27.75249248838532,2.898644452453031
8772,72.13468087439833,6.512227788072819,621.9719535329043,10.234307093645212,0.9267354612990895
8773,277.2184314301497,19.67437030248364,2359.2375116387198,43.11529544081722,3.8879645246512844
8774,192.17103185437506,9.83339340282136,1618.7035689835009,31.34161750892862,1.2659359437661686
8775,305.45988970064343,19.816435068958754,2583.082822310731,49.13552422426519,3.0467459575408373
8776,45.90143525576013,2.796395101949098,381.1333119292788,6.999422182648645,0.6989713156726851
8777,33.458267269761976,0.41588752141913754,273.13741436010156,5.8882768706800555,0.20234086824264041
8778,201.50146975048602,13.783153783866151,1714.8649630582458,30.987417877286873,2.5411106177792453
8779,163.82990304265473,11.348751704082446,1397.1858918627038,26.100206769389874,1.2559184679388293
8780,190.96039780046956,14.758858797525019,1631.2444876282825,30.094682534085003,2.63906555626811
8781,280.67516417899606,17.957346294202335,2383.145649069231,44.75470989928382,2.1958915719424636
8782,219.27602571100607,14.066811523130347,1854.118529667402,34.065958803790934,3.669450015646539
8783,36.179871569253564,3.350900559258468,312.9848857825787,5.832338921596755,1.4088217614226242
8784,28.618439726387045,1.2775164787356799,236.95198982988722,3.4338023406471403,0.6111530688798017
8785,42.940122719031976,3.800897347744229,371.5589300298975,5.9773643658943225,1.341598695940108
8786,120.75261113059983,5.0981622078027,1010.6459161086639,20.21081299480667,0.2937168171736668
8787,332.3019406768312,24.379120829633315,2835.2698601668017,52.515790970002286,3.6670318497053116
8788,16.36870816680973,2.400634385741438,144.23658473741116,2.8152532757243804,0.5501071849511332
8789,338.7252599533429,24.919502089512676,2883.247593093323,53.70878153700477,3.946117078557483
8790,254.2917993469757,18.62775492762448,2167.54908235066,39.43699281708458,3.101881846540031
8791,214.30446218040967,11.31056635646907,1804.2540567211952,33.34945758557078,1.7492172317728247
8792,298.83954932777226,21.15197029887203,2543.7232352822725,46.91297125893792,3.422742531720283
8793,381.19267558396155,23.421875342700176,3225.1919927182093,60.795476206359986,3.218576959370668
8794,-28.1038779235749,-1.4709007293086462,-234.76388217444108,-4.841434064484918,0.5102309331660662
8795,170.07836788405316,10.582472417460338,1438.5722413539177,27.019362418152,0.7358181297846116
8796,81.86089189683919,5.245708051448972,695.5677153879006,12.700384167026952,0.12328558085261188
8797,79.9623536849165,4.311793635867876,673.8629930429548,12.015779908001885,0.6928986944926074
8798,176.15395012664206,12.248380487397345,1496.0265109324876,27.50043862887169,2.2396965403413525
8799,359.5766055523775,23.466166640383342,3046.6481205617733,56.793889106145684,3.7643542499521097
8800,265.69473572072667,18.060949426268138,2260.9354151837356,40.97327159053572,2.9833973981386492
8801,337.2036258914151,21.28917878751551,2858.357854881214,53.63070651119828,3.2821299809460505
8802,419.4722496897464,28.91944518382566,3564.2637320244644,66.29620112847311,3.9506791572769977
8803,288.027894482919,19.787437381271566,2443.0110868960764,45.96518252919747,2.3976629880881988
8804,255.99501706822744,16.288219483789014,2171.7083115636224,39.574025850702036,2.1492877425787964
8805,32.811755821553916,1.6385853692473924,277.41049456973906,6.0992326818114435,0.1409146682950113
8806,308.8581935797163,20.75767235825852,2622.4797847255472,48.92173497002926,3.2418310997358777
8807,296.61855821446056,20.91228626574315,2527.1206644176964,47.290895997065654,2.9182488496426915
8808,366.4462341353879,23.70258619472454,3106.212468125981,57.708677045901496,3.7343092141632503
8809,182.53513788571595,12.50188275342944,1553.4701942291463,28.2160738628314,2.9467704217304815
8810,207.73962469773602,14.572379630547353,1773.073295664378,31.884345407605842,2.7498846718293626
8811,391.5891310195287,25.928971384991943,3324.556034166065,61.55321101581873,3.977139517597975
8812,174.40462958270655,12.56083231712384,1484.0756386695593,26.840097618964414,2.7381938156249905
8813,183.0751734169255,14.2310492940058,1558.5725413425853,28.05669129119733,2.393261674910263
8814,216.7812640601929,15.376251092797244,1842.3751763432201,34.27521710746176,3.1486852056441426
8815,108.4002267042357,8.598267209289801,925.2028317770585,16.493540952628628,1.7095071835706457
8816,163.54456216667094,10.304027540911868,1383.3681346174772,24.980032841533273,1.663436384332773
8817,14.906103366372855,0.9717041376154381,123.37368421592811,1.8775979378702043,0.43121834490902655
8818,270.130949442122,18.086312197023513,2295.9818937174655,41.94168581621886,3.0298482169152607
8819,16.748800346305423,1.4592115501173644,142.0188344711609,3.1316613130317252,0.900738486210432
8820,227.54212870100173,17.29243121875955,1941.4029491908907,35.77911629848225,2.7779536825866002
8821,208.61676689741918,13.823827048256447,1770.631933351051,32.37491002290811,2.435062227655181
8822,193.68409293053082,11.839808882205222,1637.2480497971083,30.34829478799329,2.186399777833889
8823,58.218864638143685,4.465148529320119,500.8535033371991,8.372038729517445,0.9836917563248013
8824,204.28719257437174,14.509894576654592,1735.1577200601432,31.54533655144099,2.6043048186964297
8825,192.61779141195495,13.138325752012085,1636.9223213345567,30.374367430622147,2.215154827016084
8826,16.59611474278887,0.960052766162963,143.26501019796586,2.039351785694028,0.683353448176395
8827,65.53242612967308,1.7351479592429895,541.9562829607721,11.026057992184382,1.2349270680061473
8828,352.14212829344586,22.817453291236912,2987.7519588325295,55.99834986328459,3.892110206490468
8829,20.312726616425458,3.882188430394413,187.6379775193334,2.2428299351840124,0.635908077806711
8830,-29.18124438329908,-1.5271307264782172,-244.73759192577504,-4.4169070600495415,0.4486275950627392
8831,79.01665979255276,6.535458500385923,675.1284709810203,12.179092986266745,0.7854504776494058
8832,265.89004553821593,19.23978397335999,2264.970764071897,41.257888186317814,3.9548645939833857
8833,288.7001245373083,20.30307757181336,2458.2658895093673,45.552651841794926,2.866687458287471
8834,8.389044685261776,2.975852225940084,87.49615431614876,1.7683198782509262,0.1381555928873972
8835,98.4903077412384,6.902811828846206,842.1130895360791,14.717658106272589,1.9233477983897478
8836,279.87670816980943,18.80153061955835,2381.436399615045,44.196099330473835,3.2325840742424097
8837,79.82150564412139,6.5112442207332375,681.9251291168349,11.568551738315668,1.6970539679559953
8838,178.69471822329783,9.632403067693492,1502.0860968242584,28.83610922176419,1.6923609374234405
8839,207.30184248357335,13.373751238018805,1755.4165909195865,32.92293514507756,1.782377241218803
8840,154.81592003800407,9.073262055924998,1306.651778937072,24.183382305315412,1.2951648117645087
8841,308.1110777048882,20.64155367884902,2610.700621829657,47.85118164070859,2.7513999769249726
8842,145.84216384789391,10.118809168984642,1237.0101083837583,22.411490891176857,2.0266363602844297
8843,194.18042857109418,13.791298048719453,1657.6028016711173,30.337557061802826,2.8379762261580495
8844,105.3013191694102,6.615097010348384,889.4784943164327,16.82762773471,0.8928722214642582
8845,236.64785273193365,16.899121336871495,2015.3201009692607,36.16061827475692,2.342690839210232
8846,100.47671003325206,7.806470821476498,856.8510624253887,16.84952588991034,0.8155514735997369
8847,348.98583899470134,22.394864541177043,2956.125548417747,55.55044522044159,2.7328014737874984
8848,40.24650229367299,2.5973478783228248,342.5793910460485,6.320851460515654,0.5312414724039214
8849,76.45537636217777,5.1652100052529235,647.6872779055764,12.457809312818815,0.4837160030017551
8850,87.17573213901777,4.089783664963608,729.7648247333635,13.33054067748538,0.42802773317187004
8851,172.31539726966403,11.927601412056024,1466.9747340425151,27.452806399188077,1.8152756141147948
8852,255.90878505555514,15.982039791094143,2161.8034533739783,40.58713630691771,3.1613809652341485
8853,219.36842229628036,14.606671197665765,1866.9802856827582,34.016814825565575,3.7391513890252788
8854,112.82384470714555,7.106441307408474,954.7607125651197,17.451236104959236,1.2551832751041934
8855,55.3653193055563,5.2635710086641145,476.72706005585263,9.092984795917129,0.42389896976823005
8856,186.79039921474597,11.640595747292867,1586.9240811847765,29.17437456387346,2.9844924724572195
8857,239.3838988519529,14.292179239795416,2024.8532411876547,37.7493074847377,3.546270617373497
8858,101.37543323753161,6.661814714378065,854.8597748514484,16.408149319480096,1.2454893613143767
8859,203.49574642411307,11.397684709009823,1710.2217570750327,32.38952985501213,2.0418564644152033
8860,111.98732057699056,7.5207817963868875,954.0872951152365,17.47343100532949,0.5549331345965993
8861,141.15947855989634,8.983949497774926,1191.236241942894,21.509118530651392,1.9627386535012836
8862,-19.688566688556595,-1.510334044554917,-166.34559030008603,-3.679466346126039,0.0051171147041659815
8863,304.0320851909625,18.164732954211747,2569.2093196915953,48.079129850158935,2.700689821123217
8864,72.70017758719564,5.037364254059318,611.9470398977099,11.203905804702188,0.7428869929695776
8865,257.75698338608186,15.64144886359999,2180.319123965961,41.282698332046515,1.9872061179749592
8866,203.31807239214092,11.76702425339099,1721.9284431809867,31.61082345878462,2.154002800472753
8867,-51.794364075865104,-2.3794571518581265,-435.898013796315,-8.17223166287484,0.23329805270939108
8868,67.7153297108377,5.4058906789208265,578.809364835827,10.339349028667614,1.1941582862768074
8869,142.98850465930917,9.805363908567644,1216.9465337094641,22.582527661852478,1.4679426216998346
8870,316.53443944511156,24.539048865553085,2704.6027245983046,49.5637546290036,3.816625048754956
8871,209.44178565931756,13.973027444626215,1778.8325747364913,33.54326315519998,1.836480928310031
8872,110.32130409880664,6.392823140705366,933.9336776587587,17.156978356155804,2.1094918503229
8873,30.84612995268814,1.0456916933002836,256.73661689057286,4.040132097568671,1.1067428062093905
8874,147.93715686967482,9.228426740327976,1249.213742613395,23.302527240425967,1.6077216715743874
8875,78.71944436285669,3.6249165791053803,661.8004553825473,12.80086395072928,0.3462083165578016
8876,301.4067646723887,18.219637870841034,2548.619659791793,46.82098558981,2.5386513543059546
8877,146.13820714072165,8.826200103030995,1236.7702463530445,22.03707677466403,2.6282516177979507
8878,244.17813069234862,15.852692035120732,2074.744587887978,37.995365343997854,2.029078088062105
8879,325.593898092198,18.78854074812774,2744.873254703552,50.49437456029699,3.7227958709204563
8880,205.32590707773974,14.41032122582792,1746.641093560254,32.86555422015497,1.9609084777549448
8881,238.64817960462506,16.81831784648685,2033.6645611323302,37.3215670143796,2.832090148741012
8882,247.71346421065238,14.382809081606192,2088.7721869855673,39.47206070766662,2.885278672705954
8883,269.96183372322133,19.63737058139774,2304.278992937448,42.12448127299048,3.185458494422646
8884,47.73268707428679,1.7572692447301528,398.6662600520947,7.234918528877236,0.23916581523413605
8885,24.065712730622806,2.0433570437228745,200.16387315573166,4.026425268223864,0.19965199970679937
8886,284.4653851377076,16.177348575920785,2402.414174712352,45.917404154699874,3.3233422759770157
8887,115.86582290003277,9.513563993928118,992.5333985943564,17.319102334815426,1.705538906067824
8888,239.6351857791846,18.696307267631678,2049.1737122337704,36.41212180568749,3.9916137395439435
8889,190.30910253234248,12.406655701739485,1618.4826306161888,30.133176810374614,2.044428668562151
8890,125.03654231536976,8.511254997355806,1058.2514395967382,19.605941565155078,1.665683543554461
8891,88.94109098104187,5.134483921009922,753.4755253130609,14.784529337079928,0.4278745287570902
8892,297.91785404584635,19.010482310271104,2525.2499963305877,47.12435883415686,3.31411524860144
8893,330.8047420435319,22.17731142884135,2814.1094675160457,52.50056935095382,2.925159738176879
8894,-41.5933977088876,-0.1557297085344871,-342.2517448935315,-5.917038264206967,0.24614786887991302
8895,236.27569859301178,14.461217304762709,2000.1823769224004,37.82914959546081,2.2752263356107467
8896,241.93229261960315,14.364121727670746,2043.3851649501,38.734959823284335,2.0917549406672316
8897,325.0982943151272,22.327995473426604,2757.180174650043,51.247569777357334,2.8657558349029992
8898,102.88816804335046,4.813691444138339,861.1815380406483,17.419235065718965,0.1705993088805955
8899,42.806360638684595,2.4638164347542046,362.64924251320474,6.787645579344975,0.34313876213181516
8900,169.68410386107396,12.192493244394688,1445.8126379463993,26.311009750010285,2.2839747978328653
8901,297.6093459306632,18.58791937739146,2517.240148889787,46.75671322755253,3.6403644482329187
8902,135.46354837040974,9.374228191441532,1150.6624305727514,20.793066548745628,1.594980293036072
8903,108.23927636779462,8.119945752588352,924.1096754910945,16.266688306579184,0.09232160821510282
8904,199.46838287801089,10.876278780390866,1682.7161581207286,29.989497111061823,2.7825256909564047
8905,72.0107277089708,6.544577146394634,621.220785381504,11.25912692076542,0.8726452357757832
8906,323.736314440233,21.56025155222204,2751.0651397401302,50.93259395589257,3.5457223440350734
8907,340.5197852764165,23.485196581917688,2889.4012606067554,53.21682481973102,3.247378519095129
8908,272.7089753156886,17.61360650399048,2308.890401528605,42.31481263676714,3.0385695661745675
8909,-6.77045743654165,0.3031009614380644,-55.32049844282545,-1.5868754873830468,0.6820772844778844
8910,281.5457343986329,19.21819558612758,2393.1578861552402,44.3757118476269,2.8745303371273123
8911,308.9665285177129,21.350835933059017,2629.2160083069402,49.39934592379934,3.1501549139553293
8912,274.4301940277299,17.157437111669026,2328.034879984042,42.772852034364305,2.5794795625545066
8913,211.82374834602484,14.848083274661064,1809.5767587988096,33.09678190558929,2.7882305095670716
8914,102.55104155688946,7.185008733572807,873.9501481449495,15.240304667199908,2.5838598893926807
8915,102.87783842023893,7.680542291353538,877.0113257898224,16.13939285582348,0.8266730543361258
8916,240.14862731264265,15.022148853128737,2031.7341626033547,37.89926039022975,2.919733693547165
8917,241.25521501523596,14.888368055213725,2042.1013388995095,38.7581433530255,2.6381064201555167
8918,248.9605311316669,16.99286905047807,2111.6193565056765,40.06372837147711,2.41594134106703
8919,233.07799375880248,15.731962239559952,1979.3000150865378,37.039583653474246,2.1857541131227194
8920,169.87997392065776,10.09237232343044,1435.520782059493,27.957872257937836,1.6405992962602003
8921,268.0799737451697,15.411800116253785,2267.4613676561726,43.013548622280325,2.568697247998658
8922,-47.5020973065716,-1.8867475516580865,-399.6213863283257,-8.655994554726911,0.31846684493697897
8923,190.6857534325727,13.313235915323421,1626.4030614770618,29.988893775877422,2.5263665605932357
8924,318.7076092092138,18.683885923639494,2689.550671381234,50.961552849321954,2.348456206348468
8925,109.83070617797433,5.353192421598015,918.9838545701591,17.275914994385733,1.5792846956962707
8926,231.10162826365624,14.912725234359636,1959.1369949625555,35.18699568500772,3.3001128122452026
8927,49.38477780911596,2.957121256032401,417.70277504528593,7.844621379911109,0.5240252048692469
8928,112.54022080936765,6.611591167666594,956.2654408089452,17.478947208131718,1.680797652235317
8929,-15.260169073197675,-1.5919053693193104,-134.62708835373311,-1.7863167533706656,0.08092046107253781
8930,40.68471737069518,4.64278304254263,359.3432331146485,6.037951771749164,0.1670267409724553
8931,219.63402405272595,14.910999804245384,1863.2658660720676,34.62312067837467,1.965804273531111
8932,255.61227404543976,18.253468270953665,2177.1279631322122,39.72291412248846,3.372016459860889
8933,189.4582655766137,11.2188186536278,1596.6547674073,29.7872339950034,1.8142250421137347
8934,187.85924705371076,12.79607160860631,1595.5498180479944,29.89218392433565,2.2466592204289424
8935,309.29540990516466,20.092420872748228,2625.521723483225,48.50310825586148,3.7827513286578487
8936,175.48112359010307,12.121945062260837,1489.7840399318109,26.98272673427697,3.4505431673501987
8937,4.024629941268881,-0.3363041279855126,23.341126827768633,0.9169202943231763,0.08272182372867798
8938,245.12556872732443,14.392034219540877,2071.9989887911693,38.656816277659935,3.05378110741945
8939,112.15579950638244,5.524154891835459,944.032366141943,17.164756209021625,1.7149136002091878
8940,81.23723443280623,6.975884450387392,696.9847048222664,11.478159884601489,1.3075042305566669
8941,55.309783612651984,2.463032914400374,463.6188250623108,8.435823003307856,0.7921546539695306
8942,139.94989542917693,8.41853135674855,1181.264419170731,22.31649195920815,1.858629322937197
8943,66.12608356768081,5.097370479892713,559.7639957604637,11.217890002562443,0.04356176825792302
8944,218.61907051998682,14.4430937498151,1852.2162822074938,34.37155352097451,2.5011283183470585
8945,315.8532393798038,18.419884105240385,2672.1663387352787,49.81744040266347,3.2872260830804705
8946,143.74259979572764,9.971989849630866,1220.0196365743639,21.70423715663769,2.1531517914716196
8947,276.6177906662653,17.284999328233063,2340.285690956827,43.72814406673387,3.3030595502185047
8948,76.71451709921976,2.791215964511493,638.87884107957,12.789360140423579,0.09247285064598376
8949,178.533942193973,13.905216440052076,1525.22508388975,27.450782438260518,3.039010614176865
8950,293.2885437587212,20.747562742141145,2496.182179507957,45.511800061287914,3.9609930332496748
8951,300.56690508295236,21.117212586712874,2560.6915925904877,47.975951196832874,3.6468742826621097
8952,156.80660137219638,8.797189503048543,1322.1682713144962,25.031770095074943,2.002489645510361
8953,107.17628266186472,6.562675699750287,903.0030994365177,16.528270035109106,1.3656442384041867
8954,250.49289334235962,15.657440531864333,2123.943404179583,39.19966621298141,2.8040921653946635
8955,127.10321510269897,8.22705208862302,1080.5039243138406,20.058644122124104,1.2427085815341887
8956,143.37390172495395,9.49106555486251,1218.2847922360857,21.745371771760137,1.6541043083605071
8957,235.003556977441,16.12669274437255,1993.891100885183,37.30227091239403,2.3569962724731086
8958,74.16627226848638,5.53380134101193,631.1336839819248,11.222912519256477,0.1601362092948162
8959,76.03900272294901,6.721041397251652,657.5455444745397,11.146846116734078,1.9944797848883842
8960,183.65938073531342,9.916166843274645,1552.7345530043203,28.891675871297675,1.5556858837156158
8961,374.45213117915426,24.61665769698175,3176.585847612188,59.07931357140524,3.9080866508786247
8962,205.4493453400326,13.102943769036475,1741.2462778092483,32.213406400420034,2.1201354562175365
8963,181.33274894250079,12.20585541664584,1538.5880274294125,28.052507514670783,1.8581230877719168
8964,92.14414993989931,5.2340832462269296,779.468361977608,14.997713876908382,0.8680276360142032
8965,350.4768819663526,23.363971396289912,2971.583804326287,55.54649693471644,3.1012223328443635
8966,108.44543163447136,6.835771234178999,921.3125639864808,16.836994318373666,2.503602454368513
8967,361.70352746919764,24.124834552854583,3068.0759775576425,57.11725762535872,3.936137232053966
8968,33.92664374557926,2.3527322661524646,285.4187998120918,5.652967497962392,0.2780139024583419
8969,378.5024461390944,26.952412888959373,3215.7651484742614,59.996355569939645,3.817457271084367
8970,93.8061114394836,4.9312192092480505,789.1552584441952,14.97375037057911,0.2012308977102002
8971,-133.66848990360035,-8.785300594107062,-1131.3715284110697,-21.100537327454433,0.11490386642923012
8972,92.74471914013714,5.76862763302154,789.3014349625258,14.462811861952297,0.6943821009272972
8973,136.5388343959684,8.697570113605455,1160.4161343237852,20.918794129352474,1.852275262459083
8974,57.39824004851684,2.2102404913316818,474.7047247731852,8.836944498273725,1.1374899161755039
8975,323.9231402845711,22.15930056222772,2758.1782065770403,51.527260323146926,3.976605764030815
8976,120.72007328365662,7.875780382206978,1024.4953950767608,18.16711612694456,2.4924236884937514
8977,100.44690251642858,5.6713375742044665,850.6683511677987,14.748612515622643,1.3854037057495954
8978,118.68138867486704,9.035424941341669,1021.3372216435456,18.592867786450142,0.9493907478178158
8979,206.8857098304479,14.126565874286786,1757.7642163725081,32.00999745393479,2.3236108235921673
8980,312.2942748520146,21.46827329190866,2649.5882734341476,49.51375845503791,3.5222655688838826
8981,253.43569987630354,17.226271797408025,2153.5534170385754,40.121834063002616,3.586242058337087
8982,103.58102145601494,8.179126217933996,888.275942711293,16.382238769991236,1.9476905871733292
8983,89.83155752847117,6.6711881798290555,761.6147116254107,13.207908142592773,1.6704917263991095
8984,277.7235362500469,19.71229168371157,2364.1929397554045,42.93673250531055,3.5739364886600584
8985,68.14371013374654,3.0107086481639724,566.2199988369188,10.592669747355163,1.3659390436112724
8986,258.5773181193808,15.094719551652332,2189.2068915011023,41.91116303707544,2.5942882069055955
8987,166.04543876159883,9.225900346269494,1398.2555364238997,27.232024201595213,0.8202991208241839
8988,224.22783580099102,15.864826273010465,1911.6491620055458,34.44431857806243,3.2887292228270186
8989,318.10981000387557,21.856537874444673,2703.5106193414285,49.6116659760059,3.9751172643305046
8990,272.3366964368598,18.099437706208327,2306.307012379629,43.57169447915075,2.5710655402477114
8991,134.86210352557654,6.046471289115578,1131.1474361493897,22.12465480197715,0.815037835546967
8992,106.32856601157899,7.995212951262418,901.9849493506425,17.056733055190833,0.9129165700328854
8993,266.5620876701856,16.892828973356867,2259.129497893344,42.79191278766014,2.2395934340916623
8994,58.42593250374367,3.363167694003719,492.41396426240243,9.797671558506348,0.19520318065833075
8995,206.8699793783046,12.018050290529183,1747.4122123285968,32.10191787734566,2.0935716687626473
8996,-37.92007498636314,-4.176366758633662,-329.32047688681564,-5.661227455528474,0.07546392860503293
8997,236.0740925308695,16.79799412784897,2010.1732799161193,36.451402464359305,2.851407662223751
8998,255.317786756054,18.643099922176017,2176.67634237052,40.150694385780106,3.3087722886650943
8999,303.7013404081293,21.48479395350939,2582.043113988916,47.99652954996102,3.3430297514862026
9000,151.16316589242624,12.817156038953478,1297.0324302108656,23.259857511140723,2.0126032277475154
9001,99.17276604868833,6.133494656854838,840.0327156854581,16.296165701757747,0.2770227544618393
9002,219.04850034206498,17.18635181997483,1876.8576501309437,34.56255192055214,2.958053842798182
9003,240.34638804788057,15.83363635288075,2036.101069961549,37.79253970750074,2.6833902569446058
9004,40.96027228149584,2.0734933847952757,341.3218610107123,6.18509748560896,0.4834440862088747
9005,179.97886613558202,10.333443408430615,1516.4588987001289,29.2290360061,1.1774922846675606
9006,265.2913667246449,17.098184740197915,2248.0643610979987,42.82893453567957,2.6335828233454572
9007,21.673951451305772,2.2606972469832596,192.42014278451916,3.6789154804823494,0.7430796281421617
9008,118.48507047147417,9.326004619449172,1012.7054427032227,18.70570734550756,2.4072742833504925
9009,272.99408207402075,18.933411812578107,2322.568911459521,41.889114182356344,3.1596329272097625
9010,149.2498862615547,9.37454183520834,1274.1927339442557,23.427783187563914,2.747790789291052
9011,-4.612933050208331,-1.9946622449850475,-50.92143984081802,-1.0320827366396426,0.22298107264643408
9012,84.55996874184642,5.235142099569954,718.5871423718602,12.79167451302721,1.3043018986414365
9013,161.1566409149326,9.993055113657519,1364.7475108767562,25.466300253480497,2.099411216353874
9014,273.17266041358954,19.64102633073577,2329.012527659298,43.504669039603705,2.1044688107801557
9015,399.14400843570166,25.4492877000373,3384.295570546446,62.39787039220802,3.936868850566603
9016,77.58526400237129,6.158969905137164,669.4779277632872,11.869807560013868,1.01329913335204
9017,332.38908974953216,20.59646791149831,2812.368013828563,51.96067530180555,3.8676581946966873
9018,187.88887982376653,11.407925527223542,1592.5772775932603,30.524158011496823,1.2175680981717334
9019,123.97320946224177,7.393316313456585,1049.2923862674734,20.107003767540878,0.545032738523783
9020,209.42147960026932,14.84096097044409,1783.5257253338757,32.34711513130301,3.439526487419105
9021,317.98016002731043,20.501786638747255,2697.120514699859,49.72832332801648,3.1734780317192826
9022,170.16945896995122,13.885985263539583,1453.7000831762105,26.606759114665717,2.4202167422988086
9023,182.4260531511046,11.136084639291278,1541.9051758083476,28.648385001392434,1.23401276262027
9024,121.73724641369299,6.57621165917055,1022.8344811680416,18.597561982125136,1.5301814761976376
9025,206.47278007354294,15.194437247977092,1756.3663293033064,31.340690273643872,2.9776460134082834
9026,18.504759718461976,2.631526015711337,164.82995151101866,2.596379944517681,0.0633920821851599
9027,279.7780249942043,18.07926097526917,2375.384964711882,42.94161015187642,3.4039019069522705
9028,202.13958698281792,12.85811486257003,1713.1600556446488,31.845841853575635,1.414259434643823
9029,-28.015456312526194,-0.629608025315679,-233.960750374034,-5.662385954037397,0.4592638665228157
9030,277.4648008674238,18.61502495874925,2356.2177807115377,43.755875711430996,3.316277076701624
9031,162.8567391908455,9.146840605030203,1378.3758638240347,24.92296023569496,2.450034829409807
9032,259.9947925280234,17.388614056777968,2209.9402835302176,40.69665370249239,3.2949719149361347
9033,229.2619604172668,17.4830121311577,1954.7791082155645,35.02629967122364,3.040377705116363
9034,134.2532855281968,7.929672080129251,1133.2278266407598,20.96230632054422,1.8850152476437558
9035,279.5970952310583,18.71707330375215,2377.902006194157,44.80735797505419,2.99734790073503
9036,111.18172973850184,7.044590418555175,939.8792278330612,17.26742003247683,1.2093600733649668
9037,24.558593853297246,4.304988024757731,219.87887630871498,3.9825138486662013,0.7455671196039493
9038,158.61644470537811,9.782340230218761,1343.7423071567032,24.436739494898465,2.3138678031971147
9039,108.27296663157463,6.7682909245464895,913.6002571486051,17.425768515839216,1.4962405707344226
9040,-25.371127679941026,-1.0960230088827403,-207.99857001153683,-4.431813323105554,0.34134022733083746
9041,243.6198770850946,15.710987469077448,2069.125389897229,38.01140083243753,3.9233422116861667
9042,161.00020258775479,9.943268096096563,1369.0746784515259,26.083987973370117,1.0133897275215373
9043,324.3464397673645,21.208404864599164,2752.1539608301728,51.059063337532606,3.6780730883929844
9044,153.58735328862565,10.583073319226177,1305.0819260671333,24.25305727876039,1.6613831644092247
9045,143.01742204922573,10.340006507167278,1220.2660521378823,22.718068591573594,1.721095083780106
9046,-37.9581733368195,1.216234222120063,-303.05605634930026,-6.051323432948937,0.2698840074799542
9047,227.265714835524,13.760780223014905,1921.724160031724,35.386124374770745,3.057512099980242
9048,250.99213692355144,15.79395588201627,2128.673120886515,38.88468533955323,3.6462411425742816
9049,255.57187471842053,15.809493055671636,2159.9247742193515,40.503519086325404,2.9839106431902604
9050,72.65177733016554,6.88782832985292,630.8431123291484,10.898025847546762,1.2076712367165676
9051,177.32034413316035,9.34379347665983,1497.599412149161,27.524215099454857,2.5976143263574167
9052,86.30395593352122,5.603266011498767,726.9328572762423,13.731415170936112,0.6278127042205917
9053,-17.086184802026285,0.6124466611058266,-132.68548381706364,-3.415603521876018,0.32808652815866646
9054,245.46936639859553,17.64191911617937,2090.307396517246,39.17947707768468,3.012435011512859
9055,108.79309740940853,5.918221971026629,910.5913670277731,17.341298525847407,1.2499090408235647
9056,167.21043497028637,12.158962915125061,1427.586097589804,26.091880699214062,2.0344481648797546
9057,64.73487987634095,3.893329074463615,551.7259275297066,10.330506138182077,0.25713425145059476
9058,262.1585983740695,17.141538298132875,2218.768736408769,40.23130215741293,2.764292334450844
9059,268.7696157551471,19.03411143529351,2287.19868313044,42.389407009323094,3.3495800775141533
9060,75.32480161315007,4.91993591431495,641.399773940251,10.878624334823972,2.0101430154660416
9061,170.7030620856099,11.942430108572914,1447.222461257701,26.590437929226418,2.162952731770634
9062,48.4586250642272,3.8459572696738213,416.29964667795605,7.203688653354652,1.8722608117423953
9063,124.98839665480969,9.769945955707614,1072.4059501662598,19.23548356038218,1.6720948952708183
9064,206.67508679606024,12.835952854170907,1746.518166705485,32.097991687282715,1.815489220318769
9065,159.00953176291583,10.264967341185566,1345.9276098658938,24.28984770229201,1.712741307145115
9066,153.89248998681668,9.974333996948534,1305.1282425719885,24.155501710003772,2.060052970195328
9067,175.56382268873992,9.688219008110215,1483.6908473794037,28.400505440235907,1.4646667568387022
9068,7.850774000071956,0.8072263346317907,69.67496589774932,0.5507984620012403,0.6509790144063787
9069,105.82060439325994,8.382120502499596,909.8634648228494,16.918353345249066,0.7849372738622766
9070,231.44478649591372,14.616205005617376,1962.4123177321708,36.48106807371687,2.4774230346749566
9071,-35.81520517604285,-2.663062930812609,-309.28842756615825,-5.5895149560481165,0.2912158380438665
9072,45.983997331948096,3.197778169853122,389.98118994756203,7.83850922229945,0.07778478310302983
9073,280.47734290701754,18.692658936609856,2380.836590383286,43.60156080805695,3.5591984719610306
9074,94.26860051140876,8.346605300377451,814.4864114736425,14.425917184432166,1.3198710629913548
9075,32.854289580559104,0.33703012782346287,263.9136493046372,4.74921673316001,0.7630007218980346
9076,179.12517854866798,11.994370475793726,1523.913775692836,27.95905086136571,2.3886587859849606
9077,160.05578010119214,9.533841637758611,1354.02232757903,24.78969233133556,2.169424145422697
9078,73.55435259988602,4.294535324298597,623.2494849802167,12.074209938932773,0.37003972363811943
9079,138.97916349614135,9.231167187970179,1181.0782993245398,21.573108545953918,1.2206638969572055
9080,29.332007749548417,3.0028997561835116,249.97449603990785,4.0753752844027265,0.5413473079837616
9081,203.45247603857544,14.023934729955826,1730.2249126791194,32.310145766336056,2.347255829370944
9082,-3.178516587031404,3.025353667554743,-11.615522332281811,-1.126557660775374,1.2070216476701567
9083,207.3987749679069,14.000763577012648,1762.8982459854255,31.59641815708315,3.2698532005020158
9084,203.4941299854545,15.312077912072727,1733.4432573807167,31.383324752284736,3.3016141318922063
9085,270.53182480441114,19.749513737041312,2303.373626888994,42.27503207207404,3.217472566429757
9086,-13.978255057411404,1.633768760231829,-106.3018200818629,-2.8580848806138004,0.6458108379253384
9087,271.6953474006131,18.321926484379084,2312.5970272515856,42.547090342841315,2.7536872742049074
9088,227.66887182908073,15.69240111043442,1935.361575863816,36.183484976063696,2.6765306413145282
9089,131.17825306500163,8.440126338945639,1107.303929321161,20.434365351655916,1.533483486345248
9090,174.78215250080402,11.035289445010308,1478.0728442051682,27.381673125718784,1.5942961499764907
9091,148.66348508866903,8.473787172860183,1256.7432316890054,22.86145242822692,1.079837741002259
9092,295.66098739516076,17.67050752869176,2499.0307642225494,45.901327083296614,3.21586749750445
9093,211.83623797113842,15.258539000820614,1798.7961113305946,32.07709298858518,1.7017537975170272
9094,94.12445674530845,7.554445881511748,807.7303658990843,14.867167659717449,1.4772825175136401
9095,144.19436242066055,10.314295594330503,1223.9787798315547,22.123234576854852,2.009839642058316
9096,23.998125124680552,3.4667134257561436,212.94220020288512,3.7015038484238847,0.9843711610930215
9097,26.998936579723445,3.9169996644425638,243.3131198667613,4.212569640073971,0.654595115755003
9098,174.00144133835175,12.131545485074826,1477.598302208823,28.148295332113648,1.7231434880963374
9099,28.149717322871506,1.5003738950611831,239.72658863059576,3.826828222945421,0.3353295428056646
9100,169.93954637648372,11.288861927006584,1441.2260503027721,26.215581014180415,2.3078650751086465
9101,47.27419491766468,2.3330093225519684,392.13444227588604,7.570524836966349,0.42357214758785267
9102,256.9017565426967,17.658584928295916,2188.0983345409045,40.18837313783309,3.689456002731405
9103,82.05964201011629,7.155954392627842,706.1984414404674,13.083768403673215,1.5794326514602646
9104,237.01566528831367,15.940850959507246,2012.4764115262037,37.045408663013205,2.648321589087764
9105,224.29024954274672,15.203479087694623,1902.7173213235667,35.15789186934812,3.135449732740901
9106,275.6676106130781,20.391334864130805,2349.5602155937922,43.72775035693781,3.505799756576018
9107,201.110285041744,12.278333892423104,1703.413637543945,31.758110293288446,2.8021866275930982
9108,367.04038943512074,25.37348237000394,3119.211295433944,56.95740020440013,3.9637794488088924
9109,105.56595538492492,6.325916399468797,895.6953915771917,17.245401285120078,0.5528613801599289
9110,166.6917252462959,12.30458486515735,1423.5400565422246,26.218680052054427,2.1351863182885484
9111,28.680175392666094,2.0136513098288713,243.19500294961952,4.604952061229809,0.9304937555661943
9112,174.75865329128544,11.510676403902973,1480.6868408183022,27.415897186233614,1.7486514488069198
9113,40.627734786027325,2.9658344343712977,346.5427822092172,6.458486028612827,0.36645754290141497
9114,103.60165302742506,8.0164888128162,887.1948827651685,16.19343710866909,1.9806243021522953
9115,159.8917266232477,10.198846254360912,1354.38496888922,25.085470994270818,1.002491723076159
9116,128.21747959391507,9.44734998387985,1089.3007654481596,19.55232334484705,1.791746282447642
9117,308.302549137352,20.85820453789606,2622.6870158336988,49.34463550473709,2.9783830057610237
9118,239.30552140939778,17.90274504147195,2039.1048134651996,37.1028584010506,3.4080418723557657
9119,338.7850228795908,20.73496677463895,2868.546968382228,53.389150310445984,3.9377055046736147
9120,195.5470147610604,14.81506475479151,1669.2332370834933,30.785853625694084,1.7218696802187985
9121,220.1983150816612,14.46527932207098,1864.6395506043962,34.981235925421835,2.7297908622787745
9122,54.44171534008786,3.2418289165422705,460.65714717153986,7.762464193465199,0.22430946440101884
9123,258.9492295893634,16.34479618614901,2193.9310725724454,39.7359243974071,3.4336170669246378
9124,149.12291520484445,9.177524080936037,1262.3718232507247,23.014210875011393,1.4993133666378449
9125,73.32148142151485,5.2451640607335985,623.676346656243,11.359815014263596,1.9072674985579097
9126,290.4183348319008,18.83910800072814,2463.8094721710468,46.07984423520219,2.9585227938824423
9127,248.84464092837186,17.595210433927832,2116.9904046443917,39.273136872773236,2.8153577736156183
9128,170.3708883574112,10.118197234184363,1442.1691746622137,27.256245619241415,1.5517080142125814
9129,36.89092660330889,1.9371750482584176,308.2377592927532,5.574220428051923,0.8310207642381457
9130,393.7164547401765,23.189514907190798,3325.56338761673,63.618778089198294,2.99690940098706
9131,160.8848214802364,11.396178357940103,1366.0952640809776,24.513802041976376,2.681192550914858
9132,218.9962084847629,15.415685407670097,1865.2462445803685,34.626936740301716,2.073538458866274
9133,105.52674740598316,5.972601402638916,888.9360702166144,16.54324954107213,1.5349561101237357
9134,265.1272124973562,18.1651067228705,2248.611423494353,41.026583942156904,3.494284880393237
9135,327.86366973553856,22.687113249681175,2788.1661047144144,51.05129877714556,3.5725909743536652
9136,100.2818938752311,5.9795587473160605,853.787222539526,15.998299409251521,0.8739114813198321
9137,18.956632596852323,1.375560943233307,158.96826740041556,2.7128731706835976,0.5164118457211595
9138,155.74454650866235,10.789053955888972,1328.24110176257,23.507056017603155,2.7714272786168577
9139,63.3121115738185,3.482557158692742,530.503406190153,10.124222059851434,0.32166424370691216
9140,84.56330638486514,7.602729512015657,724.964987579392,12.496841558748029,1.672845914070209
9141,288.96539164154603,19.402801365792637,2454.1313637009684,45.43086478421425,2.6693099049632036
9142,104.48016272763404,6.593610128169274,888.5310176488011,16.803485540166225,0.30116018133311995
9143,-21.254794686617725,0.9600680662926946,-168.15753089623422,-4.727106355242164,0.6372228415860963
9144,30.463164971936372,2.0902231356262253,249.27498841458103,4.052077759396822,0.9144729566591479
9145,114.75877287290639,9.682603064716378,985.594134941869,17.307965620081475,2.3833842477210796
9146,117.3865623896628,8.613269471220255,998.5333804456423,18.534256818319246,0.3541449530644556
9147,309.6411318457801,22.60834272823959,2636.8168912420706,47.918065652534644,3.8289921072855573
9148,87.89123401184384,4.553116990122394,738.8314274479449,13.306373768253113,1.4047192084524927
9149,231.54150223886487,16.860811191156817,1978.389400662545,35.41846126659176,2.8924522994077106
9150,189.73893972879705,13.35215550085008,1611.5045505847145,29.56730263238832,2.0718757017743874
9151,-13.941038388559592,-0.05996076583628854,-108.9125925107962,-2.181712550009459,0.03343851804024256
9152,78.27598205206378,7.799805440146805,674.6999771085756,12.621469852509005,1.5895275748705204
9153,122.26818042161727,9.325727390013668,1042.8516540771327,18.500607000800457,2.484341735501263
9154,284.0118240555636,16.738356607697572,2396.343719490435,44.297505420594106,3.320509917511865
9155,239.78991159669013,15.17513316979665,2028.4405672924938,37.72563532976279,2.2957543598903327
9156,-90.64680951404056,-4.975203868394863,-763.9766296999251,-15.209992370688129,0.2323454267484797
9157,40.297944021903454,2.5717407818373914,342.9906434035052,6.836618879817088,0.6814874131308271
9158,273.26516431173934,19.79651238021605,2328.7548581531214,42.01392953320359,3.3328931659494203
9159,16.480200527641067,1.4282644309880288,139.73709102216947,1.3366565658695788,0.983382514076653
9160,17.743563024410076,0.26554455936023413,139.88030160921286,1.8675859478679426,0.3229541223332233
9161,149.82520082956617,11.139072073187403,1277.3147481540009,23.141844501293242,2.4715127409419204
9162,291.55242962358204,18.81114334055393,2472.1334719231895,46.23706854298801,3.138911083646137
9163,33.756366010662134,2.7017229207890354,289.8593235961994,4.6777820596910225,0.7487285739897489
9164,-10.528860756179323,0.8877905929236307,-80.74976256984291,-1.7610506774693264,0.3247215348258159
9165,164.51041297121208,9.623596746310746,1394.675258130509,26.71562685982498,1.374542845960843
9166,46.19955378169355,2.71630749857695,394.7311841376845,7.5221537736867,0.17356654472971167
9167,80.26742942311637,2.903457030307232,666.6649166353066,12.196039674943767,1.4626710455919354
9168,8.950679277021043,-0.011327214205705205,75.26276342930896,1.5277531606191719,0.06808858614607072
9169,-48.72450990476385,-0.9869680909300629,-401.4469126493015,-7.331081010469207,0.3321909231987452
9170,390.1506253000887,23.987882396596714,3300.6921802951433,61.65619340411593,3.6579398150057107
9171,292.4088367073628,18.905833159130296,2475.5555138415325,46.4660627178939,3.449379040784701
9172,313.023954783318,18.3666526016572,2646.0372824116257,49.26501146699539,3.6759408511621006
9173,186.34238370112607,13.660103537064003,1585.5764872030516,28.823430996555736,2.7701388772456648
9174,127.06831482574837,8.468875185989063,1077.0829942324465,19.78647105640505,2.167647880074866
9175,64.04645857956595,3.0330037310371574,541.5810894854285,9.764268682595826,0.5854201021226828
9176,-37.41693627512647,-2.8562149410133615,-318.65370528888366,-5.5114987317245205,0.1261089190501301
9177,281.07440924217804,16.32375985378388,2369.792704082578,43.56590094422919,3.1353483569398386
9178,80.8777617260453,7.058725145200971,698.0755011885742,12.894454642184758,1.3797163582599716
9179,286.05590261264115,19.338823067754692,2432.7809180477375,45.92468450979377,2.9679113534925516
9180,35.84211643838191,4.143748405959766,316.91308098651575,6.259208099320854,1.6910389492719649
9181,190.31267208358477,13.752044615758999,1622.7951284542708,29.359407202925883,2.4386661321099012
9182,61.42438155331742,3.691487973544121,524.1679844427268,8.768790085862609,1.150350364488164
9183,196.22464012966753,10.750086436505839,1659.0082217542583,31.056196278978415,1.5768415119738566
9184,131.5960178827195,7.922583581378406,1112.223294280768,20.135991577241963,1.119415969263076
9185,257.79315574991455,17.671074868089217,2193.6573784891207,40.03095282402395,2.874498631695544
9186,25.288543276466587,2.80972149215805,221.0890788604084,3.6032511061918937,0.10506002372460888
9187,314.5336926900269,21.52163867185691,2667.942397026201,49.196430276332784,3.9934560185462242
9188,174.98858478452465,10.551633129035803,1476.93139936449,27.113396980015914,2.3813924181475694
9189,303.2966588040459,19.81682873997307,2574.7170566052237,47.74630202537439,3.7020696522577876
9190,92.43390340057292,4.715956750357817,781.9896742535379,14.011809599123996,1.2631473007476965
9191,89.96928025045395,4.248636060152871,751.9434902421361,14.378621805784823,0.2451254760063435
9192,89.71197722556077,5.750785545324193,754.7714367784388,14.665307642606997,1.7324131985115079
9193,112.65389575689855,8.254817251668449,961.9083528765111,17.281848073787376,1.5758347830993444
9194,283.7101660207316,16.82192433552488,2393.779410695342,44.4671386954577,3.4653585293120734
9195,120.71765951468089,8.728863077107928,1031.2622900883457,18.80697149283696,2.2221252991765406
9196,144.50172786962364,10.228538806333624,1230.4167696241802,21.87706388414634,2.2532977676196992
9197,280.32720533460974,17.519315690900953,2371.6447720848764,44.311260071712006,2.713162799140459
9198,170.90748110662412,14.057410398471289,1461.706099140522,26.09514431064315,2.7599267205802565
9199,288.1344930113998,19.94774309262252,2445.841279936218,45.23049678151938,3.4944884060203685
9200,349.26437768453485,23.315814380118145,2959.5940931236505,54.26060113156427,3.6982023280333434
9201,268.65666517075636,17.549664983425814,2274.249039896644,42.952643726615,2.6132028229210253
9202,292.82452163563653,19.657685168044853,2486.818379390362,45.54414762066016,3.657763095137368
9203,-4.703156156256215,0.7113603963433783,-38.31974281035059,-0.7873328202732388,0.1104294466160769
9204,72.72406615781226,4.1849670699440065,614.547425884562,11.855664547809752,0.655893168589369
9205,73.76919356736656,6.801085022504423,631.1063068891293,11.495909042969458,0.23090781580831132
9206,211.97269271371962,13.554949860548165,1801.2905120702571,32.56680846683952,2.8996699054278796
9207,71.84594256880553,4.724393877248879,610.2194480119059,13.02896050660691,0.529993870200991
9208,80.08083588141518,4.070965342818089,669.6301643689774,12.488200456231649,1.656913276970815
9209,82.57900675275785,5.871849695808945,704.7179993509853,12.705913923100333,1.6667763343642914
9210,93.01398281648196,6.964701249590307,789.3961150061076,14.693002526479738,1.5218498543430043
9211,95.66283861387274,5.935628331139837,809.4486268105227,15.079083247279575,1.7916019742804026
9212,234.20409208630088,17.418485277052206,1995.7451763337344,36.78541823108596,2.6501620807369943
9213,236.29264181161923,15.961426256019763,2004.906985317048,36.2229776474068,3.512395154172923
9214,187.3513164737895,12.858385528893571,1588.0553775039555,29.697575213105114,1.6105290733008264
9215,-46.293739565685726,-2.953609103408181,-392.2535771774463,-8.055735171914161,0.17225435064996208
9216,237.49287266386006,16.35716646385952,2019.6072351629189,38.23518588103168,1.975595060282588
9217,158.450667076326,10.95860571160581,1346.5462931683658,25.31506050037398,1.5682220605930577
9218,342.7579885215056,24.64105818772163,2918.578706307993,54.58650443669492,3.3419346401392716
9219,329.1480845055483,23.739788367921186,2802.7766002129392,51.05628011547236,3.962920878721069
9220,-60.0295972468011,-3.0809266885517816,-503.5516132932344,-10.221147921292495,0.39480470562602976
9221,90.83728079216856,6.9752337209191495,775.8084211251077,13.964179389553914,2.1060680691733897
9222,249.7300352329546,16.66851479046671,2120.8448359690037,38.85519745672732,2.25874662741929
9223,120.95265466512889,7.926557420369914,1029.4632438179806,18.057429953351253,1.8553111822639794
9224,1.1036305167369431,1.562332173756405,13.953088506577323,-0.45642899428866324,0.4893419983090874
9225,286.94882944180233,19.139440180791816,2435.8499397856854,44.38307349108769,3.7644190809891764
9226,125.14565563091391,8.96348230802158,1065.2666416789823,19.998487614331793,2.378348953004361
9227,323.3386530534164,22.69999572875701,2752.981724774362,51.36666953517341,3.103619154200302
9228,244.12437767517397,17.581867613470013,2075.9908054617486,37.86528207949256,3.4774022636368174
9229,117.81924988620759,9.660914713669191,1015.1318471489615,18.17663097261361,1.4996115642903871
9230,29.1900689735695,1.7031571470432905,246.58252253835406,4.232246058987758,0.39191321249146727
9231,61.4635848185082,5.965295331173912,531.0939391647487,9.650287835026951,1.691581808060807
9232,260.1512377281742,17.16139907285292,2207.0835318686086,41.13599352028505,2.9920985568093346
9233,69.38909453434388,2.1375666566074774,575.048891719137,10.616259617429389,2.0554160147191234
9234,246.9377653282311,18.361538630715735,2101.4717193543556,38.07476232259531,3.804579294179614
9235,81.34691706986038,4.695070268505455,691.7667285939467,13.017070666310268,0.43503206186699916
9236,251.62241125138638,19.31064594697485,2148.560337440847,39.32877107242978,3.397362157481106
9237,124.92379920763712,8.681538646338614,1060.733661289356,19.446703737143316,1.4376056469428997
9238,322.17067829494846,22.219051848727002,2737.4562197647792,51.8005670064622,3.0335737749909777
9239,327.50973657560854,20.583432801428202,2772.1645703856275,51.24431905076376,3.9444527353818892
9240,87.26052961476972,5.459199544256814,735.413480544996,13.634350942373175,0.5272686352664038
9241,290.41035358514785,18.1802668771732,2457.7585946055706,45.58306584168471,3.7593813709325983
9242,-0.8784372886694003,0.11661613332110732,-8.144572924751802,0.757602506294668,0.349898355415486
9243,286.07737833423647,19.24631679158855,2427.159601756464,43.64111274675928,3.558240846850085
9244,111.32495901340276,9.058598351601784,956.3666000892727,18.34273899365035,0.9787480990152027
9245,301.8827908891733,19.413735511471206,2558.0641334256197,47.237317983621985,3.2832291406374066
9246,117.81735964271613,5.690469354880747,988.2506796941815,19.175612320159043,1.4121346810392104
9247,119.59202845764747,7.52589192647647,1010.0915118142984,18.333812807310533,1.4868268711709574
9248,259.8804950681848,18.122288041573853,2211.650102307485,40.76188374852285,3.2310825437896473
9249,235.8814258879054,16.203787210178632,2003.0507135984012,36.602018872586605,2.32893583392913
9250,40.02914908825934,2.285928979200481,342.0202504534893,5.910366000749342,0.952669649449513
9251,50.336384887101,3.27043216366026,430.471107901395,8.103614143932257,0.9723961856993415
9252,364.5012536422659,23.25673239811764,3094.5769127062736,57.2303749492424,3.6883609736442966
9253,77.39007950609745,4.3424701450266046,649.295931310982,11.514163245668062,0.920937339712304
9254,43.564276418137325,1.1532205387820613,360.718825252776,8.084313261457785,0.2384757086618814
9255,136.20272766834225,9.76392625556569,1161.9483035402918,21.217636710205053,1.3454874453858876
9256,136.41963766420122,9.19416504758809,1155.3251795715573,20.510349703037434,1.4266055494971934
9257,142.90368815704497,9.001521075197251,1205.8342624450158,22.1538877680493,1.7142153972384442
9258,26.309798394376596,1.410684800211981,220.6930262580643,3.480643192767545,0.8833913980340671
9259,235.61550376445544,14.210694157014435,1995.0665963830068,36.83269431090835,3.418242053450665
9260,237.06451766956914,14.882721134903147,2005.8370560990495,37.502954995907835,3.0908770592076213
9261,215.66946031518555,14.621383557381213,1834.2986822331436,34.189598458896334,1.9026934647341651
9262,238.23033778671788,16.331683336060678,2024.2231266354809,37.920887304398484,3.074748250038415
9263,95.25859972430943,7.409040997484097,810.9770586937767,14.1438115054487,0.9071645195854261
9264,102.3623536617418,8.182058691864317,877.3766470643515,14.760057040606512,1.5771280879001592
9265,144.40250535916485,10.073206946945955,1230.2234122901466,22.57854351945482,1.892038343341866
9266,280.68207726437043,16.771857619028683,2373.858269297638,44.691026184083505,2.946351131657158
9267,153.17909386291979,8.574669452044915,1291.00454790261,23.354407117822845,1.0258356974265084
9268,316.33161756697694,21.646577612216042,2689.470378991913,50.1155176052087,3.577693904558435
9269,-23.26351442894664,-3.114773351493535,-203.78442649302147,-3.5412456678600917,0.8239775802040765
9270,3.8996835561734526,1.60950617598224,37.90904735456994,-0.6449677028815239,1.0610660757406425
9271,300.1079059954704,19.246369573540534,2546.6035738284854,46.85808462303304,3.160926270482123
9272,284.3995927329673,16.793550632720837,2401.2458092933057,44.954725502121164,2.675697596028911
9273,207.60675889713457,15.335129494978867,1772.014910619371,32.57908906358074,3.0483379243755087
9274,119.85193137314062,6.712291121378359,1007.993046376297,19.08839681741097,1.2629957948220905
9275,-13.206020509994046,-1.6497419142783696,-112.63422885572047,-2.1715267354228867,0.19687702588596734
9276,256.40604914212224,17.264071298064415,2178.6067391357064,40.77292870354229,2.3308121159965927
9277,-13.09002672763833,-0.013960723657188756,-111.9476103047078,-2.3471959082078304,0.02748102050516632
9278,259.56640472763115,18.040466122359796,2210.537850197324,40.416373614734574,3.502223756753813
9279,233.12615057282824,14.522417794659262,1977.1968819888684,36.686617275535646,2.02990768507979
9280,-35.845662629956365,-4.044235573279909,-314.3619350227065,-5.936530351479851,0.02726545507025735
9281,113.14110048935066,7.323031259816896,952.237686667297,18.370475499160058,0.8869634837506237
9282,150.64723499197993,8.644814321025097,1269.242316843985,23.969217392952373,1.190252834707219
9283,322.25775379522986,22.796161440885534,2739.900202383407,50.98751106835404,3.303444387941461
9284,182.65954282085383,12.183419406437428,1544.825884164653,28.83107300291046,1.5002749736511625
9285,102.67849944449155,6.808104485668359,875.9988010231676,16.76388557537239,0.5948775711266632
9286,-44.855570652039574,-1.2197908864201126,-375.14066375553534,-8.524376142306192,0.5596344796193349
9287,77.14701766857395,3.5214091147933884,651.0512381383505,12.463368665173224,1.0913705915586265
9288,350.4904178642535,22.722466752961616,2973.6305282881303,54.958974656886035,3.8345756874720567
9289,329.48054339687195,23.401565607372028,2803.2976049581325,51.957517713147524,3.804381002591318
9290,196.93089647590986,13.233157400883577,1669.1142441707207,32.523520071817664,1.0498275656904705
9291,176.25662888785365,11.52444078792956,1494.1450742694199,27.23280088348978,2.4901532308981458
9292,61.086502023990214,3.810299191925213,513.4462655831079,9.315237369166832,1.2283043007787295
9293,181.72121363081342,12.509523006417595,1542.7556738550124,28.36353090279796,1.4205727984676786
9294,-2.8096744489190204,-0.4211266201402539,-25.82951803053874,-0.3139548531889229,0.6977795145733094
9295,68.68294896832596,4.764338505824915,586.2328871328681,10.242508057985198,0.44437097627558675
9296,261.33263797496664,16.256813473019488,2216.744130915938,40.39156565646604,2.607251556670347
9297,229.1078837655822,14.316587416542244,1935.7856141633513,35.90451468242445,3.4038549037814385
9298,188.8949340169132,12.819441759748779,1604.9213448503133,28.267924121354156,3.0842915460376057
9299,85.69782806464913,7.624238876685958,736.1513986860222,12.596974495176589,0.7781414056999676
9300,261.64725218544453,17.563664821577525,2219.399596781824,41.905725687015945,2.4630128517862473
9301,122.00815968047303,7.379395258127331,1036.8227615055137,18.736536948253683,1.0975078496480886
9302,191.73322722226004,12.18965964406733,1622.0008088769027,30.064978451362737,2.0886283176423746
9303,264.7145730649761,19.33588212386704,2254.7490311400657,41.975475061471094,3.460853486174841
9304,36.789701245685535,1.0729000004195939,303.3448200660065,5.164990922839584,0.4417296199564973
9305,183.3943865804944,13.14556624851245,1561.5151186014168,28.877693293200785,3.4722650937573434
9306,-27.000742383297634,-2.2319211628057865,-229.8142178386208,-4.384500339499924,0.5072765071515808
9307,197.6915248367923,12.3244326316641,1676.8978955100476,31.148443610991563,3.0557771738977295
9308,135.3381345917427,8.07439977806337,1142.0535293969901,21.01906271821071,2.027983301417522
9309,283.11163734056413,20.309727383331236,2413.4093732284978,43.33612935040774,3.30181468932112
9310,201.47381481202137,12.44959832953631,1706.392727631335,32.038174611140775,1.9294887378117624
9311,327.96772222623815,20.163268290680602,2772.8963646134443,50.87100378230907,3.3319859271850976
9312,124.15219479281724,8.595754728406675,1057.351071224241,18.926611096956464,1.9207911530605295
9313,105.78864571885875,3.939948366379652,882.2559895648649,16.986597472339383,0.8932296691314363
9314,100.34961714062042,6.992426564936988,852.933560660655,16.681242838507224,0.9140680327445638
9315,81.09298631347627,4.927500906455609,685.8677097289369,13.038895500334432,0.5150422052445629
9316,169.21329830231184,12.086033817725406,1442.845673416118,26.94106605084176,1.791721529902277
9317,225.12780125407227,14.234464026047778,1904.6645020700446,35.68610005825622,2.8448086733339606
9318,361.3186686925818,22.35088311355543,3052.123261544369,58.02657298941166,3.9243854541438212
9319,135.0371133582683,9.662550603977543,1149.949185042735,19.57102828039575,2.000105134394478
9320,70.06607655741969,3.800263903097667,587.6283603038077,11.62292236406426,0.27082836171959235
9321,180.0535756407026,12.096247778546335,1525.3880436217414,27.59689480205764,2.5195737052153064
9322,37.67697537959596,2.5989810384192285,320.873842977743,5.099333436750232,0.9148792447692098
9323,331.8767943653359,22.77103459899601,2822.059155428251,51.85610747109797,3.513609606073721
9324,113.92640399290718,5.1948474749826605,952.9127751936591,18.140069134625808,1.160659713368847
9325,344.18387506350655,23.469813871652462,2923.8351000974744,54.068590216773835,3.5449366143431362
9326,267.43560005714124,19.031176393590275,2274.4278613228576,42.576034693097974,3.1008316117523167
9327,160.85671948918116,11.374343985418037,1370.5968250305623,25.50737237905652,1.7644783212408957
9328,113.07740726467547,7.3056276805620275,959.2356457101321,19.016627031928593,0.9527876808831062
9329,213.49124747756107,15.759266922192648,1823.4809022499712,32.394025841280275,3.2843182604807444
9330,88.79643053332823,7.814655181542405,763.6609414679194,14.594808792273762,0.9456351243817274
9331,255.30342123376226,17.169942681283423,2168.804559199098,39.87033037224173,2.850299859778374
9332,140.84896704043746,8.659789658423858,1191.8886215155267,22.183838543528122,1.7924742599648322
9333,155.97075914211905,12.087256370305091,1335.6690162611649,23.674480789064404,1.706933071789937
9334,160.25674364387754,9.272215431964671,1353.6569028125055,25.142783148776264,1.762695865720477
9335,130.2773477564173,4.573092417552283,1085.4105218831467,20.895861979853265,0.8029199119767454
9336,291.84206115926315,18.081828523762745,2468.252343575661,45.14426043525836,3.816600429430213
9337,59.28011646428499,4.26723994214173,505.6446889957083,9.669563686208793,0.6854789717495531
9338,25.028248908991074,-0.20607540121016177,204.1540488097811,4.457512952545574,0.7002129823943175
9339,46.39195547793545,1.643866960677069,387.97317574207744,8.182019761828826,0.7903718704789306
9340,137.6272811126293,11.046249537062055,1185.148478385478,21.35609615427326,1.5090669920488993
9341,-26.516039863576427,-0.8618950298231338,-221.01230996599617,-4.947385802779014,1.1844305841230938
9342,285.70776142308347,19.858077307041096,2429.356723730812,45.04159902369428,3.349668818778145
9343,137.17305148316046,9.596288931179426,1165.7099616761566,22.71153783765193,0.5842832575163679
9344,113.60688851144066,8.521928734697262,966.9960499855457,18.435390037463275,0.8055976957649014
9345,147.97576824471298,9.665022628838726,1250.4571051239784,24.065854528381777,0.9427299763284966
9346,139.1596869726989,11.252665726889632,1193.7047281628966,22.395944241189447,1.2400155673635709
9347,72.14981198495158,4.392206398857806,606.1242504448809,11.378228100369553,0.6150341823212702
9348,41.05026734035452,1.7949378717686113,342.16540556409257,6.347531216107896,0.3467642737340717
9349,17.349046897043603,1.2259457989175513,143.93105122228158,2.8418519449424062,0.3411574146070566
9350,322.2318283778489,21.250571528690706,2736.5233042338136,51.32551210561412,3.387845725507889
9351,15.831879036913914,1.853598944202053,135.20557739358551,2.2101111108970612,0.10481615033997738
9352,72.63713433070582,7.056768834666523,629.9788765754439,10.572366701475604,1.1732543383230816
9353,111.17897852156422,5.867371429420132,937.3091295173609,18.165850764185066,0.8644738462433361
9354,52.16409863768046,2.6368923713112205,436.6453932059531,7.904649959921654,0.9186540151521072
9355,251.85633762865305,17.899710262974526,2141.629346778,39.44210736016726,3.7733518749549266
9356,129.67260717457012,9.337992170430603,1103.0640693926887,20.47138638136497,1.8709457369336913
9357,216.4380656304683,15.477340205827186,1839.7366233677103,34.272375965329985,2.031123599684422
9358,15.169868369091299,1.2574861710673098,126.65462296012801,2.8060520409220246,0.5510931585163186
9359,32.502186433872915,3.6315907359223054,285.8819321470365,5.061808682158384,0.2111856557185008
9360,-1.0142492977014688,1.9374334573995324,2.355229354235846,-0.14462731227138903,0.1063628565931638
9361,162.18065812080036,11.37950930608073,1381.047229290131,25.021853520894105,2.0773547437796083
9362,222.21730459024835,16.186910658549433,1895.5261673008736,34.86574253149471,2.8627491471408613
9363,333.05501781352814,22.158921334268634,2828.6624951321437,52.29842519644347,3.2922654077978204
9364,38.389286935151475,4.804156841967357,337.8716347781332,5.859135394628578,0.8029910183934104
9365,33.485926634345475,4.282028424168374,298.956589742596,5.026136253428133,0.9895267891119794
9366,275.7042062386576,16.67947950014646,2336.52481437329,43.37506625009157,3.182503118248681
9367,74.96255280816689,6.678097777551047,645.8395883420134,11.352427118841199,1.4845929088952463
9368,55.73425960547625,5.217905170239831,482.21431441052835,8.128899767083988,0.6295654980978354
9369,-67.23990270570155,-1.9104861220275526,-563.1088225273184,-10.655680060991745,0.3511799093277119
9370,218.64702964584737,14.915985589043256,1858.1405466957274,34.16909197360692,3.1470283581049134
9371,304.74912519949135,21.24287328832043,2588.1045005107894,47.61246865390069,3.799882884475449
9372,168.49651386512,10.916836519733053,1426.778661549156,25.71823590681521,1.8559484158995438
9373,423.74175945155713,28.121528418243294,3591.6731380774627,66.57338170767868,3.918912598753424
9374,207.2667635505418,14.868430183541012,1762.4951907118066,32.64195841327837,2.7618317053759704
9375,-26.674358860662284,0.6091151118402092,-214.1054383999453,-4.673388809394126,0.12809457485027753
9376,108.99928610705273,9.897203787396073,944.095661558069,18.294996125980923,1.2680760722747633
9377,52.380800666804674,4.612549539096209,453.27976014743416,8.315219118844595,0.4307300018961109
9378,-21.823539646599784,-2.7905196704854003,-189.48351679541528,-4.3993655249683625,0.14347804945299858
9379,-7.60429039296262,-0.7259825941716895,-65.16648393787234,-0.9452517220441726,0.17326203542888718
9380,319.08704724464025,22.369761008848606,2713.81493777968,49.31442583157357,3.5112850850432515
9381,234.73528765070753,14.77478874464741,1987.0044622705334,37.46734606721883,1.8338535942934202
9382,188.9244191343908,11.842220985140814,1599.0962441403335,29.841450633673304,1.6645321618975752
9383,344.4059626513172,23.267233483306605,2921.122941215268,53.86403314618153,3.41720710057768
9384,150.0989475222811,9.007729230137233,1265.9983417805454,23.404437917924984,2.3847567836267096
9385,20.670091984114126,1.0598502698699979,176.05745506625348,4.324950230505695,0.07704782231786833
9386,303.1190617731888,21.028066505756513,2579.9438021489113,47.819633830333004,3.798252167771041
9387,247.78046997725292,14.849209312618328,2092.663891104479,38.87617081444093,2.673531362299232
9388,232.89153205468787,16.432207629820873,1981.2756253127993,36.27814648845663,3.163888912754679
9389,167.18664117090867,9.864112915840192,1413.6542088150184,25.109688117876225,2.0750125187785957
9390,103.30076304268883,7.058233195913003,876.5044752022966,16.534489940880086,1.7115106086317873
9391,278.21742459676346,17.046073965841767,2351.5703265436405,43.419292699288164,3.6217711164556428
9392,160.82981570295607,10.551195473808523,1357.0023211834555,25.537275764439155,1.7427226750805103
9393,248.08673394324055,16.638124808591677,2103.645135173897,38.803717011080785,2.3582236640479985
9394,75.69163740618676,5.575719099540169,643.774807644067,11.051813419478469,0.9440086749261183
9395,274.17256315584467,16.238043628365368,2317.2463018191884,43.989063945999916,1.9997195833855486
9396,166.4146564726713,10.164814740820882,1403.1988973065104,26.47928786589658,1.9906843385026307
9397,20.57786805230937,2.627723874332677,179.22613574204516,2.6967868841919413,1.0242025380657371
9398,149.51757841637777,10.421224674559607,1270.257058440786,23.33273459435019,2.5362270668787503
9399,156.33206856064652,8.77674716666159,1320.997323279386,24.400299899023167,1.710408396851371
9400,174.00622967445622,13.023073729582517,1480.8822749580286,26.412538119036647,3.1308526885054335
9401,150.3653341284023,10.467999909410171,1281.4818608341366,24.919801376995352,1.748378247547132
9402,174.7904126190378,12.229566078625124,1484.2236697956796,26.71191203523389,3.2424819239277327
9403,86.86882761614093,6.419772291870901,737.3562150608915,13.783676667079517,1.3296347565901185
9404,190.05488472234262,13.25198643140852,1617.3123715491365,29.070388774904085,3.0582735018357012
9405,51.41130017660452,2.2282104976303616,427.4808178160021,7.651048673376684,1.0416280399305342
9406,111.04980144581761,8.078923470229206,940.861383821445,17.336381772542826,1.772394200258066
9407,305.33682614136853,21.908918090746887,2602.7873173014896,47.62354818983812,3.904608188803928
9408,231.79583245273537,13.649044386399515,1957.1172787724818,36.15512162716726,3.4155265783888167
9409,245.11032310091852,14.533428441960325,2073.663362907611,38.75359468636333,2.5829309181221993
9410,180.19467775281976,10.469413241607676,1524.2826946997188,29.40731657607106,0.3136605522456808
9411,174.73867028245812,12.912231191563919,1492.3576158779213,27.089230707199206,1.5956406990516028
9412,52.54548271378279,4.987427347661733,457.97501304371775,7.745515506549473,1.0004543367832235
9413,358.1897591641845,21.867851485491464,3032.0590088915883,57.12897574196485,3.825209870170771
9414,104.0771964154187,6.576244128362183,881.3651621455753,17.158644027631947,0.8335095320661248
9415,245.05222016993648,15.930009048881638,2080.8428182125954,38.41386486734859,2.7577450209266954
9416,111.73323922434037,7.2819907784519415,944.1814447220214,17.78678556697575,0.7233782308365613
9417,79.58115792323962,7.28155266987227,683.2855178304859,12.551549417209277,0.4840559648906817
9418,186.8966354194518,12.382956203455,1586.5004344716679,28.83792093393503,2.052013839373132
9419,157.2386997927667,11.241042096402781,1337.197218611991,24.681473162812324,2.2224431940309852
9420,176.76063277891578,11.496845929306737,1495.637669126434,28.04616042513736,1.1483286753500876
9421,324.4840742643512,21.212095172206496,2754.25373975745,51.85983222645951,3.8469039793781015
9422,262.8543851697242,17.969916294092258,2235.0622224510403,40.55057766749327,2.748459534841414
9423,80.46975778956849,3.490370572174605,670.5575504198387,12.933957850944264,0.6305128264591087
9424,139.07450486264412,11.743100027370668,1195.3118350237567,22.358765196405542,1.8887682929226872
9425,101.3977831917866,6.548988017395532,860.5457767386404,15.859321345842519,1.4318374421663633
9426,266.0498247367385,15.402632900587204,2245.6273958016386,41.775532922765336,2.897057538651339
9427,251.27721859440027,16.721730177455438,2133.1142193741057,39.30347297953702,3.231047306638222
9428,-59.579190813075996,-2.9199224524816465,-496.30030410330284,-11.196728784627307,0.11114446581206572
9429,113.90451492043509,7.371001636790442,968.9754823454875,17.982866613915053,0.5028497914224173
9430,312.32315135690965,18.611663646763358,2637.9081781321397,48.514597102954845,3.591892270971166
9431,133.52776389435473,8.4557341889808,1127.504077401052,19.94101798501932,2.520716499735884
9432,214.40469343090848,16.746050164519936,1833.7333978208208,34.068561946882184,2.580336895009913
9433,187.07536998115964,12.907526463783332,1594.7925596577575,28.886133668621802,1.6786822738129792
9434,171.5559439816952,9.643019722150099,1450.59377606485,27.239003824118157,1.3472284577914913
9435,226.11173798149824,15.137301568231317,1917.979353389352,35.338455218733216,2.5043388855341324
9436,5.329996821053537,0.9853608531138327,45.6739769660722,-0.3432743966831908,0.4632978978589062
9437,302.25347204327636,20.258499978419717,2564.0827246852496,47.03408636845929,3.8228970100813444
9438,65.1499656224794,4.914794578369429,551.0868435069641,9.001873404656758,1.638955319191719
9439,105.93689225323145,10.315906719298585,916.1557061600173,15.580053008058943,1.9010020021674987
9440,286.7778641744253,19.063665437586366,2438.434840393943,45.59373627237481,3.245152654720346
9441,151.5765806485508,8.427373665161285,1277.159069395839,24.208690421697096,2.274448013654364
9442,281.03703831369,19.195878734642257,2391.442091762799,44.35333057441292,3.250546784908763
9443,121.03202597997654,9.708675593006014,1036.0474916462897,17.773386267648313,1.9062676978721447
9444,131.37126281779504,8.700835481543706,1110.7599807470538,19.700080761041054,1.9286811562301152
9445,65.0930558179805,5.09222711385315,554.3545321692516,10.14178062300104,0.40036423068380955
9446,158.38775748008123,10.520410163555459,1341.9381922831103,24.929663579883222,1.425274251530305
9447,49.05582718740156,4.314582683104445,417.84900119150655,7.593364935951112,0.7932027725148725
9448,48.84012139677463,2.3014262919560773,409.2889015560933,8.773271952613907,0.4072549039026008
9449,95.29729787949722,7.724252350897463,818.8341395750135,14.28300152105868,1.5267925014539152
9450,82.97480434526796,6.2694283505893385,705.9730265518702,12.68557495350796,1.4985150994007275
9451,382.5450617575168,23.281698504069972,3237.0475869835886,60.04009365914093,3.200027840393257
9452,138.34808087300584,9.06205230514807,1172.6525473088416,21.87647329577265,0.9125191146448852
9453,218.76704196341922,15.580146349559401,1862.6710165308405,33.74415014671458,2.831039435376211
9454,274.5646291438896,19.21350619642805,2339.2482304690975,42.32753466685213,3.069446874461143
9455,265.2969558908667,19.04956702411994,2256.6201418090486,40.72701677925027,3.5492181148742477
9456,77.53050080054604,3.817036710560041,650.8422749423626,11.70396192763491,0.9671024399433668
9457,364.37825335430813,24.24275609284417,3089.9437410939377,57.50380757533076,3.6039143483343827
9458,207.02611563382027,14.486464347093294,1761.1225996682763,32.638347997003315,2.6268783668847484
9459,60.49743849923205,5.511674937630346,520.5728723747534,10.098256728101983,0.5391709266549394
9460,61.70977526068184,3.1411404454278253,518.9514701845442,8.545132941677604,0.8179750258539107
9461,-2.6123373636067577,0.7131036570332716,-16.101771671639394,-0.6156637273757282,0.5196673146770179
9462,142.36057706714652,9.116589570484766,1209.3696295175287,22.804118133211013,2.329845487607215
9463,95.15902126578175,4.021475492268529,796.0446109738235,14.6945120553527,0.9088262641180282
9464,201.55417945952036,10.489158696963477,1696.0608164619705,31.735658650433933,1.9764564722902191
9465,59.417137467786034,4.613094845030645,506.45871040003874,8.487282460241255,0.5315048540990364
9466,216.62465963194498,13.628596262267004,1833.2997191703876,33.22255249027693,2.9280392687487757
9467,11.24203649483309,-0.22606790661384402,87.15634679007844,1.7958982582789578,0.46863975433039506
9468,343.24326076315475,23.66498189338323,2914.0603299232444,54.461179550873155,3.7309790834909067
9469,288.5299271319514,19.351195453626108,2448.7096166604497,45.725423034622686,2.732634001622815
9470,349.5106031636565,23.430432860590326,2973.1623639692048,55.01098395491685,3.7184418862242974
9471,113.68823167891476,8.349767047793868,971.0617788411464,18.361255630628598,1.395612981481721
9472,182.54567644156631,11.827935689884722,1548.4825917889957,28.30977274374008,2.1774098147632586
9473,101.62414990359395,7.020399717869633,866.7656160361331,16.111033635538064,1.354526361659644
9474,145.5543649901944,10.329869436105596,1241.3607559143636,23.048886334343223,2.3172198266201955
9475,296.59731127239934,22.579138838384008,2532.0266431177743,46.1404682847497,3.854663866745346
9476,81.68038199213201,4.4570524348634155,689.3137551787057,12.230842352419156,1.5584678797693243
9477,258.7549384498902,18.813621449669075,2204.418081437673,40.05792119385686,2.7005685713688634
9478,9.020258217771417,2.992137856300189,84.1909163833048,1.2468013501421247,0.0005573328005774592
9479,8.375181253094848,3.7988820765773816,86.6643889667365,1.2966285042794867,0.44322220194941053
9480,58.756013314944376,5.2442129576114365,503.9286346444177,8.883012253566276,1.0070776895321965
9481,28.689884532566285,1.3504384766701212,238.97857447679297,4.189616264163617,0.5383852498074124
9482,-1.4969687714572055,-0.5520635711882047,-23.162359473401636,-1.2435840402822933,0.8096670427400277
9483,241.59087712538573,16.61985098419394,2053.0614830386844,38.06863489599546,3.334775010510364
9484,132.06485389004987,8.104610672853306,1116.8239327739532,21.13725085140115,1.6290787441847665
9485,274.8209939019303,18.555399055674044,2338.0997024982457,42.4354178310559,3.7727157138044434
9486,148.6987373915968,9.401844919598725,1262.8597617280448,22.96544935947292,1.5002021390221931
9487,251.4963137191861,16.514272654437928,2131.264735493739,38.86154703522212,3.02613786265667
9488,80.80534947816675,7.036953606581243,698.830941285314,12.384953165940285,0.8615694227458377
9489,1.8671489138180237,-1.6088509784784788,7.866745341093903,0.5240819132286867,0.22403145583255402
9490,285.3207584509071,16.39361365979518,2408.5214412181303,44.53268030253247,2.7530417118375095
9491,317.51645383646905,23.54836744531576,2704.402153850571,50.08793144427404,2.9546854842112005
9492,272.0617621250837,18.245787294576044,2311.54784970039,42.605598045396306,3.349726857239607
9493,34.34808493073744,0.5425820306740284,277.4338985528371,6.5270426386254465,0.25571435674240295
9494,126.02324636337153,9.229076525786327,1077.5020931780662,20.02278286941862,1.0601126402497352
9495,316.29006150827763,20.291266661514154,2683.320196375214,50.171964760654646,3.3685525455504273
9496,-5.277270326728605,0.3774558631132472,-41.554467942122514,-0.5383916800509984,0.22907534733645285
9497,98.07447604729373,7.006655389440181,834.9942357220718,15.510452983346106,1.0936399782951467
9498,373.3020279499562,23.825181896841652,3166.1183551588806,58.79208987268985,3.988622880287271
9499,130.4333543734677,5.3171145579312,1082.0892547794567,21.761406454968096,1.1249743951637416
9500,290.90847908342954,21.22858992383025,2480.0281854004197,46.37548248686788,3.746011491129338
9501,349.2499363293376,24.492447843615956,2969.4578961038665,54.63089353258989,3.7467066922040897
9502,209.312636509955,15.428315892409476,1783.1839000897078,32.86400152082437,3.5719194141654658
9503,273.4677376270049,19.94877750050594,2328.3898731836503,42.73551328748875,2.5070909295767256
9504,299.7491945560528,19.986917422272434,2550.387063803497,46.8302946975912,3.739037923214418
9505,-9.094428012190189,-0.419239297811107,-77.55099509783028,-2.0061651084667353,0.39352928005611787
9506,206.24652837637518,12.632156285410815,1739.8293264195395,32.64301012549814,2.5198211269286275
9507,312.4545944216182,21.830987842625944,2653.792130164995,48.34596250331674,3.645020656823299
9508,175.87593301963068,14.706427704070395,1504.77012568651,26.703028833194768,1.9590971576456235
9509,248.14925354441814,16.526124063424007,2105.1089860544553,39.537985979852735,3.1934227775120902
9510,16.559996122482328,-1.4168240614242318,123.1383710004069,2.4208520532919917,0.08774774463283119
9511,106.18530259824325,5.5116805945823355,891.9544015606962,17.138920938061737,1.2032705854456802
9512,197.01962434689239,11.162295215762438,1660.6360190511682,30.481791798723066,2.6778105981288283
9513,264.5142822415516,16.790549519198773,2239.3405677661276,41.20149129278038,2.946310275092602
9514,54.65743067716055,4.746223533767951,472.01545284233737,8.611493144877205,0.47132961996173517
9515,106.19535295982455,6.7158279987415535,897.5550645996922,16.846793587302557,1.0136721241853435
9516,150.40773808428398,9.57101838251155,1273.780617872783,23.48074218564435,1.7180763248079054
9517,303.51010923431113,21.06171866696758,2581.3562839415345,48.01360284064671,3.540405853236107
9518,181.30607277400097,11.316654721128078,1533.1439764291003,29.357251006276563,1.4975329493559442
9519,69.14613390475412,5.290983743954936,588.1792087526856,11.021537600413748,0.5822047894290558
9520,358.9029362202281,21.655673540893392,3037.338115534864,57.379476662252614,3.8768550627506024
9521,54.88779536169992,4.194685016945596,467.8969255633315,8.69812612265935,0.7804194599303744
9522,191.80984095738214,11.452969536433294,1615.6202510931473,31.00457646910597,1.3941918350310467
9523,50.648460761348865,3.325502016948791,431.99100896705914,8.774701650487117,0.3038566266552736
9524,129.52115997228842,10.435924463616766,1101.572485409317,20.565693334899464,1.404709416146455
9525,23.843215834068264,1.2514735976628082,200.05066052320473,3.891628609842794,0.4571469504382395
9526,342.5182869786595,22.91862600332059,2904.925485472067,54.424325145904085,3.9951505212200775
9527,186.16801811060643,12.673186731861097,1578.263916766041,30.249443456493914,2.1005074954893006
9528,29.98860024457135,1.8268542832121,253.4076558960957,4.825366179620476,0.5593940799466122
9529,213.2969247676878,12.218737060556919,1793.0234910722043,33.71831597376637,1.4027503549078313
9530,106.78468648270788,7.2231347133021995,910.113010838626,16.631489228012246,1.9171267148164692
9531,338.4324658734165,19.744321957995325,2857.9333885032647,54.20816247415681,3.071716519596589
9532,135.68276494221186,9.625260610577119,1153.409178140649,21.673697853188447,1.9045367315113757
9533,128.25315326600938,9.206349700647635,1088.7482604843317,20.113200429777482,1.2562495060226904
9534,205.59035470931516,13.563066223476097,1742.3667213119058,31.508502212924014,2.374668835733204
9535,267.8493406492184,17.16885042194216,2273.90312221359,42.63550984167208,3.228910035038734
9536,195.22934089078194,11.601354095121023,1652.9524598464159,29.335472295925253,3.0609425458175465
9537,307.0611082586995,19.86590825455099,2607.759472418274,48.625040132674194,3.498882025563552
9538,194.26512154658138,12.723879054475127,1643.6001195410151,30.335035808287167,3.222587025309769
9539,29.4038015425764,0.8674408929026978,245.53702121524043,4.7942326880586865,1.4092785874077567
9540,141.23599469514835,9.221359468672508,1199.0143529979532,21.104575949429414,1.946326036449654
9541,136.68323055102277,8.914509445537664,1155.5663375881386,21.189082874594632,2.1493870869775478
9542,143.19618546815798,9.735226368137123,1216.8959848053814,22.195978661683693,2.124363275038554
9543,172.90475397141375,10.330914082822868,1460.926479621251,27.002642599814777,2.03639785953224
9544,86.03256910571571,6.551849906650795,732.6824990018015,13.486546080088836,0.8763800528772974
9545,279.08061230404036,19.952312727254863,2369.7806543114702,44.048816137165204,2.5089440470209206
9546,19.597615812073617,1.6163452767302187,165.83396193536024,2.644917943879818,0.9031965882708
9547,69.66669620353825,4.626821659862211,591.709164471648,10.331394998665745,1.2591415271629285
9548,82.28038933793056,5.622928966065361,699.5855516729426,12.703354130926282,0.7332800253889618
9549,237.76292136825276,14.830232345066552,2009.4620498738932,37.2083901938009,2.420460411579982
9550,143.4513908353477,8.17328774817838,1212.0616070634753,22.334994022253476,2.6055785993055385
9551,26.03750862890792,2.8165636982273776,224.47339075620195,4.101299418095142,0.1595544896822947
9552,180.59957473858302,11.95658917041655,1532.2269656508593,28.330641606821565,1.3732286675454746
9553,66.26399950174145,5.527596151862691,574.2526999576774,11.305638333070469,0.9052015669352125
9554,161.86565501898426,11.349021233736444,1379.9241274078397,24.52180172689028,2.5147793358615824
9555,102.82123988867964,7.443899978934555,877.0995726830441,16.013605517905326,0.7955014425989182
9556,358.85078484855785,23.5147360874702,3039.6240901321125,56.24414152177143,3.8027378554656273
9557,97.72847830511779,7.410000717826679,833.1889288802358,14.238967908711427,2.597636333626027
9558,214.4348000416729,15.33788824027893,1828.8334406264205,33.21931208325944,2.9730639531470224
9559,147.38284196936561,8.376074971114129,1239.864004785515,22.82679623436089,2.1669141907445315
9560,297.3368105308096,18.803268640391035,2512.656960956778,46.56320318074389,3.233859533461873
9561,109.22148391721598,7.078395927494904,924.3411843331343,17.169292686613943,0.9638528537287416
9562,152.76982702568512,9.424207702059734,1295.8890212055667,24.451914516167268,1.6254928595030487
9563,250.4876316609564,16.719714698385243,2128.635424889757,40.16855129185864,2.5979907244524507
9564,256.44126372129864,17.35600477708282,2175.1852849494426,41.025199402571126,1.9419321042911615
9565,40.61339550953072,3.9421138326999823,350.1791152485314,5.457265970448814,1.1146383905464932
9566,317.2996734015616,19.929712078390207,2687.0978916457,49.983389047845826,3.390864241764999
9567,44.449238536952436,1.1965119008233103,368.07060723558357,6.866466063454499,0.4564994110299425
9568,216.8917734887827,13.827074323921515,1839.5847228924051,34.58219702005935,2.3604864028197654
9569,159.68565601335152,10.872700664001755,1352.768117847174,24.530002779149658,2.386334881331284
9570,18.46674542584919,0.8838301314035333,154.2263053146154,2.0175987477994544,0.19884969040202938
9571,340.67344456628234,21.763174385313796,2884.87763942816,54.85216607825865,3.1806833921305198
9572,331.0336834217917,23.010447837984405,2817.8814877364653,51.41987139845924,3.722595269238362
9573,-12.105376390116833,-1.7211772518711141,-106.06732125036358,-2.7674723896845994,0.1472525081991387
9574,214.97437882682698,14.762391156215187,1825.0504658621871,34.72523288590007,2.504780785379457
9575,6.736767276031401,0.11716458414757469,58.25753615188035,0.43459315744870597,0.10666002955825027
9576,274.72679822107835,19.748161832316185,2338.5347203078927,42.771809105652046,3.2461882986650017
9577,78.50794303580004,5.601447309282628,672.1551715949855,11.81752688309032,0.5173097766143728
9578,168.879864959506,10.103359123963122,1428.6099464345716,26.270388111119267,2.6797538850503337
9579,85.84520726017297,5.517031182708837,728.8612853151051,13.065232607819725,1.0734246576700337
9580,20.58324002138286,1.5144957511537083,177.8890268264303,3.139472527669074,0.38336582731230795
9581,142.48893998214922,9.954580999723994,1212.8499793661647,21.82782438536541,1.5127457665846147
9582,86.79458602700333,5.7418474311936345,737.9634812691712,13.856576065057318,0.974002445017303
9583,297.08078921816895,18.44057987344295,2517.0249618476914,47.501520846890585,2.845941013680222
9584,166.4701563213978,11.529699697844336,1421.5965077138997,26.868915147191867,1.9095360918057835
9585,114.72813726168502,7.8966571652916695,969.9528699540887,18.189421065018973,0.9214050069325617
9586,268.8475108632761,18.88340975115173,2288.6959877739914,41.38632942750683,3.9914846056325475
9587,220.7253842751541,15.180168924796892,1879.334315278889,35.09490052898134,1.7345313828249416
9588,310.4403229174083,21.03916339414328,2632.332825296109,49.04870307691952,3.3608845436499286
9589,259.3639979379976,15.239356837623573,2189.8715643052205,41.35176343801245,2.481996450919976
9590,93.06081431425162,7.10824789150168,795.4800552465383,14.753367598626747,1.7184718850563852
9591,262.5790498788411,19.989214900840153,2237.575617755394,41.29267901844239,3.1325365739295346
9592,-6.8099806680026695,-1.3772111361498414,-63.42369736023944,-0.33113293435643154,0.04467475000542365
9593,53.73102981288307,4.154345438276021,455.68500448851245,8.612934924916551,0.292276241024918
9594,196.50934587766136,13.16138251430231,1663.8954764124417,30.83370840518554,2.484913728851011
9595,204.32024168371365,15.070163373848157,1738.1908147717618,31.55152875225901,1.683403944119013
9596,217.20275016704838,14.134220189131025,1843.602385399656,34.80932638442475,2.6729814475775595
9597,46.0743190719916,3.114894215808345,391.89119738365605,7.637309918331012,0.5717109760272474
9598,-24.97265547693362,-1.8421419869976363,-215.08193381576143,-3.4899204510587616,0.008306892827964596
9599,200.634945139409,12.39223501949429,1700.2017795740405,32.07720697022262,2.415119205318101
9600,194.43815279182257,13.02409151860945,1650.512871892201,30.893322597030455,1.8945361348562493
9601,288.76334422038974,20.53113145210857,2460.1730211398076,45.331059031741205,3.1368712961204346
9602,265.7054035270458,17.326644655664182,2254.0827944356497,41.784724696019055,2.842621404106452
9603,178.01717254899862,10.831557053726073,1502.2172355823918,28.56935198139356,0.9609733322038307
9604,153.17579854713924,10.651202462614046,1303.806815189625,25.029248823611763,1.9496273437016933
9605,301.6127635741458,18.883422770187813,2547.7913452912394,47.09865553510916,3.6022738866349884
9606,216.09386726323987,15.703395178916612,1833.829766819059,35.05563838962676,2.077595376845883
9607,246.9298123971187,15.367928032962485,2090.7927260092706,38.350326570839286,3.5919036112602827
9608,268.2477077659896,18.140677869395596,2278.2693608130116,42.813701206704174,2.463532627047617
9609,136.80376765305772,9.51050263565059,1162.6699803820527,21.70272640696016,2.0100850490061677
9610,231.15474366615038,16.037860335586135,1964.4529282781734,35.49079922888872,3.5718981017647735
9611,217.8609538288335,14.055029489959292,1842.6138747144519,33.60072853445558,2.5902055419238543
9612,-19.254662493892333,-0.38556292188748986,-156.41685884125692,-2.91996474989992,0.27636991075103046
9613,-48.11372057521649,-3.8544326172064185,-410.22406203754,-8.256209427940528,0.9838495267762757
9614,262.90802075883664,15.14146922593086,2216.494875978607,40.80389306345638,2.6107340450656684
9615,257.3237515006523,16.39661295886133,2185.3708382315936,40.582906373932666,2.5506074647911503
9616,93.9748554892323,6.451881087422296,801.1344331072023,14.90284895355516,0.6969086198273784
9617,339.69922911089094,23.0397031771081,2882.003350030771,53.9649451412661,3.52443299010184
9618,-105.49581772964741,-4.5195705140069355,-880.2385037478017,-18.622773328042783,0.2955621420621912
9619,291.6506272789323,18.016821122723485,2465.0799575531073,46.26653339632769,3.1257757366982584
9620,310.92615096947213,19.910052284522866,2633.872440648372,49.59483877249317,3.5167045724068298
9621,152.35530780807437,9.102389160992232,1288.7593426868295,23.990675410999962,1.5715187773227988
9622,-32.287720699278694,-1.4532518006269841,-270.90755332286693,-5.233972152388693,0.16402998017124437
9623,270.2125504526223,16.8811852060852,2287.1448823646356,42.92527124331619,2.5284851178438017
9624,337.93789886550974,21.90717823648926,2865.537680573411,52.938742518362176,3.970339385888068
9625,241.85962598169837,15.947626669369228,2051.48371323127,38.09266752207681,3.196608596404214
9626,307.7984544508955,19.299600042248073,2605.457018071342,48.20804864558629,2.8644616659257682
9627,260.0283576121885,16.62137919115674,2199.771925135815,39.934750634608456,3.8693138015585182
9628,238.57949846660657,14.20087952642994,2017.1627921919232,37.697130833285854,2.851066365325518
9629,113.76032052771222,8.321191171778457,967.7047405054873,17.87409238496575,1.7028248838259152
9630,304.77056364709654,21.68905991506594,2590.88200239357,47.98519795606014,3.4329510550891857
9631,179.47598994524944,11.018046515773122,1513.0483469286823,28.59062618873502,2.0737604999448296
9632,99.08529114691363,6.990171797730566,841.8107963291363,16.111510539324794,1.8320382143727616
9633,135.51807347913746,8.7025699103689,1146.133771705962,20.784796611918644,1.1688734931946976
9634,71.02194674416302,5.930849905953521,610.6145096848421,10.33400115671197,1.2274152894228907
9635,-2.8626762446642333,1.0674414705886917,-20.231456322889976,-0.13306977119364927,0.3344048564741673
9636,294.6566195073334,19.0287935145885,2501.071578117848,46.30574126212916,2.828662772032545
9637,264.6624864308299,18.261320275359967,2248.9964042620295,41.15039651333796,3.2215930475692933
9638,39.897055478879864,4.5645330199947605,350.2327115839401,5.075076791132656,1.1904662982822138
9639,261.84817130173303,18.35077733702618,2224.134947065334,40.6758668725156,2.6264578725414847
9640,196.55425045239875,16.044016234214418,1682.8930924787383,30.772102071662097,2.161624877714156
9641,328.3366637178253,19.74275203363975,2773.745101587297,52.01152363785184,3.793999863071201
9642,365.82639424103553,22.816621788210238,3094.065435754175,57.412115675477935,3.6600688021887504
9643,204.61475036152027,13.731425022520442,1736.5682985896365,32.57141234433672,1.6568478780153475
9644,63.584669643081824,4.052942527265236,533.9363202152105,9.21600424117717,2.0907993398756775
9645,283.1936168407181,18.654178611727943,2400.7424544732635,44.881245202941045,2.6297677710835243
9646,-7.147437140192098,0.301795586735504,-56.99862397694359,-1.3925292863152525,0.7876850592656321
9647,110.64202283264146,9.130733161454085,949.171302104848,16.499245969982333,1.2962890294180758
9648,230.53980728886313,15.212203959771383,1951.8717439040722,36.430267008766464,2.2318295143610567
9649,229.8665152140371,14.646815237810326,1942.196890725031,36.43896337714453,2.694301692831792
9650,95.22797348479044,7.0581322003709985,808.0726629377981,14.52546889204177,1.4882177131233347
9651,225.74524375162747,14.812842535240451,1915.0900579732593,34.880127805720946,2.7845721009644424
9652,70.13004695143721,4.553684548489751,594.5740269768103,11.428085300933365,0.1785754565950115
9653,256.1133291074566,14.408886259457004,2163.9105288893093,40.05642006103986,2.8260417370742643
9654,170.79096987931726,9.794597778580671,1448.8890358170006,27.046926089180253,2.196025772704678
9655,153.171795255291,12.825487084671046,1313.6637491719812,24.108842065577065,2.176583963361399
9656,149.6431269439843,10.861963135603123,1275.1162729632606,23.802137256420398,2.588266592975269
9657,110.32356492762842,6.161093184803084,929.5709695495281,17.89377311333384,0.12438664145934153
9658,336.00887012083166,22.059850552847237,2854.8348868765243,52.439227587648105,3.6116706467494692
9659,65.58296493285569,3.1766235864651877,552.8223156001494,10.406033671309949,0.3597276574018591
9660,117.21542878486218,6.529464647125419,982.0184986832653,18.929934940005467,0.5626863425596094
9661,132.49947599807476,8.771609727388887,1127.159485704632,20.71303685468306,0.7133733962446454
9662,169.8817363817977,13.515393710218703,1453.3295266495643,26.365251842178495,2.2241735345719396
9663,37.56357908098467,3.0311953936498974,323.4706284866735,4.289154752188695,1.2616299008736522
9664,320.0699635904522,22.444064231363985,2722.798456576502,50.99058484496912,3.6224228064855786
9665,259.7898280535641,16.864757894390113,2202.9963707763727,41.109537480638686,2.822067841943609
9666,177.13559292966073,11.262315215749297,1503.163588454984,27.646754217808457,1.983425849788817
9667,202.24892893939003,13.921871213592256,1720.1292969092578,31.316832591310693,1.862410269443056
9668,167.3374200537541,10.102528682988266,1416.9493221243172,26.183146713967666,1.32464371671175
9669,276.72432129300495,19.331802352450396,2354.702054028268,43.97844611320997,3.2757795203940803
9670,219.81907985031714,15.36352290302323,1867.8813638763527,34.46208149456697,3.6247051460199273
9671,45.71753953252199,0.44494321207855236,375.0675253202745,8.221017949490276,0.20232347145578577
9672,252.62308014412267,17.550547566338963,2150.686830414743,40.16411570477826,2.7557472891744563
9673,209.85660305060213,13.934354833149449,1779.8689261406466,33.03906880022152,2.280014722123001
9674,146.12127248154738,9.724298269499306,1243.0764195548188,23.553274194475282,2.50338471433296
9675,242.2678826223176,15.36656911463274,2051.0859080219366,38.57287152741397,2.5034407968178836
9676,220.17737646131397,14.11855305166868,1866.1822603298097,34.65549608404291,1.8874938877734344
9677,197.1548740894677,12.205499435523523,1671.0324733939096,31.088332356243008,2.562055574218904
9678,-70.52223748194166,-3.361434705285285,-593.0337403231473,-11.257463723455238,0.3727432442524967
9679,132.42266586648458,7.547712321899903,1118.8385783830122,21.182689021724975,1.65850216680147
9680,178.8390049501425,11.631063682815746,1522.1811116873089,26.670730443482867,1.9157431323284846
9681,265.08551748539077,18.19364801351527,2252.4576305277023,42.51593360458916,2.7761438768897784
9682,288.0411894328302,20.93618923899576,2448.3845434321624,44.377594707561016,3.0749221774054907
9683,32.98291196106455,2.1826796648868707,284.8524273642979,4.3483831192621745,0.06996696450411255
9684,165.82982017364262,8.917715394068313,1399.738990978646,25.809212698589665,2.420943946302108
9685,201.40985932349156,13.102243739062416,1705.5169749818822,32.50170836680225,1.3814211489024002
9686,201.67536228594494,12.784854871094053,1708.8856974276136,31.867687477474586,2.9922215951949
9687,205.48391569182598,14.980429125728396,1755.504368743432,31.821170349303014,2.7898198027002734
9688,-2.3607364649755245,1.7211119736986467,-11.205624976943035,-0.9146535264429154,0.7384669486282678
9689,221.11269465633663,14.9164902400255,1878.9336272046298,35.89313071220496,2.3515225006889926
9690,6.887125221347218,1.868416173671136,66.97407204507958,1.8031987785576225,0.14889297639213206
9691,51.50573950383355,1.2792976996222536,424.89349766377217,8.449056482715473,0.13871296756450624
9692,185.19701939778085,13.78966956332809,1577.0116955822461,29.330096426743715,2.0991402114965414
9693,331.7015285745768,21.18968328131008,2809.806573814153,52.97955539710594,3.0836138513680655
9694,347.3906066856448,22.96889440601456,2953.8636196521607,55.160401648406406,3.87809847371435
9695,17.378669260633224,0.18039224412218768,146.52167069955456,2.1359174379010937,1.2445820411502715
9696,179.48139732448223,13.82215935509515,1537.5498228719905,28.092851774455728,2.205050224924521
9697,288.677462711997,18.20212983716077,2447.753817793478,46.09584608552703,3.63831013847779
9698,223.042856935025,15.360875361059419,1894.1055807379764,35.76009130103527,2.536851589484902
9699,261.699647417585,17.08543652294062,2222.067661922184,40.833767632094144,3.1342494666570815
9700,330.5413160997553,21.20269554519089,2805.9991654773644,52.219714460246315,3.349382453567145
9701,149.2247373233882,11.940104479660388,1281.0245839269967,23.22459858846346,1.4662972486357826
9702,43.74538084707172,3.4399088219560645,376.52107490457234,6.4360704016995545,0.8281088374263335
9703,168.96498751133956,11.37081872440232,1434.793079653342,26.038628980511028,2.54934698053162
9704,47.526857601233395,4.50418170896096,410.59867555226833,6.817402957338269,0.9857588117730729
9705,244.28730410664232,18.42383026034778,2086.4944020972357,37.43833482788398,3.371317373269256
9706,205.29302552872147,12.491025737477639,1735.4472079196955,32.29651950724586,2.5121717261035625
9707,12.729996382212923,-0.67288201272023,100.57912320294353,1.7721183035182153,0.26913613972673645
9708,75.56583583426216,6.069112326807097,648.7169845799511,11.767719658666019,1.1225517351893668
9709,103.70126705481906,7.987440620968961,884.5220617021076,16.785595498862733,0.7539513219884242
9710,189.81323873212767,14.166069162177209,1615.0794002540856,29.8354482429137,1.8892976073920904
9711,90.23563679151039,4.943671569685258,760.8417732927846,14.4121894408399,0.7819534420721856
9712,180.85672515722686,12.996725470170976,1540.2769382340475,28.790547839298043,1.8618856405246893
9713,227.14013670090435,15.69578958232122,1930.9652609763768,36.18334892215045,2.883321951633591
9714,308.6199738897231,18.689758806338087,2614.387840940154,48.44743108880677,3.435433573089337
9715,221.53032256212413,16.278483434724208,1886.3313534321207,34.52768739894339,2.9484195321865685
9716,117.46293564484913,5.930582691765819,988.2782851411495,17.927101448120645,1.5663119443363143
9717,369.59181437123317,27.211273921848434,3151.17553523774,58.36080254889741,3.3927721821669614
9718,-6.706691405149545,-1.2637134462245383,-60.73096382081042,-1.6017780083898692,0.6907909358912541
9719,283.0098312741269,18.513215896150292,2402.6658847040785,43.869308686182194,3.3671774136112114
9720,200.82465315431043,15.051005635806472,1712.715904053479,31.547467264183464,2.065388906830229
9721,168.99360813515574,10.998958357241682,1436.5592183775939,26.985057906132404,1.5180092160927217
9722,192.18855490098701,9.596397194495601,1615.019302562171,29.2850382806898,1.8474968861196337
9723,252.9039273971884,17.366824471026902,2147.7165038372555,40.32233881520901,1.2941271760395798
9724,295.4082936737706,17.565707257262517,2486.9998629892716,45.62504245290858,3.6171506704404535
9725,63.402614529937466,4.5933290402493645,539.8133706835098,10.957311975435744,0.8246305073605851
9726,188.25291334233043,14.776070815309431,1607.9176299889064,29.76568592917026,2.9860519029720187
9727,250.43362141457416,17.742859174656576,2126.5392023886607,39.38544280389582,2.6934939554071184
9728,408.1892804040526,27.91121429642341,3464.815191369363,63.98127496211883,3.899343330631607
9729,214.83444414965356,13.011512434390362,1818.4010326222308,33.741012127286524,2.745488572793139
9730,161.0956573725135,10.201786070144525,1367.9407993806678,25.36931914878424,2.0984915741461427
9731,233.38981648569018,14.866264082728442,1977.7065133280291,35.6920713695331,3.4404920211110244
9732,297.0443596509606,21.009709436863687,2527.433412717736,45.812786538442104,3.3918139064844715
9733,224.49914961394703,14.685189414231274,1902.7543192993592,34.8236449541294,3.250480082303725
9734,17.13485400814744,-0.6908717916414009,138.80631221508312,2.328270461506885,1.105879419207744
9735,167.63756250103447,11.48592832535439,1420.9918399305002,27.602097206351097,0.7639544334848924
9736,126.3246359287192,10.708305169519313,1085.7835080088394,18.911998002189303,2.0285217961756516
9737,124.39385081952965,7.532473581167078,1048.6922192034258,18.915321489821412,1.1637588460250572
9738,37.458280098358586,2.490333913412426,316.1138837903024,4.752592975828825,0.9006992115669217
9739,-17.80627024309923,-0.8481528153846656,-150.01464082007536,-2.7507474374709178,0.3012963495229921
9740,322.2024596310049,22.129279816143303,2736.7405560924303,51.309554417627396,2.727292081853483
9741,-3.7180442275506906,-0.25538095208183054,-32.00409725095337,-0.3884921707012926,0.08128579553764226
9742,134.55964708010399,10.430355596385857,1152.3505355814982,21.450997897181864,1.796146105230875
9743,163.60800376084802,9.87430778165515,1383.7452847493341,25.837728815203263,2.0896793958862574
9744,307.0725446459384,21.008105370569055,2607.0444727485265,48.204366318697225,2.9699947166559038
9745,117.42478906931728,8.282555331515088,997.9503209964565,18.67855814750526,2.677348673309359
9746,228.0999799736795,15.78223575503839,1932.618667398295,35.97676869327503,2.51644666764082
9747,285.9983134684618,19.06496022606204,2424.6776664646704,44.85617907425625,3.541219805357177
9748,15.668690836759904,0.31129014531576504,134.8831958003332,2.75996600542477,0.2877689030645265
9749,308.13900009973156,20.403295431192504,2612.7568761819834,47.93396056633339,3.753328815590758
9750,-40.20331791283766,-1.0245575399919362,-332.0159626452598,-7.274965221462606,1.016013658422501
9751,161.45746839498557,10.205977024061434,1367.467181714464,25.44883705007037,1.7700873086025326
9752,389.2835399325201,25.437517420437384,3300.604856565077,60.501886386726824,3.943320246925526
9753,286.69065664660116,21.071801659277703,2445.4452962632395,46.10402101744002,2.495031404674683
9754,244.3969592563584,14.90271617937714,2062.9364154638843,38.759553878194055,3.1721053554406766
9755,78.02654723468312,6.0156164102068415,665.8607509328489,12.730781997212993,1.454391137206081
9756,36.648254650152616,2.8769466381750926,315.6972814511307,5.372752585241723,0.20653386488787007
9757,218.5911608316781,15.145095911178613,1858.48362110149,33.59069794434236,3.744025851114726
9758,126.42546696209469,7.747127049057269,1072.3110351353935,20.076491106691854,1.683083559339881
9759,189.79577422189678,11.65880347432245,1607.5871985069414,29.620274424337826,2.235860308338206
9760,263.59023490223154,17.727411730155257,2239.817854026669,41.90917662500585,2.6510854004474544
9761,374.84961527712125,24.097243135581056,3171.964525055555,59.12429641589555,3.37631538423491
9762,190.80947350381558,13.014325714519138,1618.3370057429454,29.630487373508515,2.7535694069111494
9763,234.3301243585099,16.962095983311087,1986.0054753400907,36.24119274122766,2.025029783064957
9764,239.48562155281087,16.303668572000948,2030.9383478365314,37.88541551229056,2.5509350641860835
9765,209.59328151378378,13.501290750793677,1775.5889326160916,32.197365392296035,2.9960380667756996
9766,190.07633825823163,12.815349766337714,1615.2623895915026,29.718940043394678,2.8701918495943004
9767,49.8605109985284,2.7706684434845217,419.4197814480138,8.187338393323007,0.5408097177118374
9768,107.80584646015541,8.198219310140523,922.3459666521443,16.095387325382756,0.5267618832704999
9769,180.60242521434435,12.835629270188461,1538.5679635114614,28.230972441262274,1.8644251630779185
9770,126.29740591224713,6.813939242628995,1067.624607327753,20.11287848728034,1.1059413413559267
9771,84.97676055229152,6.9409937009914815,724.6514696240389,12.517435404692257,0.6910809508720606
9772,253.5374335207771,16.756332747031713,2151.9825494224424,39.20916012026263,3.44850984932923
9773,197.85241424321916,13.262053548153384,1685.2293399895916,31.95285281816662,1.5443633788980207
9774,165.13947583573525,9.726588167240056,1391.0653135913801,24.66118520094516,3.0479893788453944
9775,332.5062437766707,21.65360288287232,2818.189808318801,52.441696367763925,3.4522615021678704
9776,139.7700387343633,8.44078874814031,1182.761479301093,23.1581840486905,0.43238798520106503
9777,154.74080177035,10.814113514994036,1312.2252070913164,23.717416644947765,2.638565733246497
9778,316.22274690454185,21.820091730487622,2683.9380920880644,49.16292676435244,3.6927588510284446
9779,6.325617304163524,1.9501956453228466,61.84908330295798,1.023693300897138,1.2139810108923537
9780,332.36741339677036,23.62843849528494,2825.1434042878113,52.24480083542846,3.5339026783216756
9781,163.87185972932775,9.656433341262423,1381.7225807323023,26.361200233787983,2.467460811182901
9782,83.19792714078642,5.687126972074715,704.068866507948,13.599140176019064,0.3947910059556041
9783,304.33885545701474,21.596437898536372,2583.906871027875,48.58272472626015,3.6828372857101663
9784,213.33281338074988,13.606861060086882,1808.8059137615614,34.26903563689206,1.9969995625121313
9785,114.77089708213417,7.476873492530223,971.7453591516977,17.516583303695505,1.8374139029114964
9786,197.10206054487898,10.899440985015946,1662.2619318334855,31.032844248599698,2.2343384545179785
9787,-57.47114569978825,-3.8295136729704815,-485.58009322510514,-9.82188884071116,0.16404379629306254
9788,293.0407968328029,18.745256396350705,2479.5290843265957,45.85755219674331,3.133718452987267
9789,101.23391940986474,7.165709387820947,860.4390824370554,15.987931170943847,1.124321840603279
9790,96.70908875191331,3.6240915360341512,808.1247445760181,15.217095813058586,0.38000654774038267
9791,281.2009452873981,19.69194989411388,2393.8653023585666,43.954415338033755,3.29011947675217
9792,217.0425223811408,14.044914628612936,1839.5864369799626,34.86432440399394,2.301860155074252
9793,91.35173635134966,6.297430616531675,773.0593729739006,14.999606405207484,1.0179865241903654
9794,118.60255176566336,6.803647937721308,1003.3809245089051,19.31100286512042,0.3047003432231459
9795,344.8868109896193,24.81685454137088,2936.911127869735,54.19144354050686,3.6436622038978954
9796,1.8717732643457987,-0.7147377040657783,10.953434373429326,-0.03703229286033527,0.08373441407150395
9797,124.35209206017224,7.394285523610503,1048.69248621282,19.087809735185033,1.0686094457704085
9798,68.15105224160466,5.148624604778549,582.62109269265,10.076607713831194,2.174039238177932
9799,134.75263909635805,9.015363935050882,1141.6488492919239,20.21648673669173,0.9138733443496245
9800,37.27912480334642,1.4576477437821616,310.6699759926722,5.733887670509979,0.06818931076912804
9801,15.015114387573806,1.103833044217211,124.17413841642865,1.4471698641719621,1.0353680795654951
9802,415.3744855362186,26.01000127382006,3514.979831860793,65.83610509056788,3.8999148218473603
9803,60.33920557904298,4.269704406405154,506.75106109951014,8.969772292029871,1.0615133255537619
9804,110.5913230877387,10.165323350467855,950.9791184524244,17.22980291382768,1.5230882957753304
9805,127.17034077865655,7.728643613114535,1076.2372356645758,19.251891887188478,3.0268578499803884
9806,242.51685838062116,16.764255269047695,2061.072316552587,38.32778732838477,2.346276942258205
9807,165.10595489876377,10.593694041296963,1403.3561363714634,26.380058123719362,2.4559814122888772
9808,226.61404054498567,14.841409802410446,1923.0308745056914,35.43809586006344,2.771580531192586
9809,322.716447742231,23.591398790496278,2747.2946350804978,50.978880459329424,3.3597685082658484
9810,419.53230097900797,23.27175015704241,3541.836837060853,66.13723589871394,3.4185087440535438
9811,141.58472607222186,7.75892701729129,1195.3583085117073,23.223992301248735,0.6058320984284244
9812,237.16211619741648,15.631704660986433,2011.7248780879731,37.27866201942213,2.4845779234765413
9813,156.55527470483403,9.135508436903066,1323.3212121097833,24.30473142771207,2.640527728158095
9814,323.1481589730766,22.30534630046233,2751.2072180361192,50.37043421432001,3.6784659422820676
9815,267.59590830019494,15.717320149044504,2266.1545132502506,41.2830430299133,3.55879315850666
9816,196.50310091758666,10.592640578612714,1649.4773480592405,31.585103660207793,1.3495469605081523
9817,260.8945121536482,17.505724615440727,2218.08056642527,40.709074159163784,3.5571364899130358
9818,191.16952270416576,14.795522175097314,1631.6586409623944,29.74666003735669,2.921368178480696
9819,94.69660589773528,6.246701568001686,801.3693812959624,14.773594668905812,1.377146730592138
9820,360.3066179009674,22.278244599188625,3042.030300742674,57.127490945583276,3.0026470933999776
9821,299.2552966849489,19.22993162779894,2538.568864329162,47.69463754529644,2.7420286474228224
9822,287.28861911988287,20.0281982883178,2444.190262846781,45.473369448288686,3.291191219027454
9823,119.0031153007317,8.342122394187296,1012.5060076363723,17.295074714930927,2.5366954378912636
9824,196.38611657854503,13.720333553975399,1667.0401418296842,31.82337877008549,2.1519569767928646
9825,31.220118021291913,2.3781589490491672,269.1518462207958,5.07998765079301,0.420497807574018
9826,75.39251133555672,4.425099259687457,634.4583742831122,12.129643661046238,0.7145359266583529
9827,287.90860747064795,19.498462888750502,2446.7973713520923,46.24295167288254,3.4488631639774243
9828,56.66716216982139,5.181596339674241,490.8799748669863,9.43376497579466,1.6504115283933292
9829,180.7209942858521,14.393451722180306,1547.1637947755555,28.79998801925609,2.377612535958978
9830,247.3795217910169,14.251573095778514,2088.4231814473123,38.863080339857774,3.0547324970940686
9831,53.808368842064475,1.9695656373423112,452.9806703147816,8.110432007153058,0.8801337949483945
9832,244.88779265697315,17.44944327373878,2085.46345645475,38.036887221196636,2.847136624021991
9833,154.82538817996993,13.079342214486527,1328.5806708456942,23.754503268244008,1.8010866807165318
9834,317.96366465956163,19.75985081401576,2686.7638097001045,49.65225720055876,3.56585833037137
9835,169.42574333259643,12.592952532018247,1442.7978442923186,26.459757340780953,2.7283090237957
9836,29.184130355602314,1.0466773956569222,244.78959741682178,3.76352122179484,0.33150081582203184
9837,232.5556241680756,17.07450498273733,1981.9531132620352,35.753357642177875,2.9097489392487432
9838,111.10321276441825,6.245422446653047,931.0425148911288,16.591926155061834,2.0823301242260874
9839,305.7147976563865,18.20354158144012,2577.7756918235823,47.714138890902234,3.9466704061702362
9840,249.58514823200187,17.809001350952588,2123.5480631281894,38.58090466645223,3.286539055858557
9841,19.570094333138794,0.14410344694032573,163.54866841821996,4.274962451488865,0.032633203446490455
9842,260.2272555314932,18.16770259159983,2211.451245316591,40.15749012229344,3.8206010973194062
9843,335.82350110465956,23.249051674290484,2855.1047706508048,52.352127949309605,3.278003812283142
9844,317.9908710186766,21.433297497469702,2699.341098258592,50.45090200400838,3.7130991281656858
9845,171.49582358336787,9.356091782683693,1445.9514590543063,27.343886666600962,1.8939920466894238
9846,124.65491427970693,10.087169412562584,1071.3567928191915,19.73905764689236,1.2604373954742876
9847,137.7902539712757,9.478862507013087,1173.1146994232809,21.442402806551893,1.5740530135421422
9848,206.40467317461196,14.517011439673885,1756.9083078680344,30.9803995519169,3.499922600631235
9849,51.16274085377829,3.6950482341599296,434.5276133293094,7.5285215685277596,0.6460912145135356
9850,152.6856504258627,8.491259929667663,1287.9012529029085,23.888603772731777,1.7825266368250325
9851,48.089025528279635,4.001416640246846,412.185993295913,7.359154251466094,0.7657537527005425
9852,175.28804250964774,11.356129907085718,1484.0503776532935,27.87637440208775,1.590462646048001
9853,19.616857435696595,1.3937855597508648,163.5770339579939,2.999639986862331,0.05001180941093342
9854,80.03633075048752,6.3798454528864745,687.1921426011834,12.024882352357375,0.48659425718717175
9855,244.2983137975454,17.06296176304062,2074.417898977319,38.36927479659156,3.1344298379961106
9856,39.81097409889981,3.8264253668189787,341.1754163810105,5.864337796541241,0.5494982407381603
9857,194.28140261647664,14.913259675605973,1664.314671760563,29.932328817515504,2.9768786794848943
9858,202.31830778318098,14.650229382111672,1719.3505549319525,31.292026417728277,3.125950489121556
9859,293.34390139882134,20.598688452410524,2495.964798775519,46.263957609311724,3.807260602945725
9860,80.2883624106396,9.438582266274185,702.5837213237023,13.270600830031215,0.6414932885632427
9861,-57.48891982064151,-3.94410078783386,-490.95012290841186,-9.724348576945147,0.4200128370932088
9862,42.31212092502598,4.0925447345767685,363.4315144667272,5.417825374079298,1.3854593383792615
9863,108.362909466823,8.017282944291491,918.3176686617674,17.194429711078516,1.8685962687807551
9864,11.552410294161708,0.5294816582400292,96.43038723190129,1.6608953024318769,0.7780960963480665
9865,332.9005080292305,23.84608917791815,2832.998867280881,52.750207954095735,3.197057228497777
9866,260.33290323074004,16.27829238375917,2203.388355353057,41.431137924099566,3.2928710651016453
9867,268.5129893519947,17.021505967333617,2268.0556471433656,42.265391733226004,3.1372178597526874
9868,217.5024630529764,14.746832597206843,1847.2852133664414,33.883202579155125,2.918378920882228
9869,26.965710993511415,-0.17051762859782027,212.41469050236893,3.902682430514027,0.8802572247518348
9870,157.3025413929936,9.725011888899035,1336.002492358403,23.542245617978004,2.098825637390451
9871,100.32282088167725,5.900994879867978,843.2486714985527,15.704009934782167,0.6892608295768974
9872,49.466903903585894,4.3399218021754775,425.34420008220127,8.356531849226197,0.6800355219217797
9873,278.80046278853166,18.343799946211476,2364.664216170532,42.84197650533531,3.110712856455766
9874,311.1258380583968,21.04328848675345,2642.323613310444,48.65618548614835,3.545622837638552
9875,30.91530614179483,2.579987194715071,264.17845837211,5.3985117666384745,0.6782623616759933
9876,152.26453243152292,10.083131762697096,1290.6968379372115,23.14410995952282,2.7341651711410346
9877,75.6187593057465,3.9280826182240016,636.6278793926351,11.467620248667329,1.7567552559357473
9878,40.76233009316118,0.8302135744169159,340.06709361714695,5.360319728366182,0.7021371986350053
9879,126.78176117917882,9.132801393950412,1080.8560815669346,20.102214283462867,1.4421036827535358
9880,31.309885920388318,4.26414227771395,274.83418023239284,4.501940085962747,0.5494397854508764
9881,299.42891087625355,21.116807938663055,2540.8932302442286,46.49834850940569,3.36585977214553
9882,229.80530678465692,14.199740212175639,1948.8691515084174,35.464235303470915,2.6329133271864302
9883,223.40314811702962,15.192700995414095,1892.8105554965935,34.30209643203773,2.265753873875966
9884,204.4671326568873,13.567797568762426,1737.2638613254833,32.31304650881734,2.096400597435428
9885,-27.688175847919716,-1.967792379264734,-232.8887417910704,-4.937661150533107,0.45878863271338055
9886,100.1016704938908,5.329571212419738,842.7176014415679,16.097803457378077,0.5539327065100603
9887,130.2868885428925,7.948445578513251,1099.79088376643,19.901264275978487,1.6875096984854832
9888,355.70181187489436,22.363035450293758,3013.56895613712,56.18656762068971,3.368016609667498
9889,-6.386490938251274,-0.7595970018761671,-56.785744114634085,-1.252352011102716,0.3834672520568785
9890,39.81207752338825,5.363004040833477,352.10773676318445,5.722543183567513,0.8773819999350878
9891,52.237000939210674,1.8278966334751843,436.3439761028871,7.637156621515704,1.032033489053592
9892,49.3995758309822,2.630848943640814,418.7960694190752,7.879252367973386,1.436973629990538
9893,-5.3898429776930366,-1.0185610925719741,-50.4773287758078,-1.6609933848729086,0.36587881838156244
9894,-38.11504977098117,-3.6321850024951967,-333.41273967946256,-6.691172592931873,0.7058485405655777
9895,61.46774606684759,2.7263373757030607,518.255664515019,9.64024756107157,0.7592519070301722
9896,35.59086193702912,2.24209456779084,300.74450805883123,5.0539534844048655,0.539461372979809
9897,260.8107758821907,15.893777732879293,2203.5628001964546,41.51314382428623,2.8948983926315437
9898,274.4966400358543,18.08709433959688,2323.7523422390436,43.28152527846264,2.9487308784390236
9899,312.303023873177,20.63866087010778,2647.08936600076,49.97808325055366,3.7944486422207255
9900,155.5387361614581,7.68867741353075,1307.647966685918,25.369374481723113,1.817226099930454
9901,144.81139232436792,9.878953743439062,1231.7832219082716,23.159714000387236,1.8086554980584193
9902,309.63026028382103,22.042269985129877,2635.360117486567,48.95719085073164,3.479316039064669
9903,240.88555758865138,15.799157959428875,2040.1682156119086,37.206256499040876,2.457927892012515
9904,-53.97463660207968,-3.2641581941089646,-462.10810694476004,-9.153615146188708,0.3406127441882809
9905,53.97776420549908,2.1877263712488735,449.1115759180427,8.444936892491196,0.7468024061153078
9906,64.38090992828485,1.907202773752171,536.6727703996106,9.910285896316184,0.8389195409910721
9907,205.8936402615653,14.844044979980366,1752.8313862900386,32.684719235550624,1.558329374396218
9908,45.139290468834574,4.059784374205883,387.7797617944329,6.372561601861731,0.20316600218997838
9909,229.84805640193568,15.707030076305738,1952.6514174781157,35.59248303462655,2.658682988943092
9910,196.2135069743956,12.276932374059099,1656.5449435296384,30.209478068957274,3.011576742645366
9911,109.02506340285028,7.966755507962473,925.9145700736339,16.828191875868875,1.2333475901157769
9912,175.58035147423394,11.802090709794136,1494.8369902123004,26.946447100113613,2.628108192922238
9913,55.366716328372455,3.8118185252938934,469.2739916482253,8.171593399433387,0.048446248639407496
9914,227.8106041684102,14.7688011124944,1928.8918392379662,35.6309162697062,3.7203899329123216
9915,359.1187725444792,22.477073876179144,3039.780799054032,57.97737693685699,2.990496486305145
9916,-1.7799501049774142,-1.1803838918869873,-20.0785132932766,0.4753252259701273,0.0038782065784177533
9917,234.26859513899848,15.408537818435045,1986.524064717463,35.40018412030964,3.3639381197459737
9918,143.658425765147,8.890375722584324,1209.3242908113182,22.52913793736375,1.3043869206852676
9919,262.20355880484414,17.674231676486986,2226.86866352131,40.665247112665504,3.279318596696429
9920,233.34015897979702,15.099969423437669,1976.0187195588317,36.80442769100189,1.9617095476463886
9921,33.238128383350414,3.152516297135301,283.8443413887426,5.156175481026211,0.1793454149282554
9922,362.9777059008341,25.44101719077621,3085.521146552395,57.38079253915911,3.896149836661472
9923,90.15360279910543,5.468377497835887,766.1910256214322,15.31854969531895,0.03413228516299993
9924,175.02862930179722,12.30117823663937,1486.188857047854,27.049238148341665,1.8147744245670885
9925,242.44189041774098,15.945741997490417,2056.5604349866553,38.28705213306441,2.618258351770236
9926,126.83435857285792,8.195018220087661,1072.8421587545154,19.460169709144505,1.6405989681509543
9927,223.12050448531974,14.841360536403073,1894.5771103815302,35.31402825566533,2.851123212876002
9928,238.783724806086,14.946066866074725,2023.080626658398,37.32934411937081,2.727953014001394
9929,348.23122511552344,22.813410561935655,2955.160538100326,55.067333001222906,3.8264827080212283
9930,65.5135123389634,2.2336676634983044,541.6327418324072,9.778373882067731,0.11365487274406672
9931,75.77516793963689,5.283133960120771,643.1111863024092,12.50402802340085,1.4413881748398696
9932,-39.219685341044766,-2.258548030087237,-331.3397260674517,-7.982925657750005,0.9410854120242216
9933,292.28492284847607,20.863797890447625,2486.373351038873,46.64232778362614,3.3475847047604175
9934,106.13556494297491,6.681264935316256,901.5920533754615,17.332811394899156,0.823600329632546
9935,49.08767968547292,1.8333166465144708,406.012679020386,7.298769256339876,0.7958605477780472
9936,175.70506080558758,12.505252910204502,1495.6288543466708,27.934596727209797,2.1162194200191227
9937,222.10112474823413,15.998965418801786,1891.6670883010963,35.03171579232434,2.9880192501500416
9938,294.18247804658427,21.434702433177915,2508.9570377343493,45.58425939303828,3.459303053060678
9939,261.58379271149136,17.7955061660529,2225.7604892761624,40.269375150408685,3.8332169675867713
9940,154.89649815033997,10.736078696712916,1310.3074493853678,24.61928979043101,1.7353631107000744
9941,14.834000469401163,-0.6342932423046168,117.4049811842452,1.8553947437009193,1.2811645196479584
9942,322.63402663847273,20.024398616109544,2729.9773785738894,51.74223317431239,2.9938562903630075
9943,-51.13078157466595,-1.131170980873453,-426.43434111165897,-9.097703782892191,0.2249388955508267
9944,158.8712100567154,11.1553344110131,1349.3991028756302,24.3515892086033,2.151465957299344
9945,239.10122259817376,16.133132714570973,2034.756362050089,37.225371720112875,2.8966434183076037
9946,131.61315690295245,10.993208957834433,1133.1209208565422,20.784548680630238,1.7974148446802989
9947,223.46442361015684,16.19818313268821,1901.7205447937524,34.560797678996096,3.321083024279484
9948,55.366121741929206,2.2132166862869047,465.11814297338634,9.306062261782277,0.25552934829450225
9949,366.7407093598917,21.64211448694163,3092.097005235367,58.21617362796514,2.7553627224369155
9950,61.94218800274441,3.9119630297348493,527.9645140366895,9.717785079811057,0.7163223654726489
9951,55.064042108774075,1.7548440341916027,456.4222692243212,8.71109693988252,1.6949366092610756
9952,221.45644859461558,13.462460281082377,1869.3282038988204,35.114161698299164,2.5241414514928966
9953,30.632509814523765,4.192195600450457,269.0944953632883,4.997127037195603,1.0136466062225082
9954,249.86789116178704,16.027865056703092,2114.475463232566,40.648073061549454,2.660048947017539
9955,203.1913812962222,13.968614316382522,1728.8226542582054,32.40176266390477,2.8027485772964797
9956,227.8397229452545,16.226339501451292,1937.5442249754794,35.56100736906906,3.457870887442972
9957,25.475317652187005,0.2157398510409525,209.04027888455016,3.776607766869471,0.5152436865754719
9958,337.53900995153185,24.878701553594933,2875.100262413238,53.33811030952315,3.8136329057070757
9959,152.55310753027376,11.62905630994791,1303.3169308125075,24.154003511182353,1.8951311708907306
9960,105.54375219180992,7.417212653356298,902.7259152844911,16.425364212662526,1.6255056524925644
9961,100.89852323399262,7.152623799006929,858.8206624466176,15.127198614051904,1.9497344087111612
9962,14.703235335184441,0.1400650468813609,122.64454261816765,1.4106717142699956,1.5194638212088045
9963,31.612163578055878,1.3811891638602916,262.78874390369566,3.457593453146377,1.6157858764974549
9964,284.0552034591105,19.36699324910457,2412.9080276795944,44.99213475358703,3.078800030638654
9965,165.2512415901702,12.804499726119847,1410.8322313828824,26.34773185800276,0.947829508320011
9966,300.3798596645391,20.486165094591033,2555.0468000929022,47.30846886753715,3.6825674940541315
9967,119.25479238207485,8.120055943409914,1015.3858875512252,18.79224303982103,1.310785494204171
9968,137.06056471501395,10.069201497910823,1166.2180893974573,21.019060221178947,2.080308099966399
9969,-21.799864069694383,-1.1128250448897012,-180.58621354495398,-3.299567681583187,0.36648945651526565
9970,324.9155629090337,22.189673316502727,2763.084699126325,51.73841203698213,3.817301504845198
9971,90.60413488194152,4.54091886279987,761.0556475965461,15.277201571606097,0.8538095442268938
9972,253.85247665491676,17.316336058971636,2155.076371786737,39.50404297303389,2.2860612928813517
9973,12.502219708776007,-1.734125234236727,94.2388218536468,1.7564988011793794,0.07312299859243909
9974,165.40567751222753,12.616321986696168,1412.9924779672956,24.77975796852029,2.0881372867467776
9975,4.643563999862079,-0.516333863337519,40.98696963515127,0.7971892549820001,0.31725894171851365
9976,202.50620379420067,14.61802586868707,1729.2351014805633,32.01166217746423,2.487743656468456
9977,220.32367938549987,13.441105283309394,1863.1442746164328,33.76602804427054,3.067834166773088
9978,167.335702896902,11.76379018374227,1419.6356055870185,25.6463050536621,2.977372553422799
9979,-45.49477582337573,-0.7626473083092513,-373.16521427299483,-6.616296367325867,0.8393420382004795
9980,23.363589491938217,0.27739493950253524,188.71119756053693,3.688502418921843,0.19951192817265673
9981,56.74653457435525,3.132934063399299,477.24291100949836,8.013146379848699,0.041043141686779805
9982,224.49174561930968,15.088837433153138,1906.9090787772668,35.23424015475095,2.2126982552108454
9983,251.0926668877547,16.853815768808907,2128.882423161874,40.113767554920294,2.1058729455447263
9984,58.32582592987297,3.687973938187093,496.1823434039424,9.229085541717598,1.161327973349608
9985,69.42630237197945,3.0805243466601677,581.9926343676386,11.059473094651509,1.3892632799647084
9986,273.3486303710024,15.570912391661391,2303.480493278935,42.05308513246084,3.5940884793188626
9987,77.97622341541587,4.479073777398702,656.9970350673894,12.277754215137726,1.5691750979065677
9988,-16.773921393802173,0.2215917639444891,-136.2376536590641,-2.7397888511109354,0.526499396450332
9989,-21.004882841992426,-2.0028171971263866,-181.860356649555,-3.418018461563643,0.8795665356926277
9990,25.49163326640781,0.3840699825797875,206.45039359511958,3.913624470844392,1.4457428000969603
9991,288.3349280448977,17.578104479223246,2439.7056828990258,44.440368897405236,3.9827549417589605
9992,51.37547514213733,3.086077597526411,431.42609799540287,7.9543343463442815,0.30287870018128427
9993,85.5102585973239,6.7315805990570965,729.3091535765535,13.779174579091084,0.498102306240352
9994,130.09822730330876,7.970212616736958,1102.5395736140647,20.6384034896645,2.1537226178853714
9995,47.855854614977346,3.147641672093834,406.3618665318576,7.270265351347757,0.7624879628547299
9996,296.35276480694165,20.053907937317486,2518.3367517148913,46.12807824296557,3.7639669827674833
9997,110.08569596611808,8.704877610738901,940.1192402371166,18.661326149613842,0.030457677306470643
9998,254.95441901220238,15.713496320155311,2159.7659752675354,41.031067296721716,2.9100608389325457
9999,4.852534808421631,1.7684917406745062,46.3697107306969,-0.007436673760761181,1.0022305703093486
